 0.000, 27.34,  4.83
 0.005, 27.37,  4.83
 0.010, 27.40,  4.80
 0.015, 27.43,  4.79
 0.020, 27.50,  4.77
 0.025, 27.52,  4.75
 0.030, 27.57,  4.74
 0.035, 27.63,  4.73
 0.040, 27.66,  4.72
 0.045, 27.73,  4.74
 0.050, 27.76,  4.74
 0.055, 27.82,  4.75
 0.060, 27.85,  4.77
 0.065, 27.87,  4.79
 0.070, 27.93,  4.80
 0.075, 27.95,  4.81
 0.080, 27.97,  4.85
 0.085, 27.97,  4.88
 0.090, 27.99,  4.91
 0.095, 28.00,  4.92
 0.100, 28.03,  4.95
 0.105, 28.04,  4.97
 0.110, 28.05,  5.01
 0.115, 28.05,  5.02
 0.120, 28.03,  5.05
 0.125, 28.03,  5.07
 0.130, 28.03,  5.08
 0.135, 28.03,  5.08
 0.140, 28.04,  5.11
 0.145, 28.02,  5.11
 0.150, 28.01,  5.11
 0.155, 27.99,  5.13
 0.160, 27.97,  5.12
 0.165, 27.96,  5.12
 0.170, 27.95,  5.12
 0.175, 27.93,  5.11
 0.180, 27.91,  5.11
 0.185, 27.85,  5.10
 0.190, 27.84,  5.09
 0.195, 27.80,  5.08
 0.200, 27.75,  5.08
 0.205, 27.73,  5.08
 0.210, 27.69,  5.06
 0.215, 27.63,  5.06
 0.220, 27.58,  5.05
 0.225, 27.52,  5.03
 0.230, 27.47,  5.04
 0.235, 27.40,  5.02
 0.240, 27.33,  5.03
 0.245, 27.26,  5.05
 0.250, 27.20,  5.03
 0.255, 27.10,  5.02
 0.260, 27.04,  5.01
 0.265, 26.98,  5.00
 0.270, 26.89,  5.01
 0.275, 26.83,  5.00
 0.280, 26.75,  5.00
 0.285, 26.67,  5.00
 0.290, 26.60,  5.00
 0.295, 26.53,  5.00
 0.300, 26.45,  5.01
 0.305, 26.36,  5.01
 0.310, 26.28,  5.02
 0.315, 26.21,  5.03
 0.320, 26.13,  5.01
 0.325, 26.06,  5.03
 0.330, 25.99,  5.04
 0.335, 25.90,  5.06
 0.340, 25.87,  5.06
 0.345, 25.78,  5.07
 0.350, 25.73,  5.08
 0.355, 25.67,  5.07
 0.360, 25.64,  5.10
 0.365, 25.60,  5.09
 0.370, 25.55,  5.09
 0.375, 25.51,  5.09
 0.380, 25.48,  5.10
 0.385, 25.44,  5.07
 0.390, 25.40,  5.09
 0.395, 25.36,  5.08
 0.400, 25.33,  5.08
 0.405, 25.29,  5.10
 0.410, 25.24,  5.07
 0.415, 25.21,  5.07
 0.420, 25.15,  5.06
 0.425, 25.12,  5.04
 0.430, 25.09,  5.03
 0.435, 25.05,  5.01
 0.440, 25.03,  5.01
 0.445, 24.99,  5.00
 0.450, 24.98,  4.99
 0.455, 24.97,  4.99
 0.460, 24.95,  4.99
 0.465, 24.94,  4.97
 0.470, 24.92,  4.96
 0.475, 24.92,  4.94
 0.480, 24.91,  4.93
 0.485, 24.91,  4.91
 0.490, 24.93,  4.91
 0.495, 24.93,  4.88
 0.500, 24.96,  4.88
 0.505, 24.96,  4.88
 0.510, 24.96,  4.88
 0.515, 24.98,  4.85
 0.520, 25.01,  4.85
 0.525, 25.00,  4.83
 0.530, 25.02,  4.84
 0.535, 25.04,  4.82
 0.540, 25.06,  4.80
 0.545, 25.10,  4.81
 0.550, 25.10,  4.80
 0.555, 25.14,  4.80
 0.560, 25.16,  4.78
 0.565, 25.19,  4.78
 0.570, 25.21,  4.78
 0.575, 25.24,  4.77
 0.580, 25.28,  4.77
 0.585, 25.29,  4.77
 0.590, 25.34,  4.75
 0.595, 25.36,  4.76
 0.600, 25.40,  4.75
 0.605, 25.43,  4.74
 0.610, 25.47,  4.75
 0.615, 25.52,  4.74
 0.620, 25.56,  4.74
 0.625, 25.60,  4.73
 0.630, 25.66,  4.72
 0.635, 25.69,  4.70
 0.640, 25.75,  4.71
 0.645, 25.79,  4.69
 0.650, 25.84,  4.68
 0.655, 25.89,  4.68
 0.660, 25.94,  4.68
 0.665, 25.99,  4.65
 0.670, 26.02,  4.67
 0.675, 26.07,  4.65
 0.680, 26.11,  4.66
 0.685, 26.17,  4.65
 0.690, 26.20,  4.65
 0.695, 26.23,  4.64
 0.700, 26.27,  4.64
 0.705, 26.30,  4.62
 0.710, 26.32,  4.62
 0.715, 26.34,  4.61
 0.720, 26.35,  4.60
 0.725, 26.37,  4.59
 0.730, 26.36,  4.58
 0.735, 26.36,  4.57
 0.740, 26.37,  4.56
 0.745, 26.34,  4.54
 0.750, 26.32,  4.53
 0.755, 26.32,  4.54
 0.760, 26.29,  4.53
 0.765, 26.27,  4.51
 0.770, 26.23,  4.48
 0.775, 26.22,  4.46
 0.780, 26.20,  4.44
 0.785, 26.16,  4.43
 0.790, 26.13,  4.42
 0.795, 26.11,  4.41
 0.800, 26.08,  4.40
 0.805, 26.06,  4.36
 0.810, 26.04,  4.35
 0.815, 26.02,  4.33
 0.820, 25.97,  4.32
 0.825, 25.96,  4.30
 0.830, 25.95,  4.28
 0.835, 25.91,  4.26
 0.840, 25.89,  4.23
 0.845, 25.88,  4.22
 0.850, 25.87,  4.20
 0.855, 25.86,  4.19
 0.860, 25.84,  4.15
 0.865, 25.83,  4.13
 0.870, 25.82,  4.11
 0.875, 25.80,  4.10
 0.880, 25.78,  4.09
 0.885, 25.77,  4.07
 0.890, 25.77,  4.03
 0.895, 25.78,  4.02
 0.900, 25.78,  3.99
 0.905, 25.77,  3.98
 0.910, 25.77,  3.96
 0.915, 25.78,  3.95
 0.920, 25.79,  3.92
 0.925, 25.82,  3.90
 0.930, 25.83,  3.90
 0.935, 25.84,  3.87
 0.940, 25.87,  3.84
 0.945, 25.89,  3.82
 0.950, 25.93,  3.79
 0.955, 25.94,  3.79
 0.960, 25.99,  3.76
 0.965, 26.01,  3.76
 0.970, 26.06,  3.73
 0.975, 26.10,  3.72
 0.980, 26.15,  3.70
 0.985, 26.20,  3.70
 0.990, 26.26,  3.68
 0.995, 26.30,  3.67
 1.000, 26.37,  3.67
 1.005, 26.41,  3.66
 1.010, 26.48,  3.65
 1.015, 26.53,  3.64
 1.020, 26.59,  3.63
 1.025, 26.65,  3.63
 1.030, 26.70,  3.63
 1.035, 26.75,  3.63
 1.040, 26.81,  3.59
 1.045, 26.87,  3.61
 1.050, 26.92,  3.59
 1.055, 26.98,  3.60
 1.060, 27.04,  3.59
 1.065, 27.10,  3.60
 1.070, 27.17,  3.59
 1.075, 27.21,  3.60
 1.080, 27.28,  3.59
 1.085, 27.35,  3.59
 1.090, 27.42,  3.61
 1.095, 27.48,  3.61
 1.100, 27.53,  3.61
 1.105, 27.60,  3.62
 1.110, 27.64,  3.61
 1.115, 27.72,  3.63
 1.120, 27.75,  3.62
 1.125, 27.81,  3.65
 1.130, 27.85,  3.66
 1.135, 27.88,  3.67
 1.140, 27.93,  3.69
 1.145, 27.97,  3.70
 1.150, 28.00,  3.70
 1.155, 28.05,  3.72
 1.160, 28.08,  3.72
 1.165, 28.12,  3.72
 1.170, 28.15,  3.73
 1.175, 28.17,  3.73
 1.180, 28.19,  3.73
 1.185, 28.20,  3.74
 1.190, 28.21,  3.74
 1.195, 28.21,  3.74
 1.200, 28.20,  3.75
 1.205, 28.20,  3.78
 1.210, 28.18,  3.77
 1.215, 28.18,  3.78
 1.220, 28.16,  3.81
 1.225, 28.14,  3.81
 1.230, 28.10,  3.82
 1.235, 28.08,  3.82
 1.240, 28.07,  3.83
 1.245, 28.02,  3.83
 1.250, 27.97,  3.83
 1.255, 27.95,  3.86
 1.260, 27.91,  3.84
 1.265, 27.85,  3.86
 1.270, 27.83,  3.87
 1.275, 27.77,  3.87
 1.280, 27.73,  3.87
 1.285, 27.67,  3.89
 1.290, 27.63,  3.89
 1.295, 27.58,  3.91
 1.300, 27.54,  3.93
 1.305, 27.48,  3.92
 1.310, 27.43,  3.93
 1.315, 27.40,  3.94
 1.320, 27.34,  3.95
 1.325, 27.30,  3.95
 1.330, 27.24,  3.95
 1.335, 27.19,  3.98
 1.340, 27.17,  4.01
 1.345, 27.10,  4.02
 1.350, 27.05,  4.03
 1.355, 26.99,  4.05
 1.360, 26.96,  4.08
 1.365, 26.91,  4.10
 1.370, 26.87,  4.11
 1.375, 26.83,  4.15
 1.380, 26.79,  4.17
 1.385, 26.75,  4.19
 1.390, 26.73,  4.23
 1.395, 26.69,  4.25
 1.400, 26.66,  4.27
 1.405, 26.65,  4.30
 1.410, 26.63,  4.33
 1.415, 26.62,  4.37
 1.420, 26.60,  4.38
 1.425, 26.58,  4.43
 1.430, 26.57,  4.43
 1.435, 26.55,  4.46
 1.440, 26.53,  4.49
 1.445, 26.51,  4.52
 1.450, 26.48,  4.53
 1.455, 26.46,  4.54
 1.460, 26.44,  4.57
 1.465, 26.43,  4.59
 1.470, 26.40,  4.59
 1.475, 26.40,  4.60
 1.480, 26.37,  4.61
 1.485, 26.36,  4.64
 1.490, 26.34,  4.64
 1.495, 26.33,  4.66
 1.500, 26.33,  4.68
 1.505, 26.30,  4.70
 1.510, 26.31,  4.70
 1.515, 26.31,  4.71
 1.520, 26.31,  4.72
 1.525, 26.30,  4.74
 1.530, 26.30,  4.74
 1.535, 26.28,  4.76
 1.540, 26.30,  4.77
 1.545, 26.31,  4.78
 1.550, 26.33,  4.80
 1.555, 26.34,  4.79
 1.560, 26.36,  4.80
 1.565, 26.39,  4.80
 1.570, 26.42,  4.84
 1.575, 26.44,  4.83
 1.580, 26.46,  4.85
 1.585, 26.49,  4.86
 1.590, 26.53,  4.86
 1.595, 26.53,  4.87
 1.600, 26.57,  4.87
 1.605, 26.59,  4.89
 1.610, 26.63,  4.87
 1.615, 26.65,  4.89
 1.620, 26.67,  4.91
 1.625, 26.69,  4.90
 1.630, 26.73,  4.90
 1.635, 26.75,  4.91
 1.640, 26.77,  4.91
 1.645, 26.77,  4.93
 1.650, 26.81,  4.93
 1.655, 26.82,  4.94
 1.660, 26.84,  4.95
 1.665, 26.87,  4.94
 1.670, 26.89,  4.94
 1.675, 26.91,  4.97
 1.680, 26.94,  4.96
 1.685, 26.96,  4.97
 1.690, 26.98,  4.98
 1.695, 26.98,  4.99
 1.700, 27.02,  4.98
 1.705, 27.02,  5.00
 1.710, 27.05,  5.00
 1.715, 27.05,  4.99
 1.720, 27.07,  5.00
 1.725, 27.07,  4.99
 1.730, 27.08,  5.00
 1.735, 27.09,  5.00
 1.740, 27.09,  5.00
 1.745, 27.08,  5.00
 1.750, 27.07,  4.99
 1.755, 27.08,  5.00
 1.760, 27.07,  4.99
 1.765, 27.05,  4.99
 1.770, 27.05,  4.98
 1.775, 27.03,  4.98
 1.780, 26.99,  4.98
 1.785, 26.99,  4.97
 1.790, 26.96,  4.96
 1.795, 26.94,  4.96
 1.800, 26.89,  4.95
 1.805, 26.88,  4.94
 1.810, 26.85,  4.94
 1.815, 26.80,  4.93
 1.820, 26.77,  4.91
 1.825, 26.75,  4.91
 1.830, 26.70,  4.89
 1.835, 26.67,  4.89
 1.840, 26.63,  4.88
 1.845, 26.59,  4.87
 1.850, 26.57,  4.86
 1.855, 26.53,  4.85
 1.860, 26.49,  4.82
 1.865, 26.47,  4.80
 1.870, 26.43,  4.79
 1.875, 26.39,  4.77
 1.880, 26.36,  4.75
 1.885, 26.33,  4.74
 1.890, 26.30,  4.71
 1.895, 26.27,  4.70
 1.900, 26.23,  4.68
 1.905, 26.21,  4.66
 1.910, 26.19,  4.63
 1.915, 26.16,  4.60
 1.920, 26.14,  4.58
 1.925, 26.14,  4.56
 1.930, 26.11,  4.55
 1.935, 26.10,  4.52
 1.940, 26.09,  4.49
 1.945, 26.08,  4.47
 1.950, 26.05,  4.43
 1.955, 26.08,  4.42
 1.960, 26.07,  4.38
 1.965, 26.06,  4.37
 1.970, 26.06,  4.33
 1.975, 26.06,  4.32
 1.980, 26.08,  4.29
 1.985, 26.09,  4.27
 1.990, 26.12,  4.24
 1.995, 26.14,  4.22
 2.000, 26.16,  4.21
 2.005, 26.20,  4.17
 2.010, 26.23,  4.14
 2.015, 26.25,  4.14
 2.020, 26.27,  4.11
 2.025, 26.29,  4.10
 2.030, 26.32,  4.09
 2.035, 26.33,  4.06
 2.040, 26.37,  4.07
 2.045, 26.41,  4.06
 2.050, 26.43,  4.05
 2.055, 26.45,  4.05
 2.060, 26.47,  4.04
 2.065, 26.52,  4.06
 2.070, 26.54,  4.05
 2.075, 26.56,  4.06
 2.080, 26.60,  4.07
 2.085, 26.63,  4.09
 2.090, 26.65,  4.11
 2.095, 26.70,  4.12
 2.100, 26.72,  4.12
 2.105, 26.75,  4.15
 2.110, 26.78,  4.15
 2.115, 26.80,  4.17
 2.120, 26.86,  4.20
 2.125, 26.88,  4.21
 2.130, 26.90,  4.24
 2.135, 26.95,  4.26
 2.140, 26.98,  4.26
 2.145, 27.00,  4.28
 2.150, 27.05,  4.31
 2.155, 27.09,  4.34
 2.160, 27.12,  4.36
 2.165, 27.17,  4.38
 2.170, 27.19,  4.40
 2.175, 27.22,  4.45
 2.180, 27.26,  4.46
 2.185, 27.30,  4.49
 2.190, 27.32,  4.50
 2.195, 27.34,  4.54
 2.200, 27.38,  4.56
 2.205, 27.40,  4.59
 2.210, 27.41,  4.62
 2.215, 27.43,  4.67
 2.220, 27.45,  4.69
 2.225, 27.49,  4.72
 2.230, 27.52,  4.73
 2.235, 27.53,  4.75
 2.240, 27.54,  4.79
 2.245, 27.55,  4.81
 2.250, 27.59,  4.83
 2.255, 27.60,  4.85
 2.260, 27.62,  4.87
 2.265, 27.63,  4.89
 2.270, 27.65,  4.90
 2.275, 27.68,  4.90
 2.280, 27.71,  4.92
 2.285, 27.74,  4.93
 2.290, 27.74,  4.93
 2.295, 27.75,  4.93
 2.300, 27.75,  4.92
 2.305, 27.75,  4.93
 2.310, 27.75,  4.92
 2.315, 27.75,  4.92
 2.320, 27.75,  4.92
 2.325, 27.75,  4.91
 2.330, 27.75,  4.91
 2.335, 27.75,  4.91
 2.340, 27.73,  4.90
 2.345, 27.73,  4.89
 2.350, 27.72,  4.87
 2.355, 27.73,  4.85
 2.360, 27.72,  4.83
 2.365, 27.70,  4.82
 2.370, 27.70,  4.82
 2.375, 27.69,  4.80
 2.380, 27.65,  4.80
 2.385, 27.65,  4.79
 2.390, 27.64,  4.77
 2.395, 27.63,  4.74
 2.400, 27.62,  4.73
 2.405, 27.56,  4.72
 2.410, 27.54,  4.70
 2.415, 27.53,  4.70
 2.420, 27.50,  4.69
 2.425, 27.46,  4.68
 2.430, 27.42,  4.69
 2.435, 27.40,  4.65
 2.440, 27.37,  4.67
 2.445, 27.31,  4.66
 2.450, 27.29,  4.64
 2.455, 27.23,  4.64
 2.460, 27.20,  4.64
 2.465, 27.16,  4.65
 2.470, 27.11,  4.67
 2.475, 27.09,  4.67
 2.480, 27.06,  4.67
 2.485, 27.01,  4.68
 2.490, 26.99,  4.70
 2.495, 26.95,  4.70
 2.500, 26.93,  4.70
 2.505, 26.89,  4.73
 2.510, 26.87,  4.73
 2.515, 26.83,  4.76
 2.520, 26.80,  4.77
 2.525, 26.77,  4.79
 2.530, 26.75,  4.82
 2.535, 26.74,  4.82
 2.540, 26.70,  4.83
 2.545, 26.67,  4.86
 2.550, 26.67,  4.89
 2.555, 26.65,  4.90
 2.560, 26.64,  4.92
 2.565, 26.63,  4.93
 2.570, 26.61,  4.95
 2.575, 26.59,  4.99
 2.580, 26.59,  4.99
 2.585, 26.59,  4.99
 2.590, 26.56,  5.00
 2.595, 26.56,  5.03
 2.600, 26.55,  5.05
 2.605, 26.54,  5.07
 2.610, 26.55,  5.08
 2.615, 26.56,  5.11
 2.620, 26.55,  5.12
 2.625, 26.55,  5.12
 2.630, 26.56,  5.15
 2.635, 26.56,  5.18
 2.640, 26.58,  5.19
 2.645, 26.59,  5.20
 2.650, 26.59,  5.21
 2.655, 26.59,  5.24
 2.660, 26.61,  5.25
 2.665, 26.63,  5.30
 2.670, 26.64,  5.30
 2.675, 26.65,  5.31
 2.680, 26.67,  5.34
 2.685, 26.69,  5.34
 2.690, 26.73,  5.37
 2.695, 26.76,  5.39
 2.700, 26.77,  5.41
 2.705, 26.79,  5.41
 2.710, 26.83,  5.42
 2.715, 26.86,  5.45
 2.720, 26.89,  5.47
 2.725, 26.94,  5.50
 2.730, 26.98,  5.51
 2.735, 27.02,  5.52
 2.740, 27.07,  5.54
 2.745, 27.07,  5.55
 2.750, 27.11,  5.56
 2.755, 27.16,  5.60
 2.760, 27.20,  5.61
 2.765, 27.21,  5.62
 2.770, 27.25,  5.63
 2.775, 27.28,  5.63
 2.780, 27.30,  5.65
 2.785, 27.33,  5.67
 2.790, 27.36,  5.68
 2.795, 27.40,  5.68
 2.800, 27.41,  5.71
 2.805, 27.44,  5.71
 2.810, 27.47,  5.73
 2.815, 27.51,  5.73
 2.820, 27.54,  5.74
 2.825, 27.56,  5.73
 2.830, 27.60,  5.76
 2.835, 27.62,  5.76
 2.840, 27.63,  5.77
 2.845, 27.63,  5.77
 2.850, 27.64,  5.76
 2.855, 27.63,  5.77
 2.860, 27.64,  5.76
 2.865, 27.63,  5.78
 2.870, 27.61,  5.77
 2.875, 27.61,  5.74
 2.880, 27.57,  5.73
 2.885, 27.54,  5.72
 2.890, 27.52,  5.72
 2.895, 27.46,  5.71
 2.900, 27.43,  5.69
 2.905, 27.40,  5.66
 2.910, 27.36,  5.64
 2.915, 27.32,  5.63
 2.920, 27.28,  5.63
 2.925, 27.23,  5.60
 2.930, 27.19,  5.58
 2.935, 27.17,  5.54
 2.940, 27.10,  5.53
 2.945, 27.07,  5.51
 2.950, 27.03,  5.48
 2.955, 26.99,  5.44
 2.960, 26.96,  5.42
 2.965, 26.92,  5.40
 2.970, 26.88,  5.40
 2.975, 26.86,  5.37
 2.980, 26.83,  5.34
 2.985, 26.79,  5.31
 2.990, 26.76,  5.30
 2.995, 26.75,  5.29
 3.000, 26.73,  5.26
 3.005, 26.70,  5.24
 3.010, 26.69,  5.20
 3.015, 26.67,  5.20
 3.020, 26.65,  5.18
 3.025, 26.65,  5.17
 3.030, 26.66,  5.14
 3.035, 26.64,  5.13
 3.040, 26.63,  5.11
 3.045, 26.63,  5.08
 3.050, 26.63,  5.08
 3.055, 26.64,  5.07
 3.060, 26.65,  5.05
 3.065, 26.65,  5.03
 3.070, 26.66,  5.01
 3.075, 26.67,  4.99
 3.080, 26.67,  4.98
 3.085, 26.69,  4.97
 3.090, 26.71,  4.94
 3.095, 26.73,  4.93
 3.100, 26.75,  4.93
 3.105, 26.76,  4.91
 3.110, 26.77,  4.90
 3.115, 26.78,  4.89
 3.120, 26.81,  4.88
 3.125, 26.85,  4.87
 3.130, 26.85,  4.87
 3.135, 26.87,  4.84
 3.140, 26.88,  4.83
 3.145, 26.91,  4.81
 3.150, 26.93,  4.82
 3.155, 26.96,  4.81
 3.160, 26.98,  4.79
 3.165, 27.00,  4.79
 3.170, 27.04,  4.77
 3.175, 27.08,  4.78
 3.180, 27.10,  4.78
 3.185, 27.15,  4.76
 3.190, 27.19,  4.76
 3.195, 27.21,  4.78
 3.200, 27.26,  4.77
 3.205, 27.30,  4.77
 3.210, 27.32,  4.79
 3.215, 27.38,  4.79
 3.220, 27.41,  4.78
 3.225, 27.46,  4.80
 3.230, 27.51,  4.80
 3.235, 27.54,  4.79
 3.240, 27.61,  4.81
 3.245, 27.64,  4.81
 3.250, 27.68,  4.81
 3.255, 27.73,  4.81
 3.260, 27.75,  4.81
 3.265, 27.78,  4.82
 3.270, 27.83,  4.82
 3.275, 27.85,  4.82
 3.280, 27.88,  4.81
 3.285, 27.89,  4.81
 3.290, 27.93,  4.82
 3.295, 27.95,  4.80
 3.300, 27.98,  4.80
 3.305, 28.02,  4.78
 3.310, 28.06,  4.78
 3.315, 28.07,  4.77
 3.320, 28.13,  4.73
 3.325, 28.17,  4.73
 3.330, 28.19,  4.71
 3.335, 28.23,  4.70
 3.340, 28.27,  4.68
 3.345, 28.29,  4.68
 3.350, 28.31,  4.66
 3.355, 28.35,  4.64
 3.360, 28.36,  4.64
 3.365, 28.38,  4.64
 3.370, 28.37,  4.64
 3.375, 28.37,  4.64
 3.380, 28.36,  4.64
 3.385, 28.33,  4.66
 3.390, 28.29,  4.67
 3.395, 28.27,  4.68
 3.400, 28.25,  4.70
 3.405, 28.20,  4.71
 3.410, 28.17,  4.72
 3.415, 28.12,  4.72
 3.420, 28.07,  4.74
 3.425, 28.05,  4.74
 3.430, 27.98,  4.76
 3.435, 27.96,  4.76
 3.440, 27.93,  4.77
 3.445, 27.86,  4.79
 3.450, 27.84,  4.80
 3.455, 27.80,  4.80
 3.460, 27.76,  4.80
 3.465, 27.73,  4.80
 3.470, 27.69,  4.82
 3.475, 27.65,  4.81
 3.480, 27.61,  4.83
 3.485, 27.57,  4.82
 3.490, 27.53,  4.82
 3.495, 27.47,  4.82
 3.500, 27.42,  4.85
 3.505, 27.38,  4.85
 3.510, 27.30,  4.86
 3.515, 27.27,  4.88
 3.520, 27.21,  4.89
 3.525, 27.17,  4.90
 3.530, 27.11,  4.92
 3.535, 27.07,  4.93
 3.540, 27.01,  4.94
 3.545, 26.98,  4.95
 3.550, 26.96,  4.97
 3.555, 26.93,  4.98
 3.560, 26.89,  5.00
 3.565, 26.86,  5.00
 3.570, 26.85,  5.02
 3.575, 26.82,  5.04
 3.580, 26.80,  5.05
 3.585, 26.77,  5.07
 3.590, 26.76,  5.10
 3.595, 26.74,  5.09
 3.600, 26.73,  5.11
 3.605, 26.70,  5.13
 3.610, 26.68,  5.14
 3.615, 26.66,  5.14
 3.620, 26.65,  5.17
 3.625, 26.65,  5.17
 3.630, 26.64,  5.19
 3.635, 26.63,  5.19
 3.640, 26.63,  5.20
 3.645, 26.60,  5.21
 3.650, 26.62,  5.24
 3.655, 26.61,  5.25
 3.660, 26.62,  5.26
 3.665, 26.63,  5.28
 3.670, 26.63,  5.30
 3.675, 26.63,  5.30
 3.680, 26.63,  5.31
 3.685, 26.65,  5.33
 3.690, 26.66,  5.36
 3.695, 26.66,  5.37
 3.700, 26.68,  5.38
 3.705, 26.71,  5.40
 3.710, 26.74,  5.41
 3.715, 26.75,  5.42
 3.720, 26.78,  5.45
 3.725, 26.81,  5.47
 3.730, 26.85,  5.50
 3.735, 26.87,  5.50
 3.740, 26.90,  5.52
 3.745, 26.96,  5.53
 3.750, 26.98,  5.57
 3.755, 27.02,  5.59
 3.760, 27.08,  5.61
 3.765, 27.10,  5.63
 3.770, 27.17,  5.63
 3.775, 27.20,  5.65
 3.780, 27.23,  5.68
 3.785, 27.29,  5.70
 3.790, 27.32,  5.72
 3.795, 27.38,  5.73
 3.800, 27.42,  5.74
 3.805, 27.46,  5.75
 3.810, 27.51,  5.77
 3.815, 27.55,  5.79
 3.820, 27.62,  5.78
 3.825, 27.66,  5.81
 3.830, 27.71,  5.83
 3.835, 27.75,  5.85
 3.840, 27.78,  5.86
 3.845, 27.85,  5.88
 3.850, 27.87,  5.89
 3.855, 27.92,  5.90
 3.860, 27.96,  5.91
 3.865, 28.02,  5.93
 3.870, 28.05,  5.94
 3.875, 28.08,  5.95
 3.880, 28.11,  5.96
 3.885, 28.17,  5.94
 3.890, 28.18,  5.97
 3.895, 28.20,  5.97
 3.900, 28.22,  5.97
 3.905, 28.24,  5.97
 3.910, 28.28,  5.98
 3.915, 28.29,  5.98
 3.920, 28.28,  5.98
 3.925, 28.29,  5.98
 3.930, 28.28,  5.97
 3.935, 28.27,  5.97
 3.940, 28.26,  5.96
 3.945, 28.23,  5.96
 3.950, 28.21,  5.94
 3.955, 28.20,  5.92
 3.960, 28.18,  5.90
 3.965, 28.16,  5.89
 3.970, 28.14,  5.89
 3.975, 28.09,  5.85
 3.980, 28.08,  5.86
 3.985, 28.07,  5.83
 3.990, 28.06,  5.81
 3.995, 28.03,  5.79
 4.000, 27.99,  5.78
 4.005, 27.97,  5.77
 4.010, 27.97,  5.75
 4.015, 27.95,  5.72
 4.020, 27.95,  5.69
 4.025, 27.93,  5.67
 4.030, 27.92,  5.66
 4.035, 27.91,  5.63
 4.040, 27.90,  5.59
 4.045, 27.88,  5.59
 4.050, 27.87,  5.56
 4.055, 27.87,  5.53
 4.060, 27.86,  5.51
 4.065, 27.87,  5.48
 4.070, 27.86,  5.46
 4.075, 27.85,  5.43
 4.080, 27.86,  5.40
 4.085, 27.86,  5.38
 4.090, 27.87,  5.37
 4.095, 27.87,  5.34
 4.100, 27.87,  5.31
 4.105, 27.90,  5.30
 4.110, 27.91,  5.27
 4.115, 27.92,  5.24
 4.120, 27.94,  5.22
 4.125, 27.96,  5.22
 4.130, 27.96,  5.20
 4.135, 27.97,  5.18
 4.140, 27.99,  5.16
 4.145, 28.03,  5.16
 4.150, 28.04,  5.14
 4.155, 28.06,  5.13
 4.160, 28.08,  5.13
 4.165, 28.13,  5.12
 4.170, 28.16,  5.11
 4.175, 28.18,  5.11
 4.180, 28.24,  5.11
 4.185, 28.27,  5.10
 4.190, 28.29,  5.09
 4.195, 28.36,  5.09
 4.200, 28.39,  5.10
 4.205, 28.45,  5.10
 4.210, 28.49,  5.10
 4.215, 28.52,  5.10
 4.220, 28.59,  5.11
 4.225, 28.61,  5.12
 4.230, 28.68,  5.12
 4.235, 28.72,  5.12
 4.240, 28.78,  5.13
 4.245, 28.83,  5.13
 4.250, 28.89,  5.14
 4.255, 28.94,  5.14
 4.260, 28.98,  5.15
 4.265, 29.04,  5.14
 4.270, 29.09,  5.15
 4.275, 29.14,  5.15
 4.280, 29.20,  5.15
 4.285, 29.25,  5.15
 4.290, 29.30,  5.15
 4.295, 29.36,  5.15
 4.300, 29.42,  5.14
 4.305, 29.49,  5.16
 4.310, 29.54,  5.15
 4.315, 29.60,  5.16
 4.320, 29.66,  5.15
 4.325, 29.72,  5.16
 4.330, 29.79,  5.15
 4.335, 29.84,  5.15
 4.340, 29.92,  5.16
 4.345, 29.96,  5.15
 4.350, 30.02,  5.16
 4.355, 30.06,  5.15
 4.360, 30.11,  5.16
 4.365, 30.14,  5.17
 4.370, 30.18,  5.18
 4.375, 30.23,  5.18
 4.380, 30.25,  5.18
 4.385, 30.28,  5.20
 4.390, 30.30,  5.20
 4.395, 30.34,  5.21
 4.400, 30.35,  5.21
 4.405, 30.36,  5.20
 4.410, 30.36,  5.20
 4.415, 30.37,  5.21
 4.420, 30.37,  5.21
 4.425, 30.38,  5.21
 4.430, 30.38,  5.22
 4.435, 30.37,  5.21
 4.440, 30.37,  5.21
 4.445, 30.36,  5.22
 4.450, 30.36,  5.22
 4.455, 30.36,  5.24
 4.460, 30.35,  5.24
 4.465, 30.34,  5.26
 4.470, 30.32,  5.26
 4.475, 30.32,  5.29
 4.480, 30.29,  5.31
 4.485, 30.29,  5.32
 4.490, 30.25,  5.35
 4.495, 30.25,  5.36
 4.500, 30.21,  5.36
 4.505, 30.18,  5.41
 4.510, 30.14,  5.42
 4.515, 30.12,  5.45
 4.520, 30.08,  5.47
 4.525, 30.04,  5.51
 4.530, 30.01,  5.53
 4.535, 29.97,  5.54
 4.540, 29.92,  5.56
 4.545, 29.88,  5.57
 4.550, 29.84,  5.60
 4.555, 29.81,  5.61
 4.560, 29.74,  5.63
 4.565, 29.71,  5.64
 4.570, 29.67,  5.67
 4.575, 29.61,  5.68
 4.580, 29.57,  5.70
 4.585, 29.54,  5.72
 4.590, 29.49,  5.74
 4.595, 29.45,  5.76
 4.600, 29.38,  5.77
 4.605, 29.34,  5.79
 4.610, 29.29,  5.81
 4.615, 29.26,  5.83
 4.620, 29.18,  5.83
 4.625, 29.15,  5.86
 4.630, 29.09,  5.88
 4.635, 29.05,  5.89
 4.640, 29.00,  5.92
 4.645, 28.95,  5.95
 4.650, 28.91,  5.97
 4.655, 28.86,  6.00
 4.660, 28.83,  6.00
 4.665, 28.79,  6.01
 4.670, 28.75,  6.02
 4.675, 28.73,  6.04
 4.680, 28.71,  6.05
 4.685, 28.67,  6.05
 4.690, 28.62,  6.07
 4.695, 28.61,  6.10
 4.700, 28.59,  6.11
 4.705, 28.55,  6.13
 4.710, 28.54,  6.13
 4.715, 28.53,  6.14
 4.720, 28.50,  6.16
 4.725, 28.49,  6.17
 4.730, 28.48,  6.19
 4.735, 28.46,  6.18
 4.740, 28.44,  6.20
 4.745, 28.41,  6.19
 4.750, 28.39,  6.21
 4.755, 28.39,  6.21
 4.760, 28.37,  6.21
 4.765, 28.35,  6.22
 4.770, 28.33,  6.23
 4.775, 28.32,  6.24
 4.780, 28.30,  6.24
 4.785, 28.28,  6.24
 4.790, 28.28,  6.25
 4.795, 28.27,  6.27
 4.800, 28.27,  6.27
 4.805, 28.24,  6.28
 4.810, 28.26,  6.28
 4.815, 28.23,  6.30
 4.820, 28.22,  6.30
 4.825, 28.22,  6.33
 4.830, 28.22,  6.35
 4.835, 28.22,  6.36
 4.840, 28.21,  6.38
 4.845, 28.24,  6.39
 4.850, 28.24,  6.43
 4.855, 28.25,  6.44
 4.860, 28.26,  6.46
 4.865, 28.27,  6.49
 4.870, 28.28,  6.51
 4.875, 28.28,  6.53
 4.880, 28.29,  6.55
 4.885, 28.30,  6.59
 4.890, 28.31,  6.61
 4.895, 28.32,  6.62
 4.900, 28.35,  6.65
 4.905, 28.34,  6.67
 4.910, 28.37,  6.70
 4.915, 28.38,  6.71
 4.920, 28.39,  6.73
 4.925, 28.39,  6.74
 4.930, 28.39,  6.76
 4.935, 28.42,  6.78
 4.940, 28.43,  6.80
 4.945, 28.45,  6.81
 4.950, 28.47,  6.81
 4.955, 28.48,  6.81
 4.960, 28.49,  6.81
 4.965, 28.49,  6.83
 4.970, 28.51,  6.82
 4.975, 28.52,  6.82
 4.980, 28.54,  6.81
 4.985, 28.56,  6.81
 4.990, 28.58,  6.80
 4.995, 28.60,  6.81
 5.000, 28.63,  6.80
 5.005, 28.64,  6.80
 5.010, 28.66,  6.78
 5.015, 28.70,  6.77
 5.020, 28.72,  6.76
 5.025, 28.73,  6.75
 5.030, 28.76,  6.74
 5.035, 28.80,  6.72
 5.040, 28.83,  6.72
 5.045, 28.85,  6.71
 5.050, 28.86,  6.69
 5.055, 28.87,  6.68
 5.060, 28.89,  6.67
 5.065, 28.90,  6.67
 5.070, 28.92,  6.67
 5.075, 28.93,  6.66
 5.080, 28.93,  6.63
 5.085, 28.93,  6.61
 5.090, 28.91,  6.61
 5.095, 28.91,  6.59
 5.100, 28.90,  6.57
 5.105, 28.89,  6.55
 5.110, 28.86,  6.52
 5.115, 28.85,  6.51
 5.120, 28.83,  6.50
 5.125, 28.82,  6.47
 5.130, 28.78,  6.45
 5.135, 28.78,  6.45
 5.140, 28.74,  6.43
 5.145, 28.72,  6.42
 5.150, 28.70,  6.40
 5.155, 28.65,  6.38
 5.160, 28.63,  6.38
 5.165, 28.61,  6.33
 5.170, 28.59,  6.31
 5.175, 28.55,  6.30
 5.180, 28.53,  6.28
 5.185, 28.50,  6.28
 5.190, 28.49,  6.24
 5.195, 28.44,  6.24
 5.200, 28.42,  6.23
 5.205, 28.40,  6.22
 5.210, 28.38,  6.19
 5.215, 28.37,  6.19
 5.220, 28.34,  6.16
 5.225, 28.32,  6.16
 5.230, 28.31,  6.14
 5.235, 28.29,  6.13
 5.240, 28.29,  6.11
 5.245, 28.28,  6.10
 5.250, 28.28,  6.09
 5.255, 28.28,  6.07
 5.260, 28.28,  6.07
 5.265, 28.27,  6.06
 5.270, 28.26,  6.06
 5.275, 28.27,  6.05
 5.280, 28.27,  6.03
 5.285, 28.28,  6.02
 5.290, 28.27,  6.02
 5.295, 28.27,  6.01
 5.300, 28.27,  6.01
 5.305, 28.27,  6.01
 5.310, 28.27,  5.99
 5.315, 28.28,  5.99
 5.320, 28.28,  5.96
 5.325, 28.28,  5.95
 5.330, 28.28,  5.95
 5.335, 28.28,  5.94
 5.340, 28.27,  5.92
 5.345, 28.30,  5.91
 5.350, 28.29,  5.89
 5.355, 28.29,  5.87
 5.360, 28.31,  5.86
 5.365, 28.33,  5.85
 5.370, 28.34,  5.84
 5.375, 28.38,  5.84
 5.380, 28.39,  5.83
 5.385, 28.41,  5.81
 5.390, 28.42,  5.81
 5.395, 28.46,  5.79
 5.400, 28.49,  5.79
 5.405, 28.50,  5.77
 5.410, 28.54,  5.75
 5.415, 28.57,  5.74
 5.420, 28.60,  5.73
 5.425, 28.64,  5.71
 5.430, 28.66,  5.70
 5.435, 28.71,  5.67
 5.440, 28.73,  5.65
 5.445, 28.79,  5.64
 5.450, 28.84,  5.60
 5.455, 28.88,  5.59
 5.460, 28.92,  5.58
 5.465, 28.97,  5.57
 5.470, 29.04,  5.54
 5.475, 29.08,  5.52
 5.480, 29.15,  5.50
 5.485, 29.19,  5.49
 5.490, 29.26,  5.46
 5.495, 29.33,  5.44
 5.500, 29.38,  5.41
 5.505, 29.47,  5.39
 5.510, 29.51,  5.37
 5.515, 29.58,  5.36
 5.520, 29.65,  5.35
 5.525, 29.71,  5.31
 5.530, 29.78,  5.28
 5.535, 29.85,  5.28
 5.540, 29.92,  5.26
 5.545, 29.99,  5.25
 5.550, 30.04,  5.24
 5.555, 30.09,  5.22
 5.560, 30.15,  5.20
 5.565, 30.20,  5.19
 5.570, 30.26,  5.20
 5.575, 30.29,  5.18
 5.580, 30.35,  5.20
 5.585, 30.37,  5.19
 5.590, 30.40,  5.18
 5.595, 30.44,  5.20
 5.600, 30.45,  5.20
 5.605, 30.45,  5.20
 5.610, 30.46,  5.20
 5.615, 30.45,  5.20
 5.620, 30.44,  5.22
 5.625, 30.40,  5.23
 5.630, 30.38,  5.23
 5.635, 30.35,  5.26
 5.640, 30.31,  5.27
 5.645, 30.25,  5.28
 5.650, 30.22,  5.28
 5.655, 30.18,  5.31
 5.660, 30.14,  5.33
 5.665, 30.09,  5.35
 5.670, 30.04,  5.35
 5.675, 30.03,  5.37
 5.680, 29.99,  5.36
 5.685, 29.95,  5.40
 5.690, 29.93,  5.40
 5.695, 29.91,  5.41
 5.700, 29.86,  5.42
 5.705, 29.82,  5.42
 5.710, 29.80,  5.43
 5.715, 29.75,  5.43
 5.720, 29.70,  5.44
 5.725, 29.66,  5.46
 5.730, 29.60,  5.45
 5.735, 29.57,  5.47
 5.740, 29.52,  5.48
 5.745, 29.48,  5.50
 5.750, 29.42,  5.51
 5.755, 29.38,  5.53
 5.760, 29.32,  5.54
 5.765, 29.27,  5.54
 5.770, 29.22,  5.56
 5.775, 29.16,  5.58
 5.780, 29.11,  5.58
 5.785, 29.07,  5.60
 5.790, 29.01,  5.64
 5.795, 28.95,  5.66
 5.800, 28.91,  5.68
 5.805, 28.86,  5.70
 5.810, 28.83,  5.73
 5.815, 28.78,  5.76
 5.820, 28.73,  5.78
 5.825, 28.70,  5.80
 5.830, 28.66,  5.82
 5.835, 28.64,  5.84
 5.840, 28.61,  5.88
 5.845, 28.58,  5.88
 5.850, 28.54,  5.92
 5.855, 28.51,  5.96
 5.860, 28.49,  5.98
 5.865, 28.45,  6.00
 5.870, 28.42,  6.01
 5.875, 28.39,  6.03
 5.880, 28.38,  6.05
 5.885, 28.32,  6.08
 5.890, 28.30,  6.10
 5.895, 28.28,  6.10
 5.900, 28.26,  6.13
 5.905, 28.23,  6.16
 5.910, 28.19,  6.18
 5.915, 28.18,  6.21
 5.920, 28.16,  6.21
 5.925, 28.15,  6.23
 5.930, 28.12,  6.24
 5.935, 28.10,  6.25
 5.940, 28.07,  6.27
 5.945, 28.06,  6.29
 5.950, 28.03,  6.30
 5.955, 28.00,  6.32
 5.960, 27.98,  6.34
 5.965, 27.96,  6.34
 5.970, 27.96,  6.37
 5.975, 27.94,  6.37
 5.980, 27.92,  6.38
 5.985, 27.91,  6.38
 5.990, 27.88,  6.40
 5.995, 27.85,  6.41
 6.000, 27.85,  6.44
 6.005, 27.85,  6.44
 6.010, 27.84,  6.44
 6.015, 27.84,  6.45
 6.020, 27.84,  6.46
 6.025, 27.83,  6.45
 6.030, 27.83,  6.49
 6.035, 27.83,  6.48
 6.040, 27.83,  6.49
 6.045, 27.83,  6.50
 6.050, 27.84,  6.50
 6.055, 27.84,  6.50
 6.060, 27.84,  6.51
 6.065, 27.85,  6.52
 6.070, 27.85,  6.52
 6.075, 27.85,  6.52
 6.080, 27.86,  6.51
 6.085, 27.89,  6.52
 6.090, 27.93,  6.54
 6.095, 27.94,  6.53
 6.100, 27.96,  6.54
 6.105, 27.97,  6.55
 6.110, 28.01,  6.54
 6.115, 28.06,  6.55
 6.120, 28.07,  6.54
 6.125, 28.10,  6.54
 6.130, 28.15,  6.53
 6.135, 28.17,  6.54
 6.140, 28.21,  6.53
 6.145, 28.26,  6.53
 6.150, 28.28,  6.54
 6.155, 28.32,  6.54
 6.160, 28.37,  6.53
 6.165, 28.40,  6.53
 6.170, 28.44,  6.53
 6.175, 28.49,  6.53
 6.180, 28.51,  6.52
 6.185, 28.54,  6.52
 6.190, 28.59,  6.51
 6.195, 28.62,  6.52
 6.200, 28.64,  6.52
 6.205, 28.69,  6.49
 6.210, 28.71,  6.50
 6.215, 28.73,  6.50
 6.220, 28.74,  6.48
 6.225, 28.78,  6.45
 6.230, 28.79,  6.47
 6.235, 28.80,  6.46
 6.240, 28.81,  6.45
 6.245, 28.81,  6.45
 6.250, 28.81,  6.45
 6.255, 28.82,  6.44
 6.260, 28.82,  6.44
 6.265, 28.80,  6.43
 6.270, 28.78,  6.44
 6.275, 28.77,  6.43
 6.280, 28.73,  6.42
 6.285, 28.73,  6.40
 6.290, 28.68,  6.39
 6.295, 28.65,  6.38
 6.300, 28.62,  6.38
 6.305, 28.59,  6.36
 6.310, 28.56,  6.34
 6.315, 28.51,  6.31
 6.320, 28.48,  6.31
 6.325, 28.42,  6.30
 6.330, 28.39,  6.29
 6.335, 28.33,  6.27
 6.340, 28.29,  6.25
 6.345, 28.24,  6.22
 6.350, 28.18,  6.21
 6.355, 28.16,  6.20
 6.360, 28.09,  6.19
 6.365, 28.07,  6.18
 6.370, 28.02,  6.16
 6.375, 27.98,  6.13
 6.380, 27.95,  6.12
 6.385, 27.93,  6.10
 6.390, 27.87,  6.08
 6.395, 27.86,  6.07
 6.400, 27.84,  6.06
 6.405, 27.78,  6.04
 6.410, 27.76,  6.03
 6.415, 27.74,  6.00
 6.420, 27.72,  5.99
 6.425, 27.71,  5.98
 6.430, 27.70,  5.95
 6.435, 27.68,  5.94
 6.440, 27.66,  5.92
 6.445, 27.65,  5.90
 6.450, 27.63,  5.88
 6.455, 27.63,  5.87
 6.460, 27.64,  5.85
 6.465, 27.63,  5.83
 6.470, 27.64,  5.81
 6.475, 27.63,  5.80
 6.480, 27.64,  5.79
 6.485, 27.64,  5.78
 6.490, 27.65,  5.77
 6.495, 27.66,  5.75
 6.500, 27.68,  5.75
 6.505, 27.72,  5.74
 6.510, 27.73,  5.73
 6.515, 27.73,  5.72
 6.520, 27.76,  5.71
 6.525, 27.77,  5.70
 6.530, 27.80,  5.71
 6.535, 27.83,  5.69
 6.540, 27.86,  5.69
 6.545, 27.88,  5.69
 6.550, 27.90,  5.69
 6.555, 27.94,  5.70
 6.560, 27.97,  5.70
 6.565, 27.98,  5.70
 6.570, 28.01,  5.70
 6.575, 28.04,  5.69
 6.580, 28.06,  5.70
 6.585, 28.08,  5.70
 6.590, 28.09,  5.70
 6.595, 28.11,  5.71
 6.600, 28.13,  5.73
 6.605, 28.15,  5.75
 6.610, 28.16,  5.76
 6.615, 28.18,  5.76
 6.620, 28.19,  5.78
 6.625, 28.21,  5.79
 6.630, 28.21,  5.79
 6.635, 28.24,  5.80
 6.640, 28.24,  5.80
 6.645, 28.27,  5.82
 6.650, 28.28,  5.83
 6.655, 28.28,  5.85
 6.660, 28.28,  5.89
 6.665, 28.28,  5.89
 6.670, 28.29,  5.90
 6.675, 28.30,  5.91
 6.680, 28.31,  5.92
 6.685, 28.31,  5.94
 6.690, 28.34,  5.96
 6.695, 28.35,  5.97
 6.700, 28.36,  5.98
 6.705, 28.38,  5.99
 6.710, 28.39,  5.99
 6.715, 28.39,  5.99
 6.720, 28.43,  6.00
 6.725, 28.46,  6.00
 6.730, 28.49,  5.99
 6.735, 28.50,  5.99
 6.740, 28.52,  5.99
 6.745, 28.56,  5.97
 6.750, 28.58,  5.97
 6.755, 28.60,  5.97
 6.760, 28.62,  5.94
 6.765, 28.63,  5.93
 6.770, 28.65,  5.91
 6.775, 28.66,  5.93
 6.780, 28.66,  5.92
 6.785, 28.66,  5.90
 6.790, 28.65,  5.91
 6.795, 28.63,  5.91
 6.800, 28.61,  5.93
 6.805, 28.58,  5.94
 6.810, 28.56,  5.95
 6.815, 28.51,  5.98
 6.820, 28.49,  6.00
 6.825, 28.46,  6.02
 6.830, 28.41,  6.02
 6.835, 28.39,  6.04
 6.840, 28.33,  6.06
 6.845, 28.29,  6.07
 6.850, 28.24,  6.06
 6.855, 28.18,  6.08
 6.860, 28.16,  6.08
 6.865, 28.08,  6.07
 6.870, 28.06,  6.07
 6.875, 27.99,  6.06
 6.880, 27.96,  6.06
 6.885, 27.91,  6.05
 6.890, 27.86,  6.06
 6.895, 27.83,  6.06
 6.900, 27.76,  6.06
 6.905, 27.75,  6.07
 6.910, 27.70,  6.06
 6.915, 27.64,  6.08
 6.920, 27.63,  6.08
 6.925, 27.58,  6.09
 6.930, 27.53,  6.10
 6.935, 27.51,  6.11
 6.940, 27.45,  6.13
 6.945, 27.42,  6.13
 6.950, 27.37,  6.15
 6.955, 27.30,  6.17
 6.960, 27.27,  6.19
 6.965, 27.21,  6.22
 6.970, 27.20,  6.23
 6.975, 27.14,  6.25
 6.980, 27.11,  6.27
 6.985, 27.09,  6.28
 6.990, 27.07,  6.31
 6.995, 27.04,  6.33
 7.000, 27.01,  6.35
 7.005, 26.99,  6.37
 7.010, 26.98,  6.40
 7.015, 26.96,  6.42
 7.020, 26.96,  6.43
 7.025, 26.90,  6.45
 7.030, 26.89,  6.46
 7.035, 26.87,  6.49
 7.040, 26.86,  6.51
 7.045, 26.82,  6.54
 7.050, 26.79,  6.55
 7.055, 26.78,  6.55
 7.060, 26.76,  6.58
 7.065, 26.75,  6.60
 7.070, 26.74,  6.61
 7.075, 26.73,  6.62
 7.080, 26.71,  6.62
 7.085, 26.67,  6.65
 7.090, 26.67,  6.65
 7.095, 26.67,  6.64
 7.100, 26.65,  6.65
 7.105, 26.65,  6.65
 7.110, 26.64,  6.65
 7.115, 26.64,  6.65
 7.120, 26.63,  6.64
 7.125, 26.63,  6.65
 7.130, 26.63,  6.64
 7.135, 26.63,  6.64
 7.140, 26.63,  6.63
 7.145, 26.64,  6.63
 7.150, 26.64,  6.63
 7.155, 26.66,  6.63
 7.160, 26.66,  6.63
 7.165, 26.67,  6.62
 7.170, 26.70,  6.60
 7.175, 26.72,  6.60
 7.180, 26.74,  6.61
 7.185, 26.76,  6.59
 7.190, 26.77,  6.58
 7.195, 26.78,  6.57
 7.200, 26.79,  6.57
 7.205, 26.82,  6.54
 7.210, 26.85,  6.53
 7.215, 26.87,  6.53
 7.220, 26.88,  6.52
 7.225, 26.90,  6.52
 7.230, 26.93,  6.52
 7.235, 26.97,  6.52
 7.240, 26.99,  6.51
 7.245, 27.00,  6.50
 7.250, 27.04,  6.48
 7.255, 27.08,  6.48
 7.260, 27.09,  6.47
 7.265, 27.11,  6.47
 7.270, 27.14,  6.46
 7.275, 27.18,  6.46
 7.280, 27.20,  6.46
 7.285, 27.22,  6.46
 7.290, 27.26,  6.45
 7.295, 27.30,  6.46
 7.300, 27.32,  6.47
 7.305, 27.33,  6.46
 7.310, 27.39,  6.46
 7.315, 27.41,  6.46
 7.320, 27.43,  6.48
 7.325, 27.45,  6.47
 7.330, 27.49,  6.48
 7.335, 27.52,  6.49
 7.340, 27.54,  6.50
 7.345, 27.55,  6.49
 7.350, 27.59,  6.50
 7.355, 27.62,  6.50
 7.360, 27.64,  6.52
 7.365, 27.65,  6.51
 7.370, 27.67,  6.50
 7.375, 27.69,  6.53
 7.380, 27.71,  6.53
 7.385, 27.73,  6.54
 7.390, 27.74,  6.54
 7.395, 27.74,  6.54
 7.400, 27.74,  6.54
 7.405, 27.74,  6.54
 7.410, 27.74,  6.54
 7.415, 27.74,  6.54
 7.420, 27.73,  6.55
 7.425, 27.71,  6.56
 7.430, 27.69,  6.56
 7.435, 27.67,  6.56
 7.440, 27.65,  6.56
 7.445, 27.64,  6.55
 7.450, 27.62,  6.55
 7.455, 27.60,  6.53
 7.460, 27.56,  6.55
 7.465, 27.52,  6.53
 7.470, 27.51,  6.53
 7.475, 27.45,  6.51
 7.480, 27.43,  6.50
 7.485, 27.40,  6.47
 7.490, 27.34,  6.45
 7.495, 27.32,  6.44
 7.500, 27.30,  6.43
 7.505, 27.23,  6.39
 7.510, 27.21,  6.37
 7.515, 27.18,  6.34
 7.520, 27.14,  6.33
 7.525, 27.10,  6.29
 7.530, 27.09,  6.26
 7.535, 27.02,  6.23
 7.540, 26.99,  6.22
 7.545, 26.97,  6.17
 7.550, 26.96,  6.13
 7.555, 26.92,  6.10
 7.560, 26.89,  6.07
 7.565, 26.88,  6.02
 7.570, 26.85,  5.99
 7.575, 26.85,  5.96
 7.580, 26.82,  5.89
 7.585, 26.82,  5.88
 7.590, 26.79,  5.82
 7.595, 26.78,  5.79
 7.600, 26.78,  5.76
 7.605, 26.78,  5.71
 7.610, 26.77,  5.67
 7.615, 26.77,  5.62
 7.620, 26.77,  5.58
 7.625, 26.78,  5.55
 7.630, 26.79,  5.49
 7.635, 26.78,  5.46
 7.640, 26.79,  5.42
 7.645, 26.81,  5.38
 7.650, 26.83,  5.34
 7.655, 26.85,  5.30
 7.660, 26.86,  5.25
 7.665, 26.87,  5.22
 7.670, 26.88,  5.20
 7.675, 26.89,  5.15
 7.680, 26.91,  5.13
 7.685, 26.95,  5.10
 7.690, 26.97,  5.06
 7.695, 26.98,  5.04
 7.700, 26.99,  5.02
 7.705, 27.04,  4.98
 7.710, 27.07,  4.97
 7.715, 27.09,  4.94
 7.720, 27.11,  4.93
 7.725, 27.15,  4.92
 7.730, 27.18,  4.90
 7.735, 27.21,  4.90
 7.740, 27.26,  4.88
 7.745, 27.28,  4.89
 7.750, 27.31,  4.89
 7.755, 27.38,  4.88
 7.760, 27.40,  4.88
 7.765, 27.44,  4.89
 7.770, 27.50,  4.88
 7.775, 27.52,  4.90
 7.780, 27.54,  4.90
 7.785, 27.60,  4.92
 7.790, 27.64,  4.94
 7.795, 27.67,  4.95
 7.800, 27.73,  4.98
 7.805, 27.75,  5.00
 7.810, 27.78,  5.02
 7.815, 27.83,  5.05
 7.820, 27.86,  5.08
 7.825, 27.89,  5.11
 7.830, 27.95,  5.13
 7.835, 27.98,  5.15
 7.840, 28.03,  5.17
 7.845, 28.07,  5.21
 7.850, 28.08,  5.22
 7.855, 28.15,  5.24
 7.860, 28.19,  5.27
 7.865, 28.23,  5.28
 7.870, 28.28,  5.30
 7.875, 28.33,  5.32
 7.880, 28.40,  5.33
 7.885, 28.45,  5.35
 7.890, 28.50,  5.35
 7.895, 28.56,  5.36
 7.900, 28.62,  5.39
 7.905, 28.65,  5.40
 7.910, 28.73,  5.43
 7.915, 28.76,  5.45
 7.920, 28.82,  5.45
 7.925, 28.86,  5.49
 7.930, 28.91,  5.49
 7.935, 28.95,  5.52
 7.940, 28.98,  5.52
 7.945, 29.01,  5.55
 7.950, 29.05,  5.55
 7.955, 29.09,  5.57
 7.960, 29.12,  5.58
 7.965, 29.15,  5.58
 7.970, 29.19,  5.57
 7.975, 29.22,  5.59
 7.980, 29.25,  5.60
 7.985, 29.28,  5.62
 7.990, 29.29,  5.62
 7.995, 29.32,  5.61
 8.000, 29.35,  5.63
 8.005, 29.38,  5.63
 8.010, 29.38,  5.63
 8.015, 29.39,  5.62
 8.020, 29.39,  5.63
 8.025, 29.39,  5.62
 8.030, 29.39,  5.63
 8.035, 29.39,  5.62
 8.040, 29.38,  5.63
 8.045, 29.38,  5.63
 8.050, 29.36,  5.62
 8.055, 29.36,  5.61
 8.060, 29.33,  5.61
 8.065, 29.30,  5.62
 8.070, 29.28,  5.62
 8.075, 29.26,  5.61
 8.080, 29.25,  5.60
 8.085, 29.20,  5.60
 8.090, 29.18,  5.59
 8.095, 29.14,  5.58
 8.100, 29.11,  5.58
 8.105, 29.07,  5.58
 8.110, 29.04,  5.58
 8.115, 29.01,  5.58
 8.120, 28.96,  5.58
 8.125, 28.94,  5.58
 8.130, 28.89,  5.58
 8.135, 28.86,  5.58
 8.140, 28.83,  5.58
 8.145, 28.79,  5.58
 8.150, 28.74,  5.59
 8.155, 28.73,  5.59
 8.160, 28.68,  5.59
 8.165, 28.63,  5.60
 8.170, 28.62,  5.62
 8.175, 28.57,  5.63
 8.180, 28.52,  5.65
 8.185, 28.50,  5.67
 8.190, 28.48,  5.68
 8.195, 28.44,  5.70
 8.200, 28.41,  5.71
 8.205, 28.39,  5.73
 8.210, 28.37,  5.76
 8.215, 28.35,  5.78
 8.220, 28.32,  5.79
 8.225, 28.31,  5.81
 8.230, 28.30,  5.80
 8.235, 28.30,  5.83
 8.240, 28.30,  5.83
 8.245, 28.29,  5.87
 8.250, 28.28,  5.87
 8.255, 28.28,  5.88
 8.260, 28.26,  5.90
 8.265, 28.25,  5.91
 8.270, 28.24,  5.93
 8.275, 28.24,  5.95
 8.280, 28.22,  5.96
 8.285, 28.21,  5.98
 8.290, 28.21,  6.01
 8.295, 28.20,  6.01
 8.300, 28.21,  6.02
 8.305, 28.21,  6.03
 8.310, 28.20,  6.04
 8.315, 28.20,  6.05
 8.320, 28.19,  6.08
 8.325, 28.18,  6.08
 8.330, 28.18,  6.10
 8.335, 28.17,  6.10
 8.340, 28.18,  6.11
 8.345, 28.17,  6.14
 8.350, 28.16,  6.15
 8.355, 28.16,  6.17
 8.360, 28.16,  6.19
 8.365, 28.15,  6.20
 8.370, 28.16,  6.20
 8.375, 28.14,  6.22
 8.380, 28.15,  6.22
 8.385, 28.16,  6.24
 8.390, 28.16,  6.24
 8.395, 28.17,  6.25
 8.400, 28.19,  6.25
 8.405, 28.19,  6.27
 8.410, 28.20,  6.26
 8.415, 28.21,  6.27
 8.420, 28.24,  6.29
 8.425, 28.26,  6.30
 8.430, 28.28,  6.31
 8.435, 28.29,  6.31
 8.440, 28.29,  6.31
 8.445, 28.30,  6.30
 8.450, 28.31,  6.31
 8.455, 28.36,  6.32
 8.460, 28.37,  6.33
 8.465, 28.39,  6.32
 8.470, 28.40,  6.31
 8.475, 28.42,  6.33
 8.480, 28.45,  6.33
 8.485, 28.48,  6.34
 8.490, 28.50,  6.32
 8.495, 28.50,  6.33
 8.500, 28.54,  6.34
 8.505, 28.57,  6.34
 8.510, 28.59,  6.33
 8.515, 28.61,  6.32
 8.520, 28.63,  6.34
 8.525, 28.66,  6.34
 8.530, 28.69,  6.34
 8.535, 28.71,  6.35
 8.540, 28.73,  6.35
 8.545, 28.76,  6.35
 8.550, 28.79,  6.36
 8.555, 28.82,  6.36
 8.560, 28.83,  6.37
 8.565, 28.85,  6.38
 8.570, 28.87,  6.38
 8.575, 28.90,  6.38
 8.580, 28.89,  6.39
 8.585, 28.89,  6.39
 8.590, 28.93,  6.39
 8.595, 28.93,  6.39
 8.600, 28.93,  6.39
 8.605, 28.93,  6.39
 8.610, 28.90,  6.38
 8.615, 28.89,  6.39
 8.620, 28.89,  6.38
 8.625, 28.89,  6.39
 8.630, 28.85,  6.38
 8.635, 28.83,  6.37
 8.640, 28.80,  6.36
 8.645, 28.78,  6.37
 8.650, 28.73,  6.35
 8.655, 28.70,  6.34
 8.660, 28.66,  6.34
 8.665, 28.61,  6.32
 8.670, 28.57,  6.33
 8.675, 28.52,  6.31
 8.680, 28.48,  6.31
 8.685, 28.41,  6.31
 8.690, 28.40,  6.31
 8.695, 28.31,  6.29
 8.700, 28.29,  6.26
 8.705, 28.22,  6.26
 8.710, 28.17,  6.24
 8.715, 28.12,  6.23
 8.720, 28.07,  6.21
 8.725, 28.02,  6.22
 8.730, 27.97,  6.19
 8.735, 27.91,  6.18
 8.740, 27.86,  6.17
 8.745, 27.83,  6.16
 8.750, 27.78,  6.14
 8.755, 27.74,  6.12
 8.760, 27.71,  6.10
 8.765, 27.65,  6.09
 8.770, 27.63,  6.09
 8.775, 27.62,  6.06
 8.780, 27.56,  6.05
 8.785, 27.54,  6.04
 8.790, 27.53,  6.02
 8.795, 27.52,  6.01
 8.800, 27.50,  6.01
 8.805, 27.51,  5.99
 8.810, 27.48,  5.98
 8.815, 27.44,  5.97
 8.820, 27.44,  5.96
 8.825, 27.43,  5.96
 8.830, 27.42,  5.93
 8.835, 27.43,  5.91
 8.840, 27.42,  5.90
 8.845, 27.42,  5.88
 8.850, 27.41,  5.88
 8.855, 27.43,  5.85
 8.860, 27.42,  5.84
 8.865, 27.43,  5.83
 8.870, 27.43,  5.81
 8.875, 27.44,  5.80
 8.880, 27.45,  5.78
 8.885, 27.48,  5.77
 8.890, 27.50,  5.76
 8.895, 27.51,  5.73
 8.900, 27.54,  5.71
 8.905, 27.56,  5.70
 8.910, 27.59,  5.68
 8.915, 27.63,  5.66
 8.920, 27.64,  5.64
 8.925, 27.70,  5.63
 8.930, 27.75,  5.61
 8.935, 27.77,  5.60
 8.940, 27.84,  5.59
 8.945, 27.87,  5.59
 8.950, 27.94,  5.58
 8.955, 27.97,  5.58
 8.960, 28.02,  5.57
 8.965, 28.07,  5.55
 8.970, 28.13,  5.57
 8.975, 28.17,  5.57
 8.980, 28.21,  5.57
 8.985, 28.26,  5.58
 8.990, 28.30,  5.60
 8.995, 28.32,  5.61
 9.000, 28.38,  5.64
 9.005, 28.40,  5.65
 9.010, 28.43,  5.68
 9.015, 28.46,  5.70
 9.020, 28.48,  5.74
 9.025, 28.51,  5.77
 9.030, 28.52,  5.80
 9.035, 28.52,  5.82
 9.040, 28.54,  5.87
 9.045, 28.58,  5.90
 9.050, 28.58,  5.93
 9.055, 28.61,  5.97
 9.060, 28.62,  5.99
 9.065, 28.63,  6.03
 9.070, 28.65,  6.05
 9.075, 28.68,  6.08
 9.080, 28.70,  6.11
 9.085, 28.72,  6.14
 9.090, 28.72,  6.19
 9.095, 28.72,  6.21
 9.100, 28.74,  6.21
 9.105, 28.75,  6.23
 9.110, 28.76,  6.24
 9.115, 28.76,  6.28
 9.120, 28.77,  6.28
 9.125, 28.77,  6.30
 9.130, 28.78,  6.31
 9.135, 28.79,  6.32
 9.140, 28.81,  6.33
 9.145, 28.81,  6.33
 9.150, 28.82,  6.31
 9.155, 28.83,  6.31
 9.160, 28.84,  6.28
 9.165, 28.84,  6.28
 9.170, 28.86,  6.26
 9.175, 28.88,  6.25
 9.180, 28.88,  6.23
 9.185, 28.89,  6.22
 9.190, 28.89,  6.22
 9.195, 28.88,  6.20
 9.200, 28.87,  6.18
 9.205, 28.84,  6.16
 9.210, 28.83,  6.16
 9.215, 28.79,  6.13
 9.220, 28.74,  6.13
 9.225, 28.72,  6.12
 9.230, 28.70,  6.10
 9.235, 28.67,  6.10
 9.240, 28.63,  6.07
 9.245, 28.62,  6.06
 9.250, 28.60,  6.04
 9.255, 28.56,  6.04
 9.260, 28.54,  6.02
 9.265, 28.50,  6.00
 9.270, 28.50,  5.99
 9.275, 28.48,  5.99
 9.280, 28.46,  5.96
 9.285, 28.42,  5.94
 9.290, 28.40,  5.93
 9.295, 28.37,  5.90
 9.300, 28.34,  5.89
 9.305, 28.28,  5.89
 9.310, 28.27,  5.88
 9.315, 28.19,  5.87
 9.320, 28.17,  5.88
 9.325, 28.10,  5.86
 9.330, 28.08,  5.87
 9.335, 28.03,  5.87
 9.340, 27.96,  5.88
 9.345, 27.95,  5.89
 9.350, 27.88,  5.89
 9.355, 27.85,  5.90
 9.360, 27.79,  5.92
 9.365, 27.75,  5.93
 9.370, 27.71,  5.95
 9.375, 27.64,  5.97
 9.380, 27.61,  5.98
 9.385, 27.55,  6.01
 9.390, 27.51,  6.03
 9.395, 27.44,  6.03
 9.400, 27.41,  6.07
 9.405, 27.35,  6.11
 9.410, 27.31,  6.12
 9.415, 27.26,  6.16
 9.420, 27.21,  6.20
 9.425, 27.19,  6.22
 9.430, 27.16,  6.26
 9.435, 27.10,  6.27
 9.440, 27.09,  6.31
 9.445, 27.06,  6.32
 9.450, 27.03,  6.35
 9.455, 27.01,  6.38
 9.460, 26.97,  6.41
 9.465, 26.96,  6.41
 9.470, 26.90,  6.43
 9.475, 26.89,  6.45
 9.480, 26.87,  6.47
 9.485, 26.86,  6.49
 9.490, 26.81,  6.49
 9.495, 26.78,  6.50
 9.500, 26.76,  6.52
 9.505, 26.75,  6.51
 9.510, 26.73,  6.52
 9.515, 26.69,  6.53
 9.520, 26.67,  6.53
 9.525, 26.65,  6.52
 9.530, 26.66,  6.54
 9.535, 26.64,  6.54
 9.540, 26.64,  6.54
 9.545, 26.63,  6.53
 9.550, 26.64,  6.54
 9.555, 26.63,  6.54
 9.560, 26.63,  6.53
 9.565, 26.63,  6.53
 9.570, 26.63,  6.54
 9.575, 26.63,  6.53
 9.580, 26.63,  6.54
 9.585, 26.63,  6.53
 9.590, 26.63,  6.53
 9.595, 26.63,  6.53
 9.600, 26.63,  6.53
 9.605, 26.64,  6.52
 9.610, 26.65,  6.53
 9.615, 26.65,  6.52
 9.620, 26.66,  6.53
 9.625, 26.67,  6.51
 9.630, 26.71,  6.51
 9.635, 26.73,  6.52
 9.640, 26.75,  6.51
 9.645, 26.75,  6.51
 9.650, 26.76,  6.52
 9.655, 26.78,  6.53
 9.660, 26.80,  6.52
 9.665, 26.84,  6.52
 9.670, 26.85,  6.53
 9.675, 26.87,  6.53
 9.680, 26.88,  6.53
 9.685, 26.88,  6.54
 9.690, 26.92,  6.55
 9.695, 26.95,  6.54
 9.700, 26.97,  6.55
 9.705, 26.98,  6.56
 9.710, 26.99,  6.56
 9.715, 27.00,  6.58
 9.720, 27.03,  6.58
 9.725, 27.05,  6.58
 9.730, 27.07,  6.56
 9.735, 27.09,  6.57
 9.740, 27.09,  6.56
 9.745, 27.10,  6.57
 9.750, 27.12,  6.57
 9.755, 27.16,  6.53
 9.760, 27.19,  6.54
 9.765, 27.21,  6.55
 9.770, 27.25,  6.56
 9.775, 27.28,  6.55
 9.780, 27.31,  6.56
 9.785, 27.31,  6.55
 9.790, 27.34,  6.56
 9.795, 27.37,  6.54
 9.800, 27.38,  6.54
 9.805, 27.40,  6.53
 9.810, 27.41,  6.53
 9.815, 27.41,  6.53
 9.820, 27.41,  6.53
 9.825, 27.42,  6.52
 9.830, 27.42,  6.52
 9.835, 27.42,  6.52
 9.840, 27.41,  6.51
 9.845, 27.40,  6.50
 9.850, 27.37,  6.49
 9.855, 27.34,  6.49
 9.860, 27.33,  6.47
 9.865, 27.31,  6.46
 9.870, 27.29,  6.43
 9.875, 27.23,  6.44
 9.880, 27.22,  6.43
 9.885, 27.19,  6.42
 9.890, 27.15,  6.39
 9.895, 27.10,  6.37
 9.900, 27.08,  6.36
 9.905, 27.03,  6.34
 9.910, 26.98,  6.31
 9.915, 26.96,  6.30
 9.920, 26.89,  6.28
 9.925, 26.87,  6.27
 9.930, 26.83,  6.25
 9.935, 26.78,  6.23
 9.940, 26.75,  6.20
 9.945, 26.69,  6.18
 9.950, 26.65,  6.17
 9.955, 26.62,  6.16
 9.960, 26.57,  6.14
 9.965, 26.53,  6.11
 9.970, 26.50,  6.08
 9.975, 26.46,  6.06
 9.980, 26.43,  6.05
 9.985, 26.41,  6.03
 9.990, 26.35,  6.00
 9.995, 26.32,  5.98
10.000, 26.30,  5.96
10.005, 26.24,  5.94
10.010, 26.21,  5.92
10.015, 26.17,  5.89
10.020, 26.14,  5.86
10.025, 26.11,  5.84
10.030, 26.06,  5.84
10.035, 26.01,  5.79
10.040, 25.99,  5.77
10.045, 25.96,  5.74
10.050, 25.92,  5.72
10.055, 25.90,  5.69
10.060, 25.88,  5.66
10.065, 25.85,  5.63
10.070, 25.85,  5.63
10.075, 25.82,  5.59
10.080, 25.79,  5.55
10.085, 25.78,  5.53
10.090, 25.78,  5.51
10.095, 25.77,  5.49
10.100, 25.76,  5.45
10.105, 25.73,  5.43
10.110, 25.76,  5.41
10.115, 25.76,  5.39
10.120, 25.76,  5.36
10.125, 25.78,  5.33
10.130, 25.78,  5.31
10.135, 25.78,  5.29
10.140, 25.80,  5.29
10.145, 25.85,  5.24
10.150, 25.85,  5.24
10.155, 25.89,  5.23
10.160, 25.90,  5.22
10.165, 25.94,  5.20
10.170, 25.96,  5.18
10.175, 26.00,  5.17
10.180, 26.02,  5.18
10.185, 26.06,  5.16
10.190, 26.09,  5.16
10.195, 26.12,  5.14
10.200, 26.16,  5.15
10.205, 26.19,  5.14
10.210, 26.22,  5.14
10.215, 26.25,  5.16
10.220, 26.29,  5.16
10.225, 26.32,  5.17
10.230, 26.35,  5.18
10.235, 26.39,  5.19
10.240, 26.42,  5.19
10.245, 26.44,  5.21
10.250, 26.46,  5.23
10.255, 26.48,  5.23
10.260, 26.53,  5.25
10.265, 26.54,  5.27
10.270, 26.57,  5.29
10.275, 26.60,  5.32
10.280, 26.62,  5.33
10.285, 26.65,  5.35
10.290, 26.66,  5.37
10.295, 26.68,  5.40
10.300, 26.71,  5.42
10.305, 26.73,  5.46
10.310, 26.75,  5.48
10.315, 26.76,  5.49
10.320, 26.78,  5.52
10.325, 26.79,  5.55
10.330, 26.82,  5.57
10.335, 26.85,  5.59
10.340, 26.86,  5.59
10.345, 26.87,  5.61
10.350, 26.89,  5.61
10.355, 26.93,  5.63
10.360, 26.96,  5.62
10.365, 26.97,  5.62
10.370, 26.98,  5.64
10.375, 27.00,  5.62
10.380, 27.03,  5.62
10.385, 27.04,  5.60
10.390, 27.07,  5.60
10.395, 27.08,  5.59
10.400, 27.08,  5.58
10.405, 27.09,  5.57
10.410, 27.08,  5.57
10.415, 27.08,  5.55
10.420, 27.06,  5.54
10.425, 27.05,  5.55
10.430, 27.03,  5.55
10.435, 27.00,  5.54
10.440, 26.98,  5.55
10.445, 26.95,  5.54
10.450, 26.93,  5.55
10.455, 26.90,  5.55
10.460, 26.86,  5.55
10.465, 26.84,  5.53
10.470, 26.79,  5.55
10.475, 26.76,  5.52
10.480, 26.74,  5.51
10.485, 26.68,  5.51
10.490, 26.65,  5.49
10.495, 26.63,  5.49
10.500, 26.57,  5.48
10.505, 26.54,  5.48
10.510, 26.50,  5.48
10.515, 26.46,  5.46
10.520, 26.43,  5.48
10.525, 26.38,  5.45
10.530, 26.34,  5.45
10.535, 26.31,  5.44
10.540, 26.26,  5.43
10.545, 26.23,  5.44
10.550, 26.19,  5.43
10.555, 26.15,  5.42
10.560, 26.12,  5.43
10.565, 26.06,  5.43
10.570, 26.04,  5.44
10.575, 26.01,  5.44
10.580, 25.96,  5.45
10.585, 25.93,  5.45
10.590, 25.90,  5.47
10.595, 25.87,  5.47
10.600, 25.83,  5.47
10.605, 25.80,  5.48
10.610, 25.77,  5.49
10.615, 25.77,  5.50
10.620, 25.76,  5.51
10.625, 25.74,  5.53
10.630, 25.72,  5.53
10.635, 25.71,  5.55
10.640, 25.68,  5.55
10.645, 25.68,  5.58
10.650, 25.67,  5.59
10.655, 25.65,  5.60
10.660, 25.65,  5.63
10.665, 25.62,  5.64
10.670, 25.62,  5.64
10.675, 25.60,  5.66
10.680, 25.61,  5.67
10.685, 25.59,  5.70
10.690, 25.59,  5.73
10.695, 25.59,  5.73
10.700, 25.60,  5.75
10.705, 25.61,  5.75
10.710, 25.58,  5.77
10.715, 25.60,  5.79
10.720, 25.61,  5.80
10.725, 25.59,  5.82
10.730, 25.61,  5.85
10.735, 25.60,  5.86
10.740, 25.60,  5.86
10.745, 25.60,  5.87
10.750, 25.60,  5.89
10.755, 25.61,  5.88
10.760, 25.62,  5.91
10.765, 25.64,  5.92
10.770, 25.65,  5.93
10.775, 25.66,  5.94
10.780, 25.67,  5.95
10.785, 25.68,  5.97
10.790, 25.71,  5.97
10.795, 25.72,  5.97
10.800, 25.74,  5.99
10.805, 25.77,  6.00
10.810, 25.79,  5.99
10.815, 25.79,  6.00
10.820, 25.84,  6.01
10.825, 25.88,  6.02
10.830, 25.89,  6.03
10.835, 25.91,  6.03
10.840, 25.95,  6.04
10.845, 25.97,  6.04
10.850, 26.00,  6.06
10.855, 26.04,  6.07
10.860, 26.07,  6.06
10.865, 26.10,  6.07
10.870, 26.14,  6.08
10.875, 26.17,  6.08
10.880, 26.20,  6.08
10.885, 26.23,  6.09
10.890, 26.28,  6.09
10.895, 26.31,  6.10
10.900, 26.34,  6.12
10.905, 26.38,  6.09
10.910, 26.42,  6.10
10.915, 26.45,  6.12
10.920, 26.49,  6.12
10.925, 26.55,  6.13
10.930, 26.57,  6.13
10.935, 26.61,  6.13
10.940, 26.65,  6.13
10.945, 26.70,  6.14
10.950, 26.75,  6.13
10.955, 26.78,  6.14
10.960, 26.82,  6.16
10.965, 26.87,  6.14
10.970, 26.90,  6.15
10.975, 26.93,  6.16
10.980, 26.98,  6.14
10.985, 26.99,  6.15
10.990, 27.01,  6.16
10.995, 27.06,  6.17
11.000, 27.08,  6.16
11.005, 27.11,  6.17
11.010, 27.12,  6.18
11.015, 27.15,  6.17
11.020, 27.17,  6.18
11.025, 27.20,  6.20
11.030, 27.20,  6.18
11.035, 27.22,  6.20
11.040, 27.23,  6.19
11.045, 27.24,  6.19
11.050, 27.26,  6.20
11.055, 27.29,  6.20
11.060, 27.28,  6.22
11.065, 27.29,  6.20
11.070, 27.27,  6.23
11.075, 27.23,  6.23
11.080, 27.22,  6.23
11.085, 27.22,  6.24
11.090, 27.20,  6.23
11.095, 27.19,  6.23
11.100, 27.17,  6.23
11.105, 27.12,  6.25
11.110, 27.11,  6.24
11.115, 27.09,  6.23
11.120, 27.07,  6.21
11.125, 27.00,  6.23
11.130, 26.99,  6.21
11.135, 26.96,  6.20
11.140, 26.92,  6.19
11.145, 26.88,  6.19
11.150, 26.85,  6.17
11.155, 26.83,  6.16
11.160, 26.79,  6.14
11.165, 26.76,  6.13
11.170, 26.73,  6.11
11.175, 26.69,  6.11
11.180, 26.67,  6.08
11.185, 26.64,  6.07
11.190, 26.61,  6.06
11.195, 26.56,  6.03
11.200, 26.55,  6.01
11.205, 26.54,  5.99
11.210, 26.52,  5.97
11.215, 26.48,  5.96
11.220, 26.46,  5.94
11.225, 26.44,  5.90
11.230, 26.45,  5.88
11.235, 26.42,  5.87
11.240, 26.40,  5.84
11.245, 26.40,  5.83
11.250, 26.40,  5.81
11.255, 26.38,  5.78
11.260, 26.37,  5.76
11.265, 26.37,  5.74
11.270, 26.37,  5.73
11.275, 26.37,  5.70
11.280, 26.38,  5.67
11.285, 26.39,  5.67
11.290, 26.39,  5.63
11.295, 26.40,  5.63
11.300, 26.43,  5.60
11.305, 26.44,  5.57
11.310, 26.44,  5.57
11.315, 26.46,  5.55
11.320, 26.48,  5.52
11.325, 26.51,  5.52
11.330, 26.53,  5.49
11.335, 26.55,  5.47
11.340, 26.57,  5.46
11.345, 26.59,  5.46
11.350, 26.63,  5.44
11.355, 26.64,  5.42
11.360, 26.68,  5.40
11.365, 26.72,  5.40
11.370, 26.75,  5.39
11.375, 26.77,  5.38
11.380, 26.80,  5.37
11.385, 26.84,  5.36
11.390, 26.87,  5.35
11.395, 26.89,  5.35
11.400, 26.95,  5.34
11.405, 26.99,  5.34
11.410, 26.99,  5.35
11.415, 27.05,  5.32
11.420, 27.07,  5.33
11.425, 27.10,  5.33
11.430, 27.14,  5.32
11.435, 27.18,  5.33
11.440, 27.21,  5.32
11.445, 27.24,  5.32
11.450, 27.29,  5.33
11.455, 27.32,  5.35
11.460, 27.35,  5.34
11.465, 27.40,  5.34
11.470, 27.43,  5.35
11.475, 27.44,  5.36
11.480, 27.49,  5.35
11.485, 27.53,  5.36
11.490, 27.55,  5.37
11.495, 27.60,  5.38
11.500, 27.63,  5.37
11.505, 27.65,  5.37
11.510, 27.70,  5.39
11.515, 27.73,  5.41
11.520, 27.75,  5.41
11.525, 27.79,  5.42
11.530, 27.84,  5.44
11.535, 27.85,  5.43
11.540, 27.92,  5.43
11.545, 27.95,  5.45
11.550, 27.96,  5.44
11.555, 28.01,  5.45
11.560, 28.06,  5.45
11.565, 28.08,  5.47
11.570, 28.12,  5.47
11.575, 28.16,  5.46
11.580, 28.19,  5.48
11.585, 28.20,  5.50
11.590, 28.26,  5.51
11.595, 28.29,  5.52
11.600, 28.31,  5.53
11.605, 28.35,  5.54
11.610, 28.38,  5.55
11.615, 28.39,  5.56
11.620, 28.41,  5.57
11.625, 28.45,  5.56
11.630, 28.48,  5.58
11.635, 28.49,  5.58
11.640, 28.51,  5.58
11.645, 28.52,  5.58
11.650, 28.55,  5.59
11.655, 28.56,  5.57
11.660, 28.59,  5.58
11.665, 28.60,  5.58
11.670, 28.60,  5.58
11.675, 28.63,  5.58
11.680, 28.63,  5.58
11.685, 28.64,  5.57
11.690, 28.63,  5.57
11.695, 28.62,  5.56
11.700, 28.62,  5.56
11.705, 28.62,  5.55
11.710, 28.61,  5.55
11.715, 28.61,  5.55
11.720, 28.61,  5.54
11.725, 28.59,  5.55
11.730, 28.57,  5.53
11.735, 28.55,  5.52
11.740, 28.53,  5.51
11.745, 28.50,  5.51
11.750, 28.50,  5.50
11.755, 28.46,  5.51
11.760, 28.44,  5.49
11.765, 28.41,  5.48
11.770, 28.39,  5.45
11.775, 28.37,  5.47
11.780, 28.31,  5.45
11.785, 28.28,  5.45
11.790, 28.27,  5.45
11.795, 28.19,  5.44
11.800, 28.16,  5.45
11.805, 28.09,  5.44
11.810, 28.06,  5.43
11.815, 27.97,  5.43
11.820, 27.95,  5.43
11.825, 27.86,  5.41
11.830, 27.83,  5.41
11.835, 27.76,  5.41
11.840, 27.72,  5.41
11.845, 27.65,  5.40
11.850, 27.59,  5.39
11.855, 27.53,  5.41
11.860, 27.49,  5.40
11.865, 27.43,  5.40
11.870, 27.39,  5.41
11.875, 27.33,  5.40
11.880, 27.30,  5.39
11.885, 27.26,  5.42
11.890, 27.21,  5.42
11.895, 27.19,  5.42
11.900, 27.14,  5.45
11.905, 27.11,  5.44
11.910, 27.08,  5.45
11.915, 27.04,  5.48
11.920, 27.01,  5.48
11.925, 26.97,  5.51
11.930, 26.96,  5.53
11.935, 26.94,  5.55
11.940, 26.89,  5.56
11.945, 26.87,  5.58
11.950, 26.84,  5.61
11.955, 26.81,  5.63
11.960, 26.77,  5.64
11.965, 26.75,  5.66
11.970, 26.74,  5.66
11.975, 26.72,  5.67
11.980, 26.68,  5.68
11.985, 26.66,  5.69
11.990, 26.65,  5.71
11.995, 26.63,  5.73
12.000, 26.62,  5.73
12.005, 26.60,  5.74
12.010, 26.57,  5.74
12.015, 26.57,  5.74
12.020, 26.56,  5.75
12.025, 26.56,  5.76
12.030, 26.55,  5.75
12.035, 26.53,  5.76
12.040, 26.54,  5.76
12.045, 26.53,  5.76
12.050, 26.52,  5.77
12.055, 26.54,  5.76
12.060, 26.55,  5.77
12.065, 26.56,  5.76
12.070, 26.56,  5.77
12.075, 26.57,  5.76
12.080, 26.57,  5.76
12.085, 26.60,  5.75
12.090, 26.62,  5.75
12.095, 26.63,  5.75
12.100, 26.64,  5.76
12.105, 26.67,  5.75
12.110, 26.68,  5.75
12.115, 26.73,  5.74
12.120, 26.74,  5.76
12.125, 26.76,  5.75
12.130, 26.78,  5.76
12.135, 26.80,  5.75
12.140, 26.85,  5.75
12.145, 26.85,  5.77
12.150, 26.87,  5.76
12.155, 26.89,  5.76
12.160, 26.95,  5.77
12.165, 26.96,  5.77
12.170, 26.97,  5.77
12.175, 27.01,  5.77
12.180, 27.07,  5.77
12.185, 27.08,  5.78
12.190, 27.11,  5.78
12.195, 27.17,  5.79
12.200, 27.21,  5.80
12.205, 27.22,  5.80
12.210, 27.29,  5.80
12.215, 27.31,  5.82
12.220, 27.35,  5.84
12.225, 27.41,  5.84
12.230, 27.43,  5.84
12.235, 27.49,  5.87
12.240, 27.52,  5.87
12.245, 27.55,  5.89
12.250, 27.60,  5.88
12.255, 27.64,  5.90
12.260, 27.65,  5.92
12.265, 27.69,  5.92
12.270, 27.72,  5.94
12.275, 27.74,  5.94
12.280, 27.76,  5.94
12.285, 27.76,  5.96
12.290, 27.77,  5.96
12.295, 27.79,  5.97
12.300, 27.79,  5.97
12.305, 27.83,  5.98
12.310, 27.80,  5.97
12.315, 27.82,  5.97
12.320, 27.80,  5.97
12.325, 27.79,  5.97
12.330, 27.78,  5.96
12.335, 27.76,  5.98
12.340, 27.76,  5.96
12.345, 27.75,  5.95
12.350, 27.72,  5.94
12.355, 27.72,  5.93
12.360, 27.68,  5.90
12.365, 27.65,  5.89
12.370, 27.63,  5.89
12.375, 27.61,  5.88
12.380, 27.58,  5.85
12.385, 27.54,  5.84
12.390, 27.52,  5.81
12.395, 27.50,  5.80
12.400, 27.45,  5.79
12.405, 27.43,  5.78
12.410, 27.41,  5.76
12.415, 27.39,  5.75
12.420, 27.35,  5.73
12.425, 27.32,  5.71
12.430, 27.31,  5.68
12.435, 27.29,  5.66
12.440, 27.27,  5.66
12.445, 27.24,  5.64
12.450, 27.22,  5.62
12.455, 27.20,  5.59
12.460, 27.18,  5.59
12.465, 27.18,  5.55
12.470, 27.18,  5.54
12.475, 27.14,  5.53
12.480, 27.13,  5.51
12.485, 27.11,  5.49
12.490, 27.10,  5.47
12.495, 27.09,  5.46
12.500, 27.08,  5.45
12.505, 27.07,  5.44
12.510, 27.07,  5.43
12.515, 27.06,  5.41
12.520, 27.06,  5.40
12.525, 27.05,  5.38
12.530, 27.04,  5.38
12.535, 27.04,  5.37
12.540, 27.04,  5.35
12.545, 27.04,  5.35
12.550, 27.06,  5.33
12.555, 27.05,  5.31
12.560, 27.06,  5.31
12.565, 27.06,  5.30
12.570, 27.06,  5.30
12.575, 27.07,  5.30
12.580, 27.09,  5.27
12.585, 27.09,  5.26
12.590, 27.10,  5.25
12.595, 27.10,  5.26
12.600, 27.14,  5.25
12.605, 27.16,  5.24
12.610, 27.19,  5.24
12.615, 27.20,  5.23
12.620, 27.21,  5.23
12.625, 27.25,  5.24
12.630, 27.29,  5.22
12.635, 27.30,  5.22
12.640, 27.33,  5.22
12.645, 27.36,  5.22
12.650, 27.40,  5.22
12.655, 27.42,  5.23
12.660, 27.44,  5.24
12.665, 27.49,  5.23
12.670, 27.52,  5.23
12.675, 27.55,  5.25
12.680, 27.60,  5.24
12.685, 27.63,  5.24
12.690, 27.67,  5.25
12.695, 27.72,  5.26
12.700, 27.76,  5.26
12.705, 27.80,  5.28
12.710, 27.84,  5.29
12.715, 27.87,  5.31
12.720, 27.93,  5.33
12.725, 27.96,  5.33
12.730, 27.99,  5.34
12.735, 28.05,  5.36
12.740, 28.09,  5.37
12.745, 28.12,  5.40
12.750, 28.18,  5.43
12.755, 28.19,  5.45
12.760, 28.25,  5.47
12.765, 28.27,  5.50
12.770, 28.30,  5.53
12.775, 28.34,  5.56
12.780, 28.37,  5.57
12.785, 28.39,  5.61
12.790, 28.41,  5.62
12.795, 28.41,  5.64
12.800, 28.45,  5.68
12.805, 28.48,  5.68
12.810, 28.50,  5.73
12.815, 28.50,  5.76
12.820, 28.51,  5.77
12.825, 28.53,  5.79
12.830, 28.54,  5.80
12.835, 28.55,  5.81
12.840, 28.56,  5.82
12.845, 28.58,  5.82
12.850, 28.62,  5.83
12.855, 28.61,  5.84
12.860, 28.62,  5.84
12.865, 28.62,  5.84
12.870, 28.62,  5.85
12.875, 28.62,  5.85
12.880, 28.62,  5.84
12.885, 28.63,  5.84
12.890, 28.63,  5.83
12.895, 28.63,  5.81
12.900, 28.63,  5.80
12.905, 28.63,  5.80
12.910, 28.61,  5.79
12.915, 28.61,  5.78
12.920, 28.61,  5.77
12.925, 28.59,  5.77
12.930, 28.58,  5.77
12.935, 28.56,  5.78
12.940, 28.52,  5.77
12.945, 28.50,  5.77
12.950, 28.50,  5.77
12.955, 28.48,  5.77
12.960, 28.45,  5.78
12.965, 28.41,  5.78
12.970, 28.38,  5.77
12.975, 28.35,  5.78
12.980, 28.30,  5.77
12.985, 28.28,  5.77
12.990, 28.24,  5.75
12.995, 28.18,  5.76
13.000, 28.17,  5.75
13.005, 28.12,  5.74
13.010, 28.07,  5.72
13.015, 28.03,  5.72
13.020, 27.98,  5.70
13.025, 27.94,  5.70
13.030, 27.88,  5.69
13.035, 27.83,  5.69
13.040, 27.78,  5.70
13.045, 27.74,  5.68
13.050, 27.68,  5.70
13.055, 27.64,  5.70
13.060, 27.59,  5.71
13.065, 27.54,  5.70
13.070, 27.51,  5.73
13.075, 27.47,  5.73
13.080, 27.42,  5.75
13.085, 27.39,  5.76
13.090, 27.33,  5.77
13.095, 27.30,  5.78
13.100, 27.28,  5.77
13.105, 27.21,  5.78
13.110, 27.20,  5.81
13.115, 27.15,  5.82
13.120, 27.10,  5.83
13.125, 27.07,  5.84
13.130, 27.01,  5.86
13.135, 26.97,  5.86
13.140, 26.94,  5.88
13.145, 26.89,  5.88
13.150, 26.87,  5.90
13.155, 26.85,  5.92
13.160, 26.80,  5.91
13.165, 26.78,  5.93
13.170, 26.75,  5.95
13.175, 26.74,  5.96
13.180, 26.74,  5.96
13.185, 26.67,  5.97
13.190, 26.66,  5.98
13.195, 26.63,  5.97
13.200, 26.63,  5.97
13.205, 26.62,  5.97
13.210, 26.56,  5.98
13.215, 26.56,  5.98
13.220, 26.54,  5.99
13.225, 26.53,  6.00
13.230, 26.52,  5.99
13.235, 26.51,  6.01
13.240, 26.49,  6.01
13.245, 26.47,  6.01
13.250, 26.46,  6.00
13.255, 26.46,  6.01
13.260, 26.44,  6.01
13.265, 26.44,  6.01
13.270, 26.44,  6.01
13.275, 26.45,  6.01
13.280, 26.46,  6.00
13.285, 26.45,  6.01
13.290, 26.47,  6.01
13.295, 26.50,  6.02
13.300, 26.52,  6.00
13.305, 26.54,  6.00
13.310, 26.55,  6.02
13.315, 26.57,  6.01
13.320, 26.61,  6.02
13.325, 26.65,  6.01
13.330, 26.66,  6.02
13.335, 26.69,  6.03
13.340, 26.74,  6.04
13.345, 26.77,  6.02
13.350, 26.79,  6.04
13.355, 26.83,  6.06
13.360, 26.86,  6.06
13.365, 26.89,  6.06
13.370, 26.92,  6.06
13.375, 26.97,  6.08
13.380, 26.99,  6.08
13.385, 27.02,  6.07
13.390, 27.07,  6.08
13.395, 27.09,  6.09
13.400, 27.15,  6.10
13.405, 27.19,  6.10
13.410, 27.21,  6.12
13.415, 27.28,  6.12
13.420, 27.32,  6.14
13.425, 27.37,  6.16
13.430, 27.42,  6.15
13.435, 27.46,  6.16
13.440, 27.51,  6.16
13.445, 27.55,  6.18
13.450, 27.62,  6.19
13.455, 27.66,  6.18
13.460, 27.72,  6.20
13.465, 27.76,  6.20
13.470, 27.80,  6.23
13.475, 27.85,  6.21
13.480, 27.86,  6.24
13.485, 27.91,  6.23
13.490, 27.95,  6.25
13.495, 27.98,  6.26
13.500, 28.00,  6.26
13.505, 28.04,  6.27
13.510, 28.06,  6.27
13.515, 28.09,  6.28
13.520, 28.09,  6.28
13.525, 28.09,  6.29
13.530, 28.11,  6.29
13.535, 28.11,  6.30
13.540, 28.12,  6.29
13.545, 28.11,  6.31
13.550, 28.10,  6.30
13.555, 28.09,  6.29
13.560, 28.07,  6.31
13.565, 28.06,  6.31
13.570, 28.04,  6.31
13.575, 27.99,  6.31
13.580, 27.96,  6.30
13.585, 27.94,  6.31
13.590, 27.88,  6.29
13.595, 27.85,  6.30
13.600, 27.80,  6.28
13.605, 27.75,  6.29
13.610, 27.73,  6.27
13.615, 27.66,  6.27
13.620, 27.63,  6.27
13.625, 27.56,  6.26
13.630, 27.54,  6.24
13.635, 27.50,  6.23
13.640, 27.44,  6.22
13.645, 27.40,  6.20
13.650, 27.37,  6.18
13.655, 27.32,  6.18
13.660, 27.30,  6.17
13.665, 27.26,  6.16
13.670, 27.22,  6.15
13.675, 27.20,  6.12
13.680, 27.18,  6.10
13.685, 27.14,  6.08
13.690, 27.10,  6.06
13.695, 27.10,  6.06
13.700, 27.08,  6.05
13.705, 27.07,  6.02
13.710, 27.06,  6.01
13.715, 27.01,  5.97
13.720, 27.00,  5.96
13.725, 26.99,  5.94
13.730, 26.98,  5.93
13.735, 26.97,  5.90
13.740, 26.97,  5.86
13.745, 26.97,  5.86
13.750, 26.97,  5.85
13.755, 26.97,  5.84
13.760, 26.97,  5.80
13.765, 26.97,  5.79
13.770, 26.97,  5.77
13.775, 26.97,  5.74
13.780, 26.99,  5.72
13.785, 27.00,  5.71
13.790, 27.02,  5.68
13.795, 27.04,  5.67
13.800, 27.07,  5.64
13.805, 27.08,  5.64
13.810, 27.08,  5.63
13.815, 27.10,  5.60
13.820, 27.13,  5.59
13.825, 27.17,  5.60
13.830, 27.20,  5.58
13.835, 27.21,  5.58
13.840, 27.22,  5.58
13.845, 27.26,  5.57
13.850, 27.28,  5.56
13.855, 27.31,  5.57
13.860, 27.32,  5.58
13.865, 27.33,  5.58
13.870, 27.38,  5.59
13.875, 27.41,  5.59
13.880, 27.42,  5.59
13.885, 27.45,  5.60
13.890, 27.49,  5.62
13.895, 27.52,  5.64
13.900, 27.52,  5.65
13.905, 27.55,  5.67
13.910, 27.58,  5.69
13.915, 27.61,  5.72
13.920, 27.63,  5.74
13.925, 27.64,  5.75
13.930, 27.66,  5.77
13.935, 27.69,  5.79
13.940, 27.71,  5.82
13.945, 27.73,  5.83
13.950, 27.74,  5.85
13.955, 27.74,  5.88
13.960, 27.74,  5.89
13.965, 27.76,  5.91
13.970, 27.77,  5.92
13.975, 27.79,  5.93
13.980, 27.80,  5.95
13.985, 27.82,  5.98
13.990, 27.83,  5.98
13.995, 27.84,  5.99
14.000, 27.85,  5.99
14.005, 27.87,  5.98
14.010, 27.91,  5.99
14.015, 27.94,  5.98
14.020, 27.95,  5.98
14.025, 27.97,  5.97
14.030, 28.00,  5.94
14.035, 28.03,  5.94
14.040, 28.07,  5.91
14.045, 28.09,  5.91
14.050, 28.11,  5.88
14.055, 28.16,  5.86
14.060, 28.18,  5.83
14.065, 28.19,  5.80
14.070, 28.22,  5.79
14.075, 28.26,  5.77
14.080, 28.28,  5.75
14.085, 28.30,  5.72
14.090, 28.31,  5.69
14.095, 28.33,  5.68
14.100, 28.36,  5.65
14.105, 28.36,  5.62
14.110, 28.35,  5.61
14.115, 28.36,  5.60
14.120, 28.33,  5.58
14.125, 28.31,  5.58
14.130, 28.29,  5.57
14.135, 28.28,  5.55
14.140, 28.25,  5.54
14.145, 28.19,  5.54
14.150, 28.17,  5.54
14.155, 28.14,  5.53
14.160, 28.09,  5.51
14.165, 28.07,  5.52
14.170, 28.03,  5.51
14.175, 27.99,  5.51
14.180, 27.96,  5.52
14.185, 27.93,  5.53
14.190, 27.89,  5.54
14.195, 27.84,  5.55
14.200, 27.82,  5.54
14.205, 27.76,  5.56
14.210, 27.72,  5.57
14.215, 27.66,  5.59
14.220, 27.62,  5.60
14.225, 27.55,  5.60
14.230, 27.53,  5.63
14.235, 27.47,  5.64
14.240, 27.43,  5.65
14.245, 27.38,  5.68
14.250, 27.33,  5.69
14.255, 27.30,  5.72
14.260, 27.24,  5.71
14.265, 27.19,  5.74
14.270, 27.18,  5.76
14.275, 27.11,  5.77
14.280, 27.09,  5.79
14.285, 27.05,  5.81
14.290, 27.00,  5.81
14.295, 26.97,  5.84
14.300, 26.92,  5.86
14.305, 26.88,  5.88
14.310, 26.84,  5.91
14.315, 26.78,  5.91
14.320, 26.75,  5.95
14.325, 26.69,  5.97
14.330, 26.66,  5.99
14.335, 26.62,  6.02
14.340, 26.58,  6.03
14.345, 26.55,  6.05
14.350, 26.53,  6.07
14.355, 26.50,  6.09
14.360, 26.48,  6.11
14.365, 26.46,  6.11
14.370, 26.44,  6.14
14.375, 26.43,  6.16
14.380, 26.41,  6.17
14.385, 26.40,  6.18
14.390, 26.36,  6.19
14.395, 26.34,  6.20
14.400, 26.33,  6.22
14.405, 26.32,  6.23
14.410, 26.30,  6.25
14.415, 26.29,  6.26
14.420, 26.26,  6.25
14.425, 26.25,  6.28
14.430, 26.23,  6.28
14.435, 26.22,  6.28
14.440, 26.23,  6.29
14.445, 26.22,  6.30
14.450, 26.21,  6.29
14.455, 26.20,  6.30
14.460, 26.21,  6.31
14.465, 26.21,  6.31
14.470, 26.22,  6.33
14.475, 26.22,  6.34
14.480, 26.21,  6.34
14.485, 26.22,  6.36
14.490, 26.21,  6.36
14.495, 26.22,  6.37
14.500, 26.23,  6.37
14.505, 26.24,  6.38
14.510, 26.26,  6.38
14.515, 26.27,  6.39
14.520, 26.29,  6.39
14.525, 26.30,  6.39
14.530, 26.30,  6.39
14.535, 26.32,  6.40
14.540, 26.34,  6.40
14.545, 26.35,  6.41
14.550, 26.41,  6.40
14.555, 26.41,  6.40
14.560, 26.42,  6.42
14.565, 26.45,  6.42
14.570, 26.45,  6.43
14.575, 26.45,  6.44
14.580, 26.51,  6.45
14.585, 26.52,  6.44
14.590, 26.54,  6.45
14.595, 26.56,  6.46
14.600, 26.57,  6.46
14.605, 26.62,  6.46
14.610, 26.63,  6.46
14.615, 26.65,  6.48
14.620, 26.66,  6.47
14.625, 26.68,  6.49
14.630, 26.68,  6.49
14.635, 26.72,  6.49
14.640, 26.73,  6.50
14.645, 26.75,  6.50
14.650, 26.75,  6.51
14.655, 26.76,  6.51
14.660, 26.77,  6.50
14.665, 26.80,  6.50
14.670, 26.82,  6.51
14.675, 26.85,  6.51
14.680, 26.86,  6.51
14.685, 26.87,  6.53
14.690, 26.86,  6.53
14.695, 26.87,  6.53
14.700, 26.88,  6.53
14.705, 26.88,  6.53
14.710, 26.88,  6.55
14.715, 26.89,  6.54
14.720, 26.89,  6.55
14.725, 26.89,  6.55
14.730, 26.89,  6.55
14.735, 26.88,  6.54
14.740, 26.88,  6.53
14.745, 26.87,  6.53
14.750, 26.86,  6.52
14.755, 26.86,  6.51
14.760, 26.86,  6.51
14.765, 26.83,  6.51
14.770, 26.81,  6.49
14.775, 26.78,  6.50
14.780, 26.77,  6.49
14.785, 26.75,  6.49
14.790, 26.72,  6.47
14.795, 26.67,  6.45
14.800, 26.65,  6.42
14.805, 26.64,  6.41
14.810, 26.61,  6.38
14.815, 26.56,  6.38
14.820, 26.54,  6.37
14.825, 26.51,  6.34
14.830, 26.48,  6.31
14.835, 26.44,  6.29
14.840, 26.43,  6.28
14.845, 26.40,  6.27
14.850, 26.39,  6.24
14.855, 26.34,  6.20
14.860, 26.32,  6.20
14.865, 26.31,  6.18
14.870, 26.30,  6.17
14.875, 26.27,  6.15
14.880, 26.25,  6.10
14.885, 26.23,  6.09
14.890, 26.23,  6.07
14.895, 26.22,  6.06
14.900, 26.21,  6.04
14.905, 26.21,  6.01
14.910, 26.20,  5.97
14.915, 26.19,  5.96
14.920, 26.18,  5.95
14.925, 26.16,  5.92
14.930, 26.14,  5.88
14.935, 26.13,  5.88
14.940, 26.14,  5.86
14.945, 26.11,  5.84
14.950, 26.10,  5.83
14.955, 26.11,  5.81
14.960, 26.10,  5.78
14.965, 26.11,  5.75
14.970, 26.08,  5.74
14.975, 26.10,  5.72
14.980, 26.10,  5.71
14.985, 26.11,  5.69
14.990, 26.12,  5.66
14.995, 26.13,  5.65
15.000, 26.15,  5.64
15.005, 26.17,  5.63
15.010, 26.19,  5.62
15.015, 26.21,  5.60
15.020, 26.22,  5.58
15.025, 26.25,  5.58
15.030, 26.30,  5.56
15.035, 26.32,  5.56
15.040, 26.35,  5.53
15.045, 26.41,  5.53
15.050, 26.42,  5.51
15.055, 26.46,  5.52
15.060, 26.51,  5.51
15.065, 26.54,  5.50
15.070, 26.57,  5.48
15.075, 26.61,  5.47
15.080, 26.65,  5.46
15.085, 26.67,  5.44
15.090, 26.72,  5.43
15.095, 26.76,  5.43
15.100, 26.79,  5.41
15.105, 26.84,  5.40
15.110, 26.87,  5.39
15.115, 26.88,  5.37
15.120, 26.94,  5.38
15.125, 26.98,  5.36
15.130, 27.00,  5.35
15.135, 27.05,  5.36
15.140, 27.08,  5.34
15.145, 27.11,  5.35
15.150, 27.18,  5.33
15.155, 27.19,  5.34
15.160, 27.22,  5.33
15.165, 27.28,  5.32
15.170, 27.31,  5.32
15.175, 27.37,  5.31
15.180, 27.40,  5.31
15.185, 27.44,  5.30
15.190, 27.50,  5.29
15.195, 27.54,  5.28
15.200, 27.58,  5.26
15.205, 27.64,  5.26
15.210, 27.66,  5.26
15.215, 27.73,  5.24
15.220, 27.74,  5.23
15.225, 27.80,  5.24
15.230, 27.84,  5.24
15.235, 27.87,  5.22
15.240, 27.93,  5.22
15.245, 27.96,  5.18
15.250, 27.98,  5.17
15.255, 28.03,  5.17
15.260, 28.06,  5.15
15.265, 28.09,  5.14
15.270, 28.14,  5.13
15.275, 28.18,  5.12
15.280, 28.23,  5.09
15.285, 28.29,  5.07
15.290, 28.31,  5.04
15.295, 28.38,  5.02
15.300, 28.41,  5.01
15.305, 28.49,  5.01
15.310, 28.51,  4.98
15.315, 28.58,  4.97
15.320, 28.62,  4.97
15.325, 28.65,  4.97
15.330, 28.70,  4.94
15.335, 28.73,  4.97
15.340, 28.74,  4.97
15.345, 28.74,  4.97
15.350, 28.77,  4.97
15.355, 28.78,  4.98
15.360, 28.79,  5.00
15.365, 28.81,  5.01
15.370, 28.79,  5.01
15.375, 28.79,  5.03
15.380, 28.77,  5.03
15.385, 28.76,  5.05
15.390, 28.74,  5.04
15.395, 28.73,  5.06
15.400, 28.72,  5.06
15.405, 28.69,  5.08
15.410, 28.66,  5.08
15.415, 28.65,  5.09
15.420, 28.61,  5.10
15.425, 28.61,  5.11
15.430, 28.60,  5.11
15.435, 28.55,  5.11
15.440, 28.52,  5.11
15.445, 28.50,  5.11
15.450, 28.49,  5.12
15.455, 28.42,  5.11
15.460, 28.40,  5.12
15.465, 28.36,  5.10
15.470, 28.29,  5.11
15.475, 28.27,  5.12
15.480, 28.21,  5.12
15.485, 28.17,  5.12
15.490, 28.12,  5.11
15.495, 28.07,  5.12
15.500, 28.03,  5.11
15.505, 27.96,  5.12
15.510, 27.92,  5.13
15.515, 27.87,  5.13
15.520, 27.84,  5.13
15.525, 27.76,  5.13
15.530, 27.73,  5.13
15.535, 27.67,  5.14
15.540, 27.64,  5.14
15.545, 27.58,  5.16
15.550, 27.54,  5.16
15.555, 27.49,  5.17
15.560, 27.43,  5.19
15.565, 27.39,  5.20
15.570, 27.32,  5.22
15.575, 27.29,  5.23
15.580, 27.25,  5.24
15.585, 27.21,  5.25
15.590, 27.19,  5.26
15.595, 27.16,  5.29
15.600, 27.11,  5.29
15.605, 27.09,  5.32
15.610, 27.07,  5.33
15.615, 27.06,  5.34
15.620, 27.00,  5.36
15.625, 26.98,  5.37
15.630, 26.97,  5.39
15.635, 26.95,  5.40
15.640, 26.91,  5.41
15.645, 26.88,  5.43
15.650, 26.86,  5.45
15.655, 26.85,  5.46
15.660, 26.82,  5.48
15.665, 26.80,  5.50
15.670, 26.79,  5.52
15.675, 26.78,  5.53
15.680, 26.77,  5.54
15.685, 26.77,  5.58
15.690, 26.76,  5.58
15.695, 26.77,  5.58
15.700, 26.76,  5.61
15.705, 26.75,  5.64
15.710, 26.75,  5.64
15.715, 26.74,  5.66
15.720, 26.75,  5.67
15.725, 26.76,  5.71
15.730, 26.74,  5.74
15.735, 26.74,  5.74
15.740, 26.75,  5.76
15.745, 26.76,  5.79
15.750, 26.77,  5.81
15.755, 26.78,  5.84
15.760, 26.81,  5.86
15.765, 26.84,  5.87
15.770, 26.86,  5.91
15.775, 26.87,  5.94
15.780, 26.89,  5.97
15.785, 26.95,  6.00
15.790, 26.97,  6.01
15.795, 26.98,  6.05
15.800, 26.99,  6.07
15.805, 27.01,  6.09
15.810, 27.04,  6.13
15.815, 27.06,  6.17
15.820, 27.08,  6.18
15.825, 27.10,  6.20
15.830, 27.12,  6.23
15.835, 27.18,  6.25
15.840, 27.20,  6.28
15.845, 27.21,  6.29
15.850, 27.26,  6.32
15.855, 27.30,  6.33
15.860, 27.31,  6.36
15.865, 27.36,  6.38
15.870, 27.40,  6.40
15.875, 27.42,  6.41
15.880, 27.44,  6.41
15.885, 27.50,  6.44
15.890, 27.53,  6.44
15.895, 27.55,  6.46
15.900, 27.56,  6.47
15.905, 27.61,  6.48
15.910, 27.62,  6.47
15.915, 27.64,  6.48
15.920, 27.66,  6.49
15.925, 27.69,  6.49
15.930, 27.73,  6.49
15.935, 27.74,  6.50
15.940, 27.76,  6.50
15.945, 27.77,  6.50
15.950, 27.80,  6.49
15.955, 27.83,  6.49
15.960, 27.84,  6.49
15.965, 27.84,  6.49
15.970, 27.84,  6.48
15.975, 27.83,  6.48
15.980, 27.83,  6.48
15.985, 27.83,  6.46
15.990, 27.82,  6.44
15.995, 27.80,  6.44
16.000, 27.77,  6.43
16.005, 27.74,  6.42
16.010, 27.73,  6.40
16.015, 27.70,  6.38
16.020, 27.65,  6.38
16.025, 27.63,  6.36
16.030, 27.61,  6.32
16.035, 27.54,  6.29
16.040, 27.52,  6.29
16.045, 27.47,  6.27
16.050, 27.43,  6.24
16.055, 27.40,  6.21
16.060, 27.36,  6.19
16.065, 27.32,  6.17
16.070, 27.29,  6.15
16.075, 27.26,  6.12
16.080, 27.21,  6.08
16.085, 27.19,  6.07
16.090, 27.17,  6.06
16.095, 27.13,  6.02
16.100, 27.11,  5.98
16.105, 27.08,  5.97
16.110, 27.07,  5.95
16.115, 27.05,  5.94
16.120, 27.01,  5.91
16.125, 27.00,  5.88
16.130, 26.99,  5.86
16.135, 26.97,  5.84
16.140, 26.97,  5.82
16.145, 26.96,  5.79
16.150, 26.95,  5.77
16.155, 26.94,  5.74
16.160, 26.92,  5.73
16.165, 26.93,  5.73
16.170, 26.92,  5.71
16.175, 26.91,  5.69
16.180, 26.91,  5.67
16.185, 26.92,  5.65
16.190, 26.93,  5.63
16.195, 26.92,  5.62
16.200, 26.94,  5.62
16.205, 26.94,  5.61
16.210, 26.96,  5.57
16.215, 26.96,  5.56
16.220, 26.97,  5.56
16.225, 26.96,  5.54
16.230, 26.98,  5.53
16.235, 26.99,  5.51
16.240, 27.01,  5.51
16.245, 27.02,  5.49
16.250, 27.05,  5.48
16.255, 27.07,  5.44
16.260, 27.08,  5.44
16.265, 27.11,  5.43
16.270, 27.13,  5.40
16.275, 27.17,  5.40
16.280, 27.20,  5.37
16.285, 27.23,  5.38
16.290, 27.27,  5.36
16.295, 27.30,  5.34
16.300, 27.32,  5.33
16.305, 27.38,  5.31
16.310, 27.40,  5.31
16.315, 27.45,  5.30
16.320, 27.48,  5.28
16.325, 27.53,  5.25
16.330, 27.57,  5.26
16.335, 27.62,  5.24
16.340, 27.66,  5.21
16.345, 27.74,  5.22
16.350, 27.75,  5.20
16.355, 27.84,  5.20
16.360, 27.88,  5.17
16.365, 27.95,  5.17
16.370, 28.01,  5.16
16.375, 28.08,  5.16
16.380, 28.15,  5.14
16.385, 28.20,  5.16
16.390, 28.29,  5.14
16.395, 28.35,  5.14
16.400, 28.41,  5.15
16.405, 28.49,  5.15
16.410, 28.54,  5.16
16.415, 28.62,  5.19
16.420, 28.67,  5.21
16.425, 28.72,  5.22
16.430, 28.77,  5.24
16.435, 28.83,  5.25
16.440, 28.85,  5.28
16.445, 28.89,  5.30
16.450, 28.94,  5.33
16.455, 28.94,  5.34
16.460, 28.97,  5.36
16.465, 28.97,  5.38
16.470, 28.99,  5.42
16.475, 29.00,  5.42
16.480, 29.02,  5.44
16.485, 29.02,  5.46
16.490, 29.03,  5.45
16.495, 29.01,  5.47
16.500, 29.02,  5.47
16.505, 29.01,  5.47
16.510, 29.00,  5.46
16.515, 28.97,  5.46
16.520, 28.95,  5.45
16.525, 28.94,  5.45
16.530, 28.92,  5.45
16.535, 28.86,  5.44
16.540, 28.83,  5.44
16.545, 28.82,  5.43
16.550, 28.76,  5.43
16.555, 28.73,  5.43
16.560, 28.72,  5.40
16.565, 28.66,  5.38
16.570, 28.62,  5.38
16.575, 28.58,  5.36
16.580, 28.52,  5.36
16.585, 28.49,  5.35
16.590, 28.42,  5.33
16.595, 28.39,  5.33
16.600, 28.34,  5.30
16.605, 28.29,  5.27
16.610, 28.24,  5.26
16.615, 28.19,  5.25
16.620, 28.15,  5.24
16.625, 28.08,  5.22
16.630, 28.04,  5.22
16.635, 27.97,  5.19
16.640, 27.93,  5.18
16.645, 27.86,  5.17
16.650, 27.81,  5.17
16.655, 27.76,  5.16
16.660, 27.72,  5.16
16.665, 27.65,  5.15
16.670, 27.62,  5.15
16.675, 27.55,  5.15
16.680, 27.52,  5.15
16.685, 27.44,  5.15
16.690, 27.42,  5.14
16.695, 27.33,  5.15
16.700, 27.31,  5.14
16.705, 27.23,  5.16
16.710, 27.18,  5.18
16.715, 27.11,  5.18
16.720, 27.08,  5.19
16.725, 27.03,  5.20
16.730, 26.99,  5.20
16.735, 26.96,  5.22
16.740, 26.90,  5.23
16.745, 26.86,  5.23
16.750, 26.82,  5.25
16.755, 26.79,  5.26
16.760, 26.75,  5.29
16.765, 26.72,  5.30
16.770, 26.67,  5.32
16.775, 26.64,  5.32
16.780, 26.63,  5.33
16.785, 26.56,  5.34
16.790, 26.54,  5.37
16.795, 26.51,  5.38
16.800, 26.45,  5.39
16.805, 26.43,  5.40
16.810, 26.40,  5.41
16.815, 26.36,  5.42
16.820, 26.32,  5.44
16.825, 26.28,  5.44
16.830, 26.26,  5.45
16.835, 26.22,  5.48
16.840, 26.21,  5.50
16.845, 26.19,  5.52
16.850, 26.19,  5.52
16.855, 26.16,  5.52
16.860, 26.13,  5.54
16.865, 26.13,  5.54
16.870, 26.11,  5.58
16.875, 26.11,  5.59
16.880, 26.10,  5.61
16.885, 26.10,  5.62
16.890, 26.08,  5.63
16.895, 26.09,  5.64
16.900, 26.07,  5.68
16.905, 26.08,  5.71
16.910, 26.08,  5.73
16.915, 26.08,  5.73
16.920, 26.08,  5.74
16.925, 26.09,  5.75
16.930, 26.10,  5.80
16.935, 26.10,  5.83
16.940, 26.11,  5.84
16.945, 26.11,  5.85
16.950, 26.13,  5.87
16.955, 26.14,  5.89
16.960, 26.16,  5.92
16.965, 26.18,  5.95
16.970, 26.19,  5.96
16.975, 26.21,  5.97
16.980, 26.22,  6.01
16.985, 26.23,  6.03
16.990, 26.26,  6.06
16.995, 26.29,  6.06
17.000, 26.30,  6.07
17.005, 26.31,  6.10
17.010, 26.32,  6.14
17.015, 26.34,  6.15
17.020, 26.37,  6.16
17.025, 26.40,  6.17
17.030, 26.42,  6.19
17.035, 26.43,  6.20
17.040, 26.45,  6.21
17.045, 26.49,  6.22
17.050, 26.53,  6.24
17.055, 26.55,  6.25
17.060, 26.56,  6.26
17.065, 26.61,  6.28
17.070, 26.64,  6.28
17.075, 26.66,  6.28
17.080, 26.68,  6.28
17.085, 26.72,  6.29
17.090, 26.75,  6.30
17.095, 26.76,  6.32
17.100, 26.78,  6.35
17.105, 26.77,  6.35
17.110, 26.81,  6.37
17.115, 26.82,  6.35
17.120, 26.85,  6.35
17.125, 26.86,  6.35
17.130, 26.88,  6.35
17.135, 26.89,  6.33
17.140, 26.93,  6.30
17.145, 26.95,  6.29
17.150, 26.95,  6.29
17.155, 26.94,  6.27
17.160, 26.95,  6.26
17.165, 26.96,  6.24
17.170, 26.92,  6.20
17.175, 26.91,  6.17
17.180, 26.88,  6.15
17.185, 26.87,  6.12
17.190, 26.84,  6.07
17.195, 26.79,  6.05
17.200, 26.77,  6.01
17.205, 26.75,  5.98
17.210, 26.69,  5.95
17.215, 26.67,  5.90
17.220, 26.64,  5.86
17.225, 26.59,  5.83
17.230, 26.56,  5.78
17.235, 26.52,  5.75
17.240, 26.50,  5.70
17.245, 26.45,  5.66
17.250, 26.43,  5.62
17.255, 26.39,  5.61
17.260, 26.34,  5.55
17.265, 26.32,  5.51
17.270, 26.29,  5.48
17.275, 26.26,  5.43
17.280, 26.22,  5.40
17.285, 26.21,  5.37
17.290, 26.16,  5.32
17.295, 26.13,  5.30
17.300, 26.10,  5.26
17.305, 26.09,  5.21
17.310, 26.07,  5.19
17.315, 26.04,  5.17
17.320, 26.02,  5.12
17.325, 26.00,  5.10
17.330, 25.99,  5.07
17.335, 25.98,  5.06
17.340, 25.96,  5.03
17.345, 25.96,  4.99
17.350, 25.95,  4.98
17.355, 25.96,  4.97
17.360, 25.94,  4.93
17.365, 25.94,  4.90
17.370, 25.94,  4.87
17.375, 25.94,  4.87
17.380, 25.94,  4.85
17.385, 25.94,  4.82
17.390, 25.95,  4.80
17.395, 25.95,  4.78
17.400, 25.96,  4.77
17.405, 25.96,  4.76
17.410, 25.97,  4.75
17.415, 25.99,  4.74
17.420, 26.00,  4.72
17.425, 26.02,  4.69
17.430, 26.03,  4.69
17.435, 26.06,  4.69
17.440, 26.08,  4.67
17.445, 26.09,  4.66
17.450, 26.11,  4.67
17.455, 26.13,  4.66
17.460, 26.15,  4.65
17.465, 26.17,  4.64
17.470, 26.21,  4.63
17.475, 26.22,  4.62
17.480, 26.25,  4.59
17.485, 26.29,  4.59
17.490, 26.32,  4.59
17.495, 26.35,  4.57
17.500, 26.39,  4.55
17.505, 26.43,  4.56
17.510, 26.48,  4.54
17.515, 26.52,  4.55
17.520, 26.56,  4.55
17.525, 26.61,  4.54
17.530, 26.66,  4.55
17.535, 26.71,  4.54
17.540, 26.74,  4.53
17.545, 26.79,  4.53
17.550, 26.83,  4.54
17.555, 26.86,  4.52
17.560, 26.90,  4.51
17.565, 26.94,  4.53
17.570, 26.98,  4.53
17.575, 27.01,  4.54
17.580, 27.06,  4.53
17.585, 27.09,  4.53
17.590, 27.13,  4.54
17.595, 27.18,  4.53
17.600, 27.21,  4.51
17.605, 27.26,  4.51
17.610, 27.30,  4.52
17.615, 27.33,  4.52
17.620, 27.39,  4.52
17.625, 27.42,  4.53
17.630, 27.46,  4.52
17.635, 27.52,  4.55
17.640, 27.55,  4.53
17.645, 27.61,  4.54
17.650, 27.63,  4.55
17.655, 27.67,  4.54
17.660, 27.73,  4.55
17.665, 27.76,  4.54
17.670, 27.83,  4.53
17.675, 27.86,  4.53
17.680, 27.90,  4.51
17.685, 27.97,  4.50
17.690, 27.99,  4.50
17.695, 28.06,  4.49
17.700, 28.09,  4.48
17.705, 28.17,  4.47
17.710, 28.19,  4.46
17.715, 28.24,  4.45
17.720, 28.28,  4.46
17.725, 28.29,  4.44
17.730, 28.30,  4.43
17.735, 28.31,  4.43
17.740, 28.30,  4.44
17.745, 28.29,  4.44
17.750, 28.29,  4.44
17.755, 28.25,  4.45
17.760, 28.20,  4.45
17.765, 28.18,  4.46
17.770, 28.17,  4.47
17.775, 28.14,  4.48
17.780, 28.09,  4.49
17.785, 28.08,  4.50
17.790, 28.07,  4.51
17.795, 28.05,  4.51
17.800, 28.01,  4.51
17.805, 27.98,  4.51
17.810, 27.97,  4.51
17.815, 27.94,  4.53
17.820, 27.88,  4.51
17.825, 27.86,  4.52
17.830, 27.83,  4.52
17.835, 27.76,  4.52
17.840, 27.73,  4.52
17.845, 27.67,  4.51
17.850, 27.64,  4.53
17.855, 27.59,  4.53
17.860, 27.54,  4.53
17.865, 27.49,  4.54
17.870, 27.42,  4.55
17.875, 27.40,  4.56
17.880, 27.34,  4.57
17.885, 27.30,  4.57
17.890, 27.24,  4.57
17.895, 27.20,  4.57
17.900, 27.15,  4.58
17.905, 27.10,  4.58
17.910, 27.07,  4.58
17.915, 27.01,  4.58
17.920, 26.98,  4.59
17.925, 26.94,  4.59
17.930, 26.88,  4.60
17.935, 26.86,  4.62
17.940, 26.81,  4.62
17.945, 26.76,  4.62
17.950, 26.73,  4.62
17.955, 26.68,  4.64
17.960, 26.64,  4.64
17.965, 26.62,  4.64
17.970, 26.57,  4.67
17.975, 26.54,  4.67
17.980, 26.52,  4.68
17.985, 26.46,  4.68
17.990, 26.44,  4.68
17.995, 26.41,  4.69
18.000, 26.36,  4.70
18.005, 26.34,  4.71
18.010, 26.30,  4.71
18.015, 26.27,  4.73
18.020, 26.24,  4.72
18.025, 26.21,  4.74
18.030, 26.19,  4.75
18.035, 26.17,  4.76
18.040, 26.16,  4.77
18.045, 26.13,  4.76
18.050, 26.11,  4.78
18.055, 26.09,  4.78
18.060, 26.06,  4.79
18.065, 26.04,  4.79
18.070, 26.01,  4.80
18.075, 26.00,  4.82
18.080, 25.98,  4.84
18.085, 25.98,  4.84
18.090, 25.96,  4.85
18.095, 25.95,  4.87
18.100, 25.94,  4.88
18.105, 25.93,  4.89
18.110, 25.93,  4.89
18.115, 25.93,  4.91
18.120, 25.91,  4.92
18.125, 25.94,  4.96
18.130, 25.95,  4.98
18.135, 25.95,  4.98
18.140, 25.95,  5.00
18.145, 25.96,  5.02
18.150, 25.97,  5.05
18.155, 25.98,  5.07
18.160, 25.97,  5.08
18.165, 25.99,  5.09
18.170, 25.99,  5.12
18.175, 25.99,  5.15
18.180, 26.00,  5.18
18.185, 26.02,  5.20
18.190, 26.04,  5.21
18.195, 26.05,  5.24
18.200, 26.08,  5.27
18.205, 26.10,  5.29
18.210, 26.11,  5.31
18.215, 26.13,  5.34
18.220, 26.17,  5.37
18.225, 26.20,  5.40
18.230, 26.22,  5.40
18.235, 26.24,  5.42
18.240, 26.26,  5.43
18.245, 26.29,  5.47
18.250, 26.32,  5.50
18.255, 26.34,  5.51
18.260, 26.38,  5.52
18.265, 26.42,  5.53
18.270, 26.43,  5.56
18.275, 26.45,  5.57
18.280, 26.51,  5.62
18.285, 26.54,  5.62
18.290, 26.57,  5.62
18.295, 26.62,  5.63
18.300, 26.64,  5.64
18.305, 26.67,  5.67
18.310, 26.72,  5.69
18.315, 26.76,  5.70
18.320, 26.78,  5.71
18.325, 26.80,  5.72
18.330, 26.85,  5.74
18.335, 26.87,  5.74
18.340, 26.91,  5.73
18.345, 26.94,  5.75
18.350, 26.96,  5.75
18.355, 26.98,  5.76
18.360, 27.00,  5.77
18.365, 27.02,  5.76
18.370, 27.06,  5.77
18.375, 27.07,  5.78
18.380, 27.07,  5.78
18.385, 27.07,  5.78
18.390, 27.07,  5.78
18.395, 27.06,  5.78
18.400, 27.02,  5.77
18.405, 27.00,  5.78
18.410, 26.98,  5.76
18.415, 26.96,  5.76
18.420, 26.94,  5.75
18.425, 26.91,  5.73
18.430, 26.87,  5.72
18.435, 26.81,  5.72
18.440, 26.78,  5.70
18.445, 26.74,  5.67
18.450, 26.70,  5.64
18.455, 26.65,  5.63
18.460, 26.61,  5.63
18.465, 26.56,  5.61
18.470, 26.53,  5.56
18.475, 26.47,  5.54
18.480, 26.42,  5.52
18.485, 26.38,  5.50
18.490, 26.33,  5.47
18.495, 26.30,  5.43
18.500, 26.25,  5.42
18.505, 26.21,  5.40
18.510, 26.17,  5.38
18.515, 26.13,  5.34
18.520, 26.10,  5.31
18.525, 26.09,  5.29
18.530, 26.05,  5.28
18.535, 26.03,  5.24
18.540, 26.01,  5.21
18.545, 25.99,  5.20
18.550, 25.98,  5.18
18.555, 25.98,  5.16
18.560, 25.94,  5.11
18.565, 25.94,  5.10
18.570, 25.94,  5.09
18.575, 25.92,  5.07
18.580, 25.92,  5.05
18.585, 25.92,  5.02
18.590, 25.93,  5.00
18.595, 25.92,  4.99
18.600, 25.92,  4.97
18.605, 25.91,  4.97
18.610, 25.91,  4.94
18.615, 25.92,  4.92
18.620, 25.91,  4.92
18.625, 25.94,  4.89
18.630, 25.94,  4.89
18.635, 25.94,  4.88
18.640, 25.94,  4.88
18.645, 25.97,  4.87
18.650, 25.98,  4.85
18.655, 25.99,  4.85
18.660, 25.99,  4.85
18.665, 26.01,  4.85
18.670, 26.03,  4.85
18.675, 26.08,  4.84
18.680, 26.10,  4.85
18.685, 26.11,  4.85
18.690, 26.13,  4.86
18.695, 26.18,  4.86
18.700, 26.20,  4.85
18.705, 26.22,  4.85
18.710, 26.26,  4.87
18.715, 26.30,  4.87
18.720, 26.32,  4.88
18.725, 26.37,  4.88
18.730, 26.41,  4.91
18.735, 26.44,  4.92
18.740, 26.45,  4.93
18.745, 26.50,  4.96
18.750, 26.52,  4.96
18.755, 26.54,  4.98
18.760, 26.58,  5.00
18.765, 26.60,  5.00
18.770, 26.63,  5.03
18.775, 26.65,  5.05
18.780, 26.68,  5.07
18.785, 26.70,  5.09
18.790, 26.74,  5.08
18.795, 26.76,  5.13
18.800, 26.77,  5.13
18.805, 26.83,  5.17
18.810, 26.86,  5.18
18.815, 26.88,  5.19
18.820, 26.93,  5.20
18.825, 26.96,  5.21
18.830, 27.00,  5.22
18.835, 27.04,  5.24
18.840, 27.09,  5.23
18.845, 27.11,  5.24
18.850, 27.17,  5.25
18.855, 27.21,  5.25
18.860, 27.25,  5.26
18.865, 27.30,  5.27
18.870, 27.33,  5.26
18.875, 27.40,  5.27
18.880, 27.42,  5.28
18.885, 27.45,  5.26
18.890, 27.50,  5.27
18.895, 27.53,  5.26
18.900, 27.55,  5.25
18.905, 27.59,  5.26
18.910, 27.63,  5.24
18.915, 27.65,  5.23
18.920, 27.68,  5.23
18.925, 27.72,  5.20
18.930, 27.75,  5.19
18.935, 27.76,  5.15
18.940, 27.79,  5.15
18.945, 27.84,  5.12
18.950, 27.85,  5.10
18.955, 27.87,  5.08
18.960, 27.92,  5.05
18.965, 27.94,  5.03
18.970, 27.96,  5.01
18.975, 27.97,  4.99
18.980, 27.97,  4.97
18.985, 28.00,  4.94
18.990, 28.00,  4.94
18.995, 28.00,  4.92
19.000, 27.98,  4.92
19.005, 27.98,  4.92
19.010, 27.96,  4.92
19.015, 27.95,  4.92
19.020, 27.90,  4.92
19.025, 27.88,  4.92
19.030, 27.86,  4.93
19.035, 27.82,  4.95
19.040, 27.76,  4.94
19.045, 27.75,  4.94
19.050, 27.73,  4.95
19.055, 27.69,  4.94
19.060, 27.66,  4.92
19.065, 27.63,  4.92
19.070, 27.61,  4.93
19.075, 27.56,  4.91
19.080, 27.54,  4.91
19.085, 27.52,  4.91
19.090, 27.50,  4.89
19.095, 27.43,  4.90
19.100, 27.43,  4.90
19.105, 27.40,  4.89
19.110, 27.38,  4.88
19.115, 27.34,  4.89
19.120, 27.31,  4.88
19.125, 27.28,  4.87
19.130, 27.24,  4.88
19.135, 27.21,  4.87
19.140, 27.18,  4.86
19.145, 27.16,  4.87
19.150, 27.13,  4.87
19.155, 27.10,  4.86
19.160, 27.08,  4.86
19.165, 27.07,  4.86
19.170, 27.04,  4.86
19.175, 27.01,  4.84
19.180, 26.98,  4.85
19.185, 26.98,  4.84
19.190, 26.97,  4.84
19.195, 26.93,  4.82
19.200, 26.90,  4.82
19.205, 26.88,  4.83
19.210, 26.86,  4.83
19.215, 26.86,  4.83
19.220, 26.82,  4.82
19.225, 26.80,  4.81
19.230, 26.77,  4.82
19.235, 26.76,  4.83
19.240, 26.73,  4.83
19.245, 26.70,  4.82
19.250, 26.67,  4.82
19.255, 26.65,  4.83
19.260, 26.64,  4.84
19.265, 26.61,  4.83
19.270, 26.56,  4.83
19.275, 26.54,  4.83
19.280, 26.51,  4.83
19.285, 26.45,  4.85
19.290, 26.42,  4.85
19.295, 26.40,  4.86
19.300, 26.35,  4.86
19.305, 26.32,  4.85
19.310, 26.31,  4.85
19.315, 26.30,  4.86
19.320, 26.26,  4.87
19.325, 26.25,  4.87
19.330, 26.23,  4.86
19.335, 26.20,  4.85
19.340, 26.20,  4.85
19.345, 26.19,  4.87
19.350, 26.16,  4.88
19.355, 26.14,  4.88
19.360, 26.13,  4.88
19.365, 26.12,  4.88
19.370, 26.09,  4.88
19.375, 26.09,  4.88
19.380, 26.08,  4.90
19.385, 26.07,  4.90
19.390, 26.05,  4.90
19.395, 26.06,  4.93
19.400, 26.04,  4.95
19.405, 26.02,  4.94
19.410, 26.04,  4.97
19.415, 26.04,  4.99
19.420, 26.03,  4.99
19.425, 26.04,  4.99
19.430, 26.04,  5.00
19.435, 26.04,  5.00
19.440, 26.05,  5.01
19.445, 26.06,  5.06
19.450, 26.08,  5.06
19.455, 26.08,  5.08
19.460, 26.09,  5.09
19.465, 26.11,  5.10
19.470, 26.13,  5.14
19.475, 26.16,  5.17
19.480, 26.19,  5.18
19.485, 26.20,  5.19
19.490, 26.24,  5.21
19.495, 26.26,  5.23
19.500, 26.29,  5.25
19.505, 26.32,  5.29
19.510, 26.33,  5.29
19.515, 26.37,  5.30
19.520, 26.41,  5.30
19.525, 26.44,  5.32
19.530, 26.45,  5.35
19.535, 26.51,  5.38
19.540, 26.54,  5.39
19.545, 26.57,  5.40
19.550, 26.62,  5.42
19.555, 26.64,  5.42
19.560, 26.67,  5.45
19.565, 26.69,  5.47
19.570, 26.76,  5.49
19.575, 26.77,  5.50
19.580, 26.80,  5.51
19.585, 26.85,  5.53
19.590, 26.86,  5.53
19.595, 26.89,  5.56
19.600, 26.93,  5.57
19.605, 26.97,  5.57
19.610, 26.98,  5.61
19.615, 27.01,  5.62
19.620, 27.05,  5.62
19.625, 27.07,  5.63
19.630, 27.10,  5.63
19.635, 27.10,  5.63
19.640, 27.13,  5.64
19.645, 27.15,  5.67
19.650, 27.17,  5.66
19.655, 27.18,  5.66
19.660, 27.18,  5.68
19.665, 27.18,  5.69
19.670, 27.18,  5.70
19.675, 27.18,  5.69
19.680, 27.18,  5.69
19.685, 27.15,  5.70
19.690, 27.14,  5.70
19.695, 27.10,  5.71
19.700, 27.10,  5.69
19.705, 27.07,  5.69
19.710, 27.03,  5.70
19.715, 27.00,  5.68
19.720, 26.96,  5.67
19.725, 26.92,  5.65
19.730, 26.88,  5.64
19.735, 26.85,  5.64
19.740, 26.81,  5.63
19.745, 26.76,  5.63
19.750, 26.72,  5.63
19.755, 26.68,  5.62
19.760, 26.65,  5.61
19.765, 26.61,  5.61
19.770, 26.57,  5.57
19.775, 26.54,  5.56
19.780, 26.52,  5.55
19.785, 26.46,  5.55
19.790, 26.43,  5.53
19.795, 26.42,  5.53
19.800, 26.40,  5.52
19.805, 26.36,  5.52
19.810, 26.32,  5.50
19.815, 26.32,  5.50
19.820, 26.30,  5.50
19.825, 26.28,  5.47
19.830, 26.26,  5.46
19.835, 26.24,  5.46
19.840, 26.23,  5.45
19.845, 26.22,  5.45
19.850, 26.21,  5.46
19.855, 26.20,  5.43
19.860, 26.17,  5.43
19.865, 26.17,  5.43
19.870, 26.16,  5.44
19.875, 26.16,  5.43
19.880, 26.16,  5.42
19.885, 26.16,  5.42
19.890, 26.16,  5.42
19.895, 26.16,  5.42
19.900, 26.17,  5.42
19.905, 26.19,  5.42
19.910, 26.19,  5.42
19.915, 26.21,  5.43
19.920, 26.22,  5.43
19.925, 26.24,  5.42
19.930, 26.26,  5.44
19.935, 26.28,  5.44
19.940, 26.30,  5.45
19.945, 26.32,  5.47
19.950, 26.34,  5.47
19.955, 26.38,  5.47
19.960, 26.41,  5.50
19.965, 26.43,  5.50
19.970, 26.45,  5.52
19.975, 26.49,  5.52
19.980, 26.52,  5.52
19.985, 26.53,  5.52
19.990, 26.56,  5.53
19.995, 26.58,  5.53
20.000, 26.62,  5.53
