 0.000, 26.76, 18.90
 0.005, 26.98, 18.87
 0.010, 27.22, 18.84
 0.015, 27.46, 18.79
 0.020, 27.68, 18.77
 0.025, 27.94, 18.75
 0.030, 28.16, 18.75
 0.035, 28.39, 18.75
 0.040, 28.60, 18.75
 0.045, 28.81, 18.77
 0.050, 29.01, 18.79
 0.055, 29.19, 18.85
 0.060, 29.36, 18.87
 0.065, 29.50, 18.93
 0.070, 29.64, 18.98
 0.075, 29.78, 19.06
 0.080, 29.88, 19.09
 0.085, 29.99, 19.18
 0.090, 30.07, 19.22
 0.095, 30.16, 19.30
 0.100, 30.25, 19.32
 0.105, 30.32, 19.41
 0.110, 30.38, 19.43
 0.115, 30.43, 19.48
 0.120, 30.48, 19.50
 0.125, 30.49, 19.53
 0.130, 30.49, 19.55
 0.135, 30.49, 19.57
 0.140, 30.49, 19.62
 0.145, 30.45, 19.64
 0.150, 30.38, 19.69
 0.155, 30.32, 19.73
 0.160, 30.23, 19.75
 0.165, 30.14, 19.77
 0.170, 30.02, 19.84
 0.175, 29.87, 19.86
 0.180, 29.73, 19.91
 0.185, 29.56, 19.95
 0.190, 29.39, 19.97
 0.195, 29.21, 20.00
 0.200, 29.01, 20.03
 0.205, 28.82, 20.08
 0.210, 28.59, 20.11
 0.215, 28.36, 20.12
 0.220, 28.13, 20.19
 0.225, 27.90, 20.21
 0.230, 27.66, 20.24
 0.235, 27.37, 20.27
 0.240, 27.14, 20.33
 0.245, 26.85, 20.33
 0.250, 26.60, 20.34
 0.255, 26.37, 20.35
 0.260, 26.08, 20.36
 0.265, 25.84, 20.40
 0.270, 25.58, 20.41
 0.275, 25.30, 20.41
 0.280, 25.05, 20.44
 0.285, 24.80, 20.45
 0.290, 24.55, 20.47
 0.295, 24.29, 20.47
 0.300, 24.04, 20.50
 0.305, 23.79, 20.50
 0.310, 23.56, 20.50
 0.315, 23.35, 20.53
 0.320, 23.11, 20.53
 0.325, 22.87, 20.52
 0.330, 22.68, 20.52
 0.335, 22.49, 20.52
 0.340, 22.29, 20.50
 0.345, 22.12, 20.50
 0.350, 21.96, 20.48
 0.355, 21.78, 20.44
 0.360, 21.64, 20.44
 0.365, 21.47, 20.40
 0.370, 21.32, 20.39
 0.375, 21.17, 20.38
 0.380, 21.04, 20.37
 0.385, 20.90, 20.34
 0.390, 20.79, 20.33
 0.395, 20.64, 20.30
 0.400, 20.48, 20.27
 0.405, 20.38, 20.26
 0.410, 20.26, 20.23
 0.415, 20.15, 20.20
 0.420, 20.02, 20.18
 0.425, 19.95, 20.16
 0.430, 19.84, 20.15
 0.435, 19.77, 20.12
 0.440, 19.70, 20.10
 0.445, 19.62, 20.07
 0.450, 19.56, 20.02
 0.455, 19.50, 19.99
 0.460, 19.45, 19.97
 0.465, 19.41, 19.95
 0.470, 19.38, 19.92
 0.475, 19.33, 19.91
 0.480, 19.32, 19.87
 0.485, 19.29, 19.84
 0.490, 19.28, 19.82
 0.495, 19.29, 19.78
 0.500, 19.27, 19.75
 0.505, 19.30, 19.73
 0.510, 19.29, 19.72
 0.515, 19.31, 19.70
 0.520, 19.31, 19.68
 0.525, 19.33, 19.67
 0.530, 19.39, 19.64
 0.535, 19.42, 19.60
 0.540, 19.44, 19.57
 0.545, 19.49, 19.52
 0.550, 19.54, 19.49
 0.555, 19.62, 19.47
 0.560, 19.68, 19.43
 0.565, 19.74, 19.39
 0.570, 19.83, 19.35
 0.575, 19.90, 19.31
 0.580, 19.98, 19.28
 0.585, 20.08, 19.28
 0.590, 20.19, 19.24
 0.595, 20.28, 19.21
 0.600, 20.39, 19.16
 0.605, 20.48, 19.14
 0.610, 20.59, 19.10
 0.615, 20.72, 19.07
 0.620, 20.84, 19.07
 0.625, 20.94, 19.03
 0.630, 21.07, 18.99
 0.635, 21.20, 18.98
 0.640, 21.34, 18.94
 0.645, 21.46, 18.89
 0.650, 21.59, 18.87
 0.655, 21.72, 18.86
 0.660, 21.85, 18.83
 0.665, 21.98, 18.77
 0.670, 22.09, 18.76
 0.675, 22.22, 18.73
 0.680, 22.32, 18.70
 0.685, 22.41, 18.66
 0.690, 22.50, 18.63
 0.695, 22.56, 18.61
 0.700, 22.65, 18.57
 0.705, 22.68, 18.54
 0.710, 22.74, 18.51
 0.715, 22.76, 18.49
 0.720, 22.77, 18.44
 0.725, 22.80, 18.43
 0.730, 22.76, 18.40
 0.735, 22.75, 18.37
 0.740, 22.75, 18.33
 0.745, 22.68, 18.29
 0.750, 22.65, 18.27
 0.755, 22.58, 18.23
 0.760, 22.52, 18.20
 0.765, 22.46, 18.19
 0.770, 22.39, 18.15
 0.775, 22.31, 18.12
 0.780, 22.23, 18.09
 0.785, 22.13, 18.07
 0.790, 22.06, 18.02
 0.795, 21.99, 18.02
 0.800, 21.91, 18.00
 0.805, 21.83, 17.98
 0.810, 21.75, 17.97
 0.815, 21.68, 17.93
 0.820, 21.63, 17.92
 0.825, 21.57, 17.91
 0.830, 21.52, 17.91
 0.835, 21.47, 17.89
 0.840, 21.44, 17.85
 0.845, 21.40, 17.85
 0.850, 21.38, 17.84
 0.855, 21.34, 17.82
 0.860, 21.34, 17.81
 0.865, 21.32, 17.80
 0.870, 21.33, 17.79
 0.875, 21.38, 17.78
 0.880, 21.38, 17.74
 0.885, 21.41, 17.73
 0.890, 21.45, 17.71
 0.895, 21.50, 17.69
 0.900, 21.54, 17.67
 0.905, 21.62, 17.66
 0.910, 21.68, 17.61
 0.915, 21.76, 17.59
 0.920, 21.85, 17.58
 0.925, 21.94, 17.56
 0.930, 22.02, 17.52
 0.935, 22.11, 17.50
 0.940, 22.23, 17.50
 0.945, 22.37, 17.44
 0.950, 22.49, 17.41
 0.955, 22.62, 17.39
 0.960, 22.78, 17.36
 0.965, 22.95, 17.33
 0.970, 23.12, 17.31
 0.975, 23.31, 17.28
 0.980, 23.47, 17.26
 0.985, 23.68, 17.24
 0.990, 23.87, 17.21
 0.995, 24.08, 17.19
 1.000, 24.28, 17.18
 1.005, 24.50, 17.17
 1.010, 24.71, 17.14
 1.015, 24.92, 17.13
 1.020, 25.13, 17.14
 1.025, 25.36, 17.13
 1.030, 25.56, 17.12
 1.035, 25.80, 17.11
 1.040, 26.00, 17.10
 1.045, 26.23, 17.11
 1.050, 26.47, 17.09
 1.055, 26.69, 17.10
 1.060, 26.94, 17.11
 1.065, 27.17, 17.10
 1.070, 27.41, 17.11
 1.075, 27.67, 17.11
 1.080, 27.91, 17.12
 1.085, 28.16, 17.11
 1.090, 28.38, 17.13
 1.095, 28.62, 17.15
 1.100, 28.84, 17.16
 1.105, 29.05, 17.20
 1.110, 29.26, 17.23
 1.115, 29.44, 17.25
 1.120, 29.65, 17.26
 1.125, 29.83, 17.29
 1.130, 30.02, 17.32
 1.135, 30.20, 17.33
 1.140, 30.37, 17.32
 1.145, 30.55, 17.31
 1.150, 30.70, 17.30
 1.155, 30.87, 17.29
 1.160, 31.02, 17.28
 1.165, 31.13, 17.28
 1.170, 31.24, 17.29
 1.175, 31.35, 17.28
 1.180, 31.41, 17.29
 1.185, 31.46, 17.31
 1.190, 31.49, 17.33
 1.195, 31.50, 17.34
 1.200, 31.48, 17.35
 1.205, 31.46, 17.39
 1.210, 31.39, 17.44
 1.215, 31.33, 17.47
 1.220, 31.25, 17.53
 1.225, 31.15, 17.57
 1.230, 31.02, 17.60
 1.235, 30.91, 17.66
 1.240, 30.80, 17.72
 1.245, 30.63, 17.77
 1.250, 30.49, 17.80
 1.255, 30.36, 17.85
 1.260, 30.19, 17.90
 1.265, 30.03, 17.95
 1.270, 29.85, 17.99
 1.275, 29.69, 18.02
 1.280, 29.52, 18.08
 1.285, 29.34, 18.12
 1.290, 29.18, 18.15
 1.295, 28.99, 18.21
 1.300, 28.83, 18.23
 1.305, 28.63, 18.25
 1.310, 28.45, 18.30
 1.315, 28.30, 18.34
 1.320, 28.11, 18.38
 1.325, 27.92, 18.40
 1.330, 27.76, 18.44
 1.335, 27.59, 18.48
 1.340, 27.42, 18.50
 1.345, 27.25, 18.55
 1.350, 27.09, 18.59
 1.355, 26.93, 18.60
 1.360, 26.75, 18.67
 1.365, 26.60, 18.71
 1.370, 26.44, 18.73
 1.375, 26.30, 18.80
 1.380, 26.16, 18.81
 1.385, 26.03, 18.86
 1.390, 25.93, 18.90
 1.395, 25.80, 18.92
 1.400, 25.69, 18.95
 1.405, 25.59, 19.01
 1.410, 25.47, 19.03
 1.415, 25.39, 19.04
 1.420, 25.30, 19.08
 1.425, 25.21, 19.11
 1.430, 25.13, 19.14
 1.435, 25.06, 19.16
 1.440, 24.96, 19.18
 1.445, 24.90, 19.21
 1.450, 24.85, 19.24
 1.455, 24.78, 19.25
 1.460, 24.71, 19.26
 1.465, 24.67, 19.28
 1.470, 24.61, 19.28
 1.475, 24.57, 19.29
 1.480, 24.54, 19.31
 1.485, 24.52, 19.31
 1.490, 24.48, 19.31
 1.495, 24.46, 19.32
 1.500, 24.48, 19.32
 1.505, 24.48, 19.32
 1.510, 24.49, 19.33
 1.515, 24.51, 19.33
 1.520, 24.52, 19.32
 1.525, 24.54, 19.32
 1.530, 24.58, 19.31
 1.535, 24.64, 19.32
 1.540, 24.64, 19.30
 1.545, 24.70, 19.31
 1.550, 24.74, 19.28
 1.555, 24.81, 19.27
 1.560, 24.87, 19.25
 1.565, 24.92, 19.26
 1.570, 25.01, 19.25
 1.575, 25.07, 19.22
 1.580, 25.15, 19.21
 1.585, 25.24, 19.18
 1.590, 25.31, 19.18
 1.595, 25.40, 19.16
 1.600, 25.47, 19.14
 1.605, 25.57, 19.14
 1.610, 25.67, 19.10
 1.615, 25.75, 19.08
 1.620, 25.85, 19.07
 1.625, 25.94, 19.06
 1.630, 26.02, 19.02
 1.635, 26.12, 19.02
 1.640, 26.21, 19.00
 1.645, 26.31, 18.98
 1.650, 26.40, 18.94
 1.655, 26.48, 18.93
 1.660, 26.57, 18.92
 1.665, 26.66, 18.91
 1.670, 26.75, 18.88
 1.675, 26.82, 18.88
 1.680, 26.91, 18.87
 1.685, 27.00, 18.86
 1.690, 27.05, 18.86
 1.695, 27.14, 18.84
 1.700, 27.20, 18.81
 1.705, 27.27, 18.79
 1.710, 27.33, 18.77
 1.715, 27.38, 18.77
 1.720, 27.41, 18.74
 1.725, 27.46, 18.72
 1.730, 27.48, 18.72
 1.735, 27.51, 18.69
 1.740, 27.51, 18.68
 1.745, 27.52, 18.66
 1.750, 27.52, 18.66
 1.755, 27.51, 18.65
 1.760, 27.48, 18.64
 1.765, 27.45, 18.62
 1.770, 27.40, 18.62
 1.775, 27.37, 18.61
 1.780, 27.29, 18.60
 1.785, 27.24, 18.57
 1.790, 27.17, 18.56
 1.795, 27.09, 18.55
 1.800, 26.99, 18.53
 1.805, 26.91, 18.51
 1.810, 26.83, 18.50
 1.815, 26.72, 18.47
 1.820, 26.62, 18.44
 1.825, 26.50, 18.42
 1.830, 26.41, 18.42
 1.835, 26.29, 18.38
 1.840, 26.20, 18.35
 1.845, 26.08, 18.32
 1.850, 25.97, 18.29
 1.855, 25.86, 18.26
 1.860, 25.75, 18.23
 1.865, 25.64, 18.22
 1.870, 25.55, 18.16
 1.875, 25.45, 18.15
 1.880, 25.37, 18.11
 1.885, 25.27, 18.05
 1.890, 25.19, 18.03
 1.895, 25.10, 17.99
 1.900, 25.04, 17.95
 1.905, 24.98, 17.90
 1.910, 24.92, 17.86
 1.915, 24.86, 17.84
 1.920, 24.81, 17.76
 1.925, 24.79, 17.74
 1.930, 24.76, 17.69
 1.935, 24.72, 17.63
 1.940, 24.71, 17.59
 1.945, 24.70, 17.54
 1.950, 24.68, 17.50
 1.955, 24.70, 17.46
 1.960, 24.71, 17.42
 1.965, 24.74, 17.41
 1.970, 24.76, 17.36
 1.975, 24.79, 17.32
 1.980, 24.82, 17.29
 1.985, 24.87, 17.27
 1.990, 24.92, 17.24
 1.995, 24.96, 17.21
 2.000, 25.02, 17.20
 2.005, 25.07, 17.19
 2.010, 25.14, 17.18
 2.015, 25.22, 17.18
 2.020, 25.30, 17.18
 2.025, 25.38, 17.19
 2.030, 25.49, 17.19
 2.035, 25.55, 17.20
 2.040, 25.64, 17.20
 2.045, 25.74, 17.22
 2.050, 25.83, 17.23
 2.055, 25.93, 17.26
 2.060, 26.03, 17.29
 2.065, 26.12, 17.31
 2.070, 26.23, 17.34
 2.075, 26.33, 17.37
 2.080, 26.43, 17.39
 2.085, 26.53, 17.44
 2.090, 26.64, 17.46
 2.095, 26.75, 17.49
 2.100, 26.85, 17.55
 2.105, 26.98, 17.59
 2.110, 27.08, 17.64
 2.115, 27.21, 17.68
 2.120, 27.32, 17.73
 2.125, 27.43, 17.79
 2.130, 27.56, 17.84
 2.135, 27.68, 17.90
 2.140, 27.80, 17.94
 2.145, 27.92, 17.98
 2.150, 28.03, 18.05
 2.155, 28.18, 18.10
 2.160, 28.28, 18.19
 2.165, 28.40, 18.22
 2.170, 28.51, 18.32
 2.175, 28.63, 18.34
 2.180, 28.72, 18.43
 2.185, 28.83, 18.50
 2.190, 28.93, 18.55
 2.195, 29.04, 18.65
 2.200, 29.12, 18.68
 2.205, 29.23, 18.75
 2.210, 29.33, 18.83
 2.215, 29.43, 18.87
 2.220, 29.51, 18.92
 2.225, 29.62, 18.97
 2.230, 29.71, 19.03
 2.235, 29.82, 19.06
 2.240, 29.92, 19.08
 2.245, 30.02, 19.10
 2.250, 30.11, 19.11
 2.255, 30.23, 19.11
 2.260, 30.32, 19.12
 2.265, 30.42, 19.13
 2.270, 30.52, 19.13
 2.275, 30.59, 19.12
 2.280, 30.69, 19.13
 2.285, 30.76, 19.14
 2.290, 30.81, 19.15
 2.295, 30.86, 19.18
 2.300, 30.89, 19.19
 2.305, 30.90, 19.20
 2.310, 30.92, 19.21
 2.315, 30.92, 19.22
 2.320, 30.90, 19.24
 2.325, 30.90, 19.25
 2.330, 30.85, 19.29
 2.335, 30.83, 19.28
 2.340, 30.78, 19.29
 2.345, 30.73, 19.30
 2.350, 30.68, 19.29
 2.355, 30.62, 19.30
 2.360, 30.52, 19.30
 2.365, 30.46, 19.31
 2.370, 30.37, 19.32
 2.375, 30.26, 19.33
 2.380, 30.15, 19.33
 2.385, 30.02, 19.37
 2.390, 29.91, 19.40
 2.395, 29.77, 19.42
 2.400, 29.64, 19.44
 2.405, 29.49, 19.47
 2.410, 29.34, 19.51
 2.415, 29.19, 19.53
 2.420, 29.03, 19.56
 2.425, 28.87, 19.59
 2.430, 28.72, 19.64
 2.435, 28.55, 19.68
 2.440, 28.37, 19.69
 2.445, 28.21, 19.73
 2.450, 28.04, 19.77
 2.455, 27.87, 19.81
 2.460, 27.70, 19.84
 2.465, 27.55, 19.89
 2.470, 27.37, 19.91
 2.475, 27.20, 19.95
 2.480, 27.04, 20.01
 2.485, 26.86, 20.03
 2.490, 26.70, 20.05
 2.495, 26.55, 20.11
 2.500, 26.38, 20.14
 2.505, 26.23, 20.15
 2.510, 26.06, 20.20
 2.515, 25.95, 20.23
 2.520, 25.80, 20.24
 2.525, 25.63, 20.26
 2.530, 25.51, 20.31
 2.535, 25.38, 20.33
 2.540, 25.25, 20.34
 2.545, 25.13, 20.34
 2.550, 25.02, 20.36
 2.555, 24.89, 20.39
 2.560, 24.80, 20.41
 2.565, 24.68, 20.43
 2.570, 24.57, 20.43
 2.575, 24.50, 20.44
 2.580, 24.41, 20.46
 2.585, 24.33, 20.45
 2.590, 24.25, 20.47
 2.595, 24.18, 20.47
 2.600, 24.11, 20.48
 2.605, 24.03, 20.48
 2.610, 23.97, 20.49
 2.615, 23.91, 20.50
 2.620, 23.85, 20.50
 2.625, 23.80, 20.52
 2.630, 23.74, 20.52
 2.635, 23.70, 20.53
 2.640, 23.67, 20.55
 2.645, 23.62, 20.56
 2.650, 23.60, 20.58
 2.655, 23.59, 20.59
 2.660, 23.56, 20.61
 2.665, 23.53, 20.61
 2.670, 23.53, 20.63
 2.675, 23.57, 20.63
 2.680, 23.59, 20.66
 2.685, 23.59, 20.67
 2.690, 23.61, 20.67
 2.695, 23.64, 20.70
 2.700, 23.65, 20.72
 2.705, 23.70, 20.71
 2.710, 23.74, 20.73
 2.715, 23.78, 20.75
 2.720, 23.84, 20.74
 2.725, 23.89, 20.75
 2.730, 23.94, 20.76
 2.735, 24.00, 20.76
 2.740, 24.05, 20.78
 2.745, 24.12, 20.78
 2.750, 24.16, 20.80
 2.755, 24.26, 20.79
 2.760, 24.30, 20.80
 2.765, 24.39, 20.81
 2.770, 24.48, 20.82
 2.775, 24.52, 20.83
 2.780, 24.60, 20.83
 2.785, 24.70, 20.83
 2.790, 24.78, 20.86
 2.795, 24.84, 20.86
 2.800, 24.92, 20.83
 2.805, 25.01, 20.85
 2.810, 25.06, 20.84
 2.815, 25.14, 20.84
 2.820, 25.15, 20.83
 2.825, 25.23, 20.83
 2.830, 25.26, 20.81
 2.835, 25.26, 20.80
 2.840, 25.29, 20.79
 2.845, 25.28, 20.79
 2.850, 25.27, 20.79
 2.855, 25.25, 20.77
 2.860, 25.23, 20.77
 2.865, 25.15, 20.76
 2.870, 25.12, 20.76
 2.875, 25.02, 20.71
 2.880, 24.93, 20.70
 2.885, 24.83, 20.68
 2.890, 24.72, 20.65
 2.895, 24.60, 20.61
 2.900, 24.49, 20.59
 2.905, 24.36, 20.55
 2.910, 24.22, 20.53
 2.915, 24.08, 20.48
 2.920, 23.95, 20.45
 2.925, 23.81, 20.42
 2.930, 23.67, 20.38
 2.935, 23.53, 20.35
 2.940, 23.40, 20.34
 2.945, 23.25, 20.30
 2.950, 23.11, 20.27
 2.955, 22.99, 20.25
 2.960, 22.88, 20.19
 2.965, 22.76, 20.18
 2.970, 22.63, 20.15
 2.975, 22.53, 20.14
 2.980, 22.43, 20.11
 2.985, 22.35, 20.09
 2.990, 22.24, 20.07
 2.995, 22.18, 20.02
 3.000, 22.10, 20.00
 3.005, 22.04, 19.99
 3.010, 21.98, 19.97
 3.015, 21.92, 19.96
 3.020, 21.88, 19.91
 3.025, 21.85, 19.90
 3.030, 21.84, 19.86
 3.035, 21.81, 19.86
 3.040, 21.79, 19.80
 3.045, 21.78, 19.78
 3.050, 21.78, 19.76
 3.055, 21.78, 19.72
 3.060, 21.81, 19.70
 3.065, 21.85, 19.68
 3.070, 21.87, 19.66
 3.075, 21.91, 19.63
 3.080, 21.96, 19.61
 3.085, 21.99, 19.56
 3.090, 22.07, 19.56
 3.095, 22.10, 19.53
 3.100, 22.20, 19.50
 3.105, 22.27, 19.48
 3.110, 22.34, 19.48
 3.115, 22.43, 19.45
 3.120, 22.54, 19.45
 3.125, 22.65, 19.45
 3.130, 22.76, 19.44
 3.135, 22.86, 19.44
 3.140, 22.98, 19.44
 3.145, 23.10, 19.43
 3.150, 23.23, 19.43
 3.155, 23.34, 19.43
 3.160, 23.47, 19.43
 3.165, 23.58, 19.43
 3.170, 23.71, 19.44
 3.175, 23.85, 19.47
 3.180, 24.00, 19.47
 3.185, 24.14, 19.48
 3.190, 24.29, 19.51
 3.195, 24.44, 19.56
 3.200, 24.58, 19.56
 3.205, 24.75, 19.59
 3.210, 24.93, 19.62
 3.215, 25.09, 19.65
 3.220, 25.28, 19.68
 3.225, 25.47, 19.69
 3.230, 25.64, 19.69
 3.235, 25.84, 19.70
 3.240, 26.06, 19.71
 3.245, 26.26, 19.71
 3.250, 26.45, 19.71
 3.255, 26.66, 19.71
 3.260, 26.83, 19.71
 3.265, 27.04, 19.71
 3.270, 27.23, 19.71
 3.275, 27.39, 19.71
 3.280, 27.59, 19.70
 3.285, 27.77, 19.69
 3.290, 27.93, 19.69
 3.295, 28.13, 19.68
 3.300, 28.31, 19.64
 3.305, 28.49, 19.58
 3.310, 28.69, 19.54
 3.315, 28.87, 19.49
 3.320, 29.03, 19.42
 3.325, 29.21, 19.35
 3.330, 29.37, 19.29
 3.335, 29.50, 19.22
 3.340, 29.64, 19.19
 3.345, 29.74, 19.13
 3.350, 29.82, 19.10
 3.355, 29.87, 19.09
 3.360, 29.89, 19.11
 3.365, 29.89, 19.11
 3.370, 29.85, 19.15
 3.375, 29.77, 19.21
 3.380, 29.69, 19.27
 3.385, 29.58, 19.31
 3.390, 29.46, 19.33
 3.395, 29.33, 19.40
 3.400, 29.22, 19.43
 3.405, 29.07, 19.48
 3.410, 28.91, 19.53
 3.415, 28.77, 19.53
 3.420, 28.58, 19.56
 3.425, 28.43, 19.61
 3.430, 28.25, 19.66
 3.435, 28.07, 19.69
 3.440, 27.90, 19.72
 3.445, 27.72, 19.75
 3.450, 27.56, 19.78
 3.455, 27.36, 19.79
 3.460, 27.18, 19.82
 3.465, 27.00, 19.86
 3.470, 26.82, 19.89
 3.475, 26.63, 19.90
 3.480, 26.41, 19.90
 3.485, 26.26, 19.91
 3.490, 26.06, 19.93
 3.495, 25.85, 19.95
 3.500, 25.67, 19.98
 3.505, 25.48, 20.01
 3.510, 25.29, 20.02
 3.515, 25.09, 20.03
 3.520, 24.91, 20.09
 3.525, 24.74, 20.11
 3.530, 24.55, 20.12
 3.535, 24.38, 20.17
 3.540, 24.21, 20.18
 3.545, 24.06, 20.20
 3.550, 23.89, 20.20
 3.555, 23.75, 20.22
 3.560, 23.62, 20.21
 3.565, 23.49, 20.22
 3.570, 23.34, 20.23
 3.575, 23.22, 20.23
 3.580, 23.11, 20.24
 3.585, 23.00, 20.23
 3.590, 22.89, 20.24
 3.595, 22.79, 20.24
 3.600, 22.70, 20.24
 3.605, 22.59, 20.26
 3.610, 22.50, 20.27
 3.615, 22.40, 20.26
 3.620, 22.32, 20.28
 3.625, 22.24, 20.26
 3.630, 22.16, 20.27
 3.635, 22.09, 20.28
 3.640, 22.04, 20.28
 3.645, 21.96, 20.26
 3.650, 21.90, 20.25
 3.655, 21.85, 20.25
 3.660, 21.80, 20.24
 3.665, 21.77, 20.25
 3.670, 21.73, 20.24
 3.675, 21.71, 20.23
 3.680, 21.69, 20.22
 3.685, 21.68, 20.23
 3.690, 21.66, 20.24
 3.695, 21.68, 20.23
 3.700, 21.68, 20.23
 3.705, 21.68, 20.24
 3.710, 21.69, 20.26
 3.715, 21.73, 20.27
 3.720, 21.75, 20.27
 3.725, 21.80, 20.28
 3.730, 21.85, 20.29
 3.735, 21.91, 20.30
 3.740, 21.97, 20.30
 3.745, 22.04, 20.30
 3.750, 22.11, 20.31
 3.755, 22.20, 20.32
 3.760, 22.27, 20.31
 3.765, 22.39, 20.32
 3.770, 22.47, 20.32
 3.775, 22.57, 20.31
 3.780, 22.69, 20.32
 3.785, 22.79, 20.33
 3.790, 22.92, 20.32
 3.795, 23.04, 20.34
 3.800, 23.17, 20.34
 3.805, 23.30, 20.34
 3.810, 23.41, 20.35
 3.815, 23.53, 20.36
 3.820, 23.68, 20.35
 3.825, 23.82, 20.35
 3.830, 23.95, 20.36
 3.835, 24.06, 20.36
 3.840, 24.18, 20.36
 3.845, 24.34, 20.36
 3.850, 24.46, 20.37
 3.855, 24.58, 20.36
 3.860, 24.69, 20.38
 3.865, 24.81, 20.36
 3.870, 24.91, 20.35
 3.875, 24.98, 20.35
 3.880, 25.08, 20.35
 3.885, 25.16, 20.36
 3.890, 25.22, 20.34
 3.895, 25.27, 20.34
 3.900, 25.32, 20.33
 3.905, 25.36, 20.32
 3.910, 25.36, 20.31
 3.915, 25.36, 20.31
 3.920, 25.36, 20.28
 3.925, 25.34, 20.26
 3.930, 25.33, 20.25
 3.935, 25.27, 20.26
 3.940, 25.22, 20.24
 3.945, 25.17, 20.22
 3.950, 25.12, 20.21
 3.955, 25.04, 20.16
 3.960, 24.94, 20.14
 3.965, 24.87, 20.13
 3.970, 24.79, 20.12
 3.975, 24.70, 20.06
 3.980, 24.59, 20.03
 3.985, 24.51, 20.02
 3.990, 24.39, 20.00
 3.995, 24.28, 19.95
 4.000, 24.18, 19.92
 4.005, 24.09, 19.90
 4.010, 24.00, 19.89
 4.015, 23.90, 19.85
 4.020, 23.82, 19.81
 4.025, 23.72, 19.80
 4.030, 23.62, 19.77
 4.035, 23.54, 19.75
 4.040, 23.48, 19.73
 4.045, 23.40, 19.71
 4.050, 23.34, 19.68
 4.055, 23.28, 19.67
 4.060, 23.22, 19.66
 4.065, 23.17, 19.66
 4.070, 23.14, 19.64
 4.075, 23.09, 19.63
 4.080, 23.08, 19.61
 4.085, 23.05, 19.59
 4.090, 23.06, 19.58
 4.095, 23.05, 19.57
 4.100, 23.05, 19.58
 4.105, 23.06, 19.57
 4.110, 23.06, 19.57
 4.115, 23.06, 19.57
 4.120, 23.07, 19.58
 4.125, 23.08, 19.58
 4.130, 23.13, 19.61
 4.135, 23.17, 19.63
 4.140, 23.22, 19.64
 4.145, 23.26, 19.66
 4.150, 23.29, 19.67
 4.155, 23.37, 19.70
 4.160, 23.43, 19.72
 4.165, 23.50, 19.73
 4.170, 23.56, 19.77
 4.175, 23.67, 19.78
 4.180, 23.75, 19.82
 4.185, 23.83, 19.84
 4.190, 23.93, 19.85
 4.195, 24.04, 19.91
 4.200, 24.14, 19.91
 4.205, 24.25, 19.94
 4.210, 24.37, 19.96
 4.215, 24.48, 20.00
 4.220, 24.60, 20.03
 4.225, 24.73, 20.06
 4.230, 24.86, 20.08
 4.235, 24.99, 20.11
 4.240, 25.10, 20.14
 4.245, 25.26, 20.16
 4.250, 25.36, 20.19
 4.255, 25.51, 20.22
 4.260, 25.63, 20.21
 4.265, 25.78, 20.25
 4.270, 25.93, 20.26
 4.275, 26.06, 20.27
 4.280, 26.24, 20.28
 4.285, 26.39, 20.28
 4.290, 26.57, 20.28
 4.295, 26.74, 20.27
 4.300, 26.93, 20.29
 4.305, 27.13, 20.29
 4.310, 27.32, 20.27
 4.315, 27.51, 20.27
 4.320, 27.72, 20.26
 4.325, 27.91, 20.25
 4.330, 28.11, 20.25
 4.335, 28.29, 20.25
 4.340, 28.50, 20.26
 4.345, 28.68, 20.25
 4.350, 28.84, 20.25
 4.355, 29.03, 20.26
 4.360, 29.18, 20.28
 4.365, 29.35, 20.28
 4.370, 29.50, 20.28
 4.375, 29.64, 20.30
 4.380, 29.78, 20.31
 4.385, 29.90, 20.35
 4.390, 30.02, 20.37
 4.395, 30.13, 20.38
 4.400, 30.22, 20.38
 4.405, 30.31, 20.38
 4.410, 30.40, 20.38
 4.415, 30.48, 20.37
 4.420, 30.54, 20.37
 4.425, 30.58, 20.37
 4.430, 30.65, 20.37
 4.435, 30.66, 20.38
 4.440, 30.67, 20.38
 4.445, 30.66, 20.41
 4.450, 30.65, 20.43
 4.455, 30.63, 20.49
 4.460, 30.55, 20.53
 4.465, 30.52, 20.60
 4.470, 30.43, 20.66
 4.475, 30.33, 20.72
 4.480, 30.24, 20.80
 4.485, 30.13, 20.84
 4.490, 30.03, 20.90
 4.495, 29.91, 20.95
 4.500, 29.80, 21.00
 4.505, 29.68, 21.05
 4.510, 29.55, 21.10
 4.515, 29.43, 21.15
 4.520, 29.28, 21.20
 4.525, 29.13, 21.25
 4.530, 28.98, 21.30
 4.535, 28.83, 21.34
 4.540, 28.67, 21.39
 4.545, 28.53, 21.45
 4.550, 28.36, 21.50
 4.555, 28.19, 21.54
 4.560, 28.04, 21.58
 4.565, 27.88, 21.62
 4.570, 27.70, 21.67
 4.575, 27.56, 21.69
 4.580, 27.39, 21.74
 4.585, 27.23, 21.74
 4.590, 27.07, 21.79
 4.595, 26.90, 21.83
 4.600, 26.73, 21.85
 4.605, 26.56, 21.88
 4.610, 26.40, 21.92
 4.615, 26.25, 21.96
 4.620, 26.09, 21.98
 4.625, 25.92, 21.99
 4.630, 25.76, 22.01
 4.635, 25.62, 22.03
 4.640, 25.47, 22.04
 4.645, 25.33, 22.06
 4.650, 25.21, 22.07
 4.655, 25.04, 22.07
 4.660, 24.92, 22.06
 4.665, 24.79, 22.07
 4.670, 24.67, 22.07
 4.675, 24.55, 22.06
 4.680, 24.42, 22.05
 4.685, 24.29, 22.06
 4.690, 24.16, 22.06
 4.695, 24.05, 22.05
 4.700, 23.93, 22.06
 4.705, 23.83, 22.05
 4.710, 23.73, 22.05
 4.715, 23.61, 22.05
 4.720, 23.51, 22.05
 4.725, 23.42, 22.04
 4.730, 23.33, 22.01
 4.735, 23.25, 22.02
 4.740, 23.16, 22.01
 4.745, 23.06, 21.99
 4.750, 22.97, 21.97
 4.755, 22.88, 21.97
 4.760, 22.82, 21.97
 4.765, 22.73, 21.96
 4.770, 22.64, 21.93
 4.775, 22.61, 21.96
 4.780, 22.51, 21.94
 4.785, 22.46, 21.93
 4.790, 22.40, 21.94
 4.795, 22.34, 21.94
 4.800, 22.30, 21.96
 4.805, 22.26, 21.98
 4.810, 22.24, 21.99
 4.815, 22.21, 22.02
 4.820, 22.18, 22.04
 4.825, 22.18, 22.07
 4.830, 22.16, 22.09
 4.835, 22.17, 22.13
 4.840, 22.18, 22.14
 4.845, 22.16, 22.16
 4.850, 22.15, 22.19
 4.855, 22.16, 22.21
 4.860, 22.18, 22.24
 4.865, 22.20, 22.27
 4.870, 22.19, 22.28
 4.875, 22.23, 22.31
 4.880, 22.27, 22.34
 4.885, 22.30, 22.35
 4.890, 22.31, 22.37
 4.895, 22.35, 22.38
 4.900, 22.40, 22.39
 4.905, 22.44, 22.39
 4.910, 22.45, 22.40
 4.915, 22.51, 22.44
 4.920, 22.54, 22.43
 4.925, 22.60, 22.46
 4.930, 22.65, 22.47
 4.935, 22.69, 22.45
 4.940, 22.74, 22.47
 4.945, 22.79, 22.44
 4.950, 22.83, 22.43
 4.955, 22.88, 22.40
 4.960, 22.93, 22.40
 4.965, 22.99, 22.38
 4.970, 23.05, 22.36
 4.975, 23.10, 22.36
 4.980, 23.15, 22.33
 4.985, 23.23, 22.29
 4.990, 23.27, 22.28
 4.995, 23.32, 22.26
 5.000, 23.38, 22.23
 5.005, 23.43, 22.19
 5.010, 23.49, 22.15
 5.015, 23.55, 22.13
 5.020, 23.61, 22.13
 5.025, 23.65, 22.10
 5.030, 23.70, 22.04
 5.035, 23.76, 22.03
 5.040, 23.79, 22.00
 5.045, 23.84, 21.94
 5.050, 23.86, 21.92
 5.055, 23.89, 21.90
 5.060, 23.93, 21.87
 5.065, 23.93, 21.85
 5.070, 23.94, 21.81
 5.075, 23.95, 21.77
 5.080, 23.94, 21.76
 5.085, 23.92, 21.70
 5.090, 23.88, 21.68
 5.095, 23.85, 21.65
 5.100, 23.82, 21.64
 5.105, 23.76, 21.58
 5.110, 23.74, 21.54
 5.115, 23.66, 21.53
 5.120, 23.60, 21.49
 5.125, 23.52, 21.45
 5.130, 23.45, 21.42
 5.135, 23.37, 21.39
 5.140, 23.29, 21.34
 5.145, 23.20, 21.31
 5.150, 23.10, 21.29
 5.155, 23.01, 21.27
 5.160, 22.91, 21.24
 5.165, 22.83, 21.19
 5.170, 22.71, 21.16
 5.175, 22.63, 21.14
 5.180, 22.55, 21.09
 5.185, 22.43, 21.07
 5.190, 22.34, 21.06
 5.195, 22.26, 21.04
 5.200, 22.18, 21.00
 5.205, 22.09, 20.99
 5.210, 22.02, 20.97
 5.215, 21.94, 20.96
 5.220, 21.88, 20.93
 5.225, 21.81, 20.94
 5.230, 21.74, 20.93
 5.235, 21.71, 20.92
 5.240, 21.65, 20.91
 5.245, 21.61, 20.92
 5.250, 21.59, 20.94
 5.255, 21.54, 20.93
 5.260, 21.52, 20.93
 5.265, 21.51, 20.95
 5.270, 21.49, 20.96
 5.275, 21.50, 20.96
 5.280, 21.49, 20.96
 5.285, 21.48, 20.97
 5.290, 21.52, 20.98
 5.295, 21.52, 21.01
 5.300, 21.54, 21.01
 5.305, 21.55, 21.04
 5.310, 21.56, 21.03
 5.315, 21.60, 21.04
 5.320, 21.63, 21.04
 5.325, 21.66, 21.06
 5.330, 21.68, 21.06
 5.335, 21.74, 21.06
 5.340, 21.76, 21.07
 5.345, 21.82, 21.07
 5.350, 21.87, 21.06
 5.355, 21.95, 21.07
 5.360, 21.99, 21.06
 5.365, 22.09, 21.08
 5.370, 22.17, 21.06
 5.375, 22.26, 21.07
 5.380, 22.35, 21.06
 5.385, 22.43, 21.06
 5.390, 22.54, 21.06
 5.395, 22.66, 21.05
 5.400, 22.76, 21.06
 5.405, 22.89, 21.05
 5.410, 23.00, 21.03
 5.415, 23.15, 21.02
 5.420, 23.27, 21.00
 5.425, 23.39, 20.99
 5.430, 23.55, 20.96
 5.435, 23.69, 20.93
 5.440, 23.84, 20.91
 5.445, 24.02, 20.88
 5.450, 24.17, 20.85
 5.455, 24.37, 20.80
 5.460, 24.55, 20.77
 5.465, 24.76, 20.76
 5.470, 24.97, 20.70
 5.475, 25.19, 20.68
 5.480, 25.42, 20.64
 5.485, 25.65, 20.61
 5.490, 25.91, 20.58
 5.495, 26.15, 20.55
 5.500, 26.39, 20.51
 5.505, 26.68, 20.48
 5.510, 26.93, 20.46
 5.515, 27.18, 20.40
 5.520, 27.47, 20.37
 5.525, 27.72, 20.36
 5.530, 28.01, 20.31
 5.535, 28.27, 20.27
 5.540, 28.52, 20.25
 5.545, 28.80, 20.23
 5.550, 29.05, 20.18
 5.555, 29.31, 20.17
 5.560, 29.55, 20.16
 5.565, 29.79, 20.16
 5.570, 30.01, 20.15
 5.575, 30.18, 20.15
 5.580, 30.37, 20.15
 5.585, 30.52, 20.16
 5.590, 30.67, 20.16
 5.595, 30.78, 20.16
 5.600, 30.88, 20.18
 5.605, 30.93, 20.18
 5.610, 30.98, 20.21
 5.615, 31.00, 20.25
 5.620, 30.96, 20.28
 5.625, 30.91, 20.35
 5.630, 30.82, 20.39
 5.635, 30.71, 20.45
 5.640, 30.62, 20.51
 5.645, 30.51, 20.60
 5.650, 30.37, 20.62
 5.655, 30.27, 20.69
 5.660, 30.16, 20.73
 5.665, 30.04, 20.79
 5.670, 29.94, 20.82
 5.675, 29.82, 20.83
 5.680, 29.71, 20.86
 5.685, 29.60, 20.88
 5.690, 29.48, 20.91
 5.695, 29.36, 20.92
 5.700, 29.23, 20.94
 5.705, 29.11, 20.95
 5.710, 28.98, 20.97
 5.715, 28.83, 21.01
 5.720, 28.68, 21.03
 5.725, 28.51, 21.05
 5.730, 28.35, 21.10
 5.735, 28.19, 21.13
 5.740, 28.01, 21.16
 5.745, 27.82, 21.20
 5.750, 27.66, 21.24
 5.755, 27.48, 21.27
 5.760, 27.28, 21.31
 5.765, 27.12, 21.35
 5.770, 26.95, 21.39
 5.775, 26.78, 21.42
 5.780, 26.60, 21.44
 5.785, 26.42, 21.48
 5.790, 26.27, 21.53
 5.795, 26.12, 21.54
 5.800, 25.94, 21.57
 5.805, 25.81, 21.60
 5.810, 25.66, 21.62
 5.815, 25.51, 21.64
 5.820, 25.38, 21.66
 5.825, 25.24, 21.70
 5.830, 25.09, 21.71
 5.835, 24.98, 21.72
 5.840, 24.84, 21.75
 5.845, 24.70, 21.76
 5.850, 24.61, 21.79
 5.855, 24.47, 21.80
 5.860, 24.36, 21.83
 5.865, 24.24, 21.85
 5.870, 24.12, 21.86
 5.875, 24.02, 21.87
 5.880, 23.91, 21.88
 5.885, 23.80, 21.91
 5.890, 23.70, 21.92
 5.895, 23.60, 21.92
 5.900, 23.49, 21.95
 5.905, 23.40, 21.95
 5.910, 23.28, 21.94
 5.915, 23.19, 21.96
 5.920, 23.10, 21.94
 5.925, 23.02, 21.97
 5.930, 22.92, 21.97
 5.935, 22.85, 21.97
 5.940, 22.75, 21.96
 5.945, 22.67, 21.98
 5.950, 22.59, 21.99
 5.955, 22.53, 21.99
 5.960, 22.45, 21.99
 5.965, 22.41, 22.02
 5.970, 22.35, 22.00
 5.975, 22.31, 22.04
 5.980, 22.25, 22.03
 5.985, 22.22, 22.07
 5.990, 22.20, 22.05
 5.995, 22.19, 22.06
 6.000, 22.19, 22.05
 6.005, 22.19, 22.06
 6.010, 22.19, 22.06
 6.015, 22.20, 22.05
 6.020, 22.22, 22.06
 6.025, 22.24, 22.07
 6.030, 22.27, 22.06
 6.035, 22.32, 22.07
 6.040, 22.38, 22.06
 6.045, 22.43, 22.07
 6.050, 22.50, 22.05
 6.055, 22.57, 22.05
 6.060, 22.63, 22.06
 6.065, 22.72, 22.06
 6.070, 22.81, 22.04
 6.075, 22.91, 22.04
 6.080, 23.01, 22.04
 6.085, 23.12, 22.04
 6.090, 23.23, 22.03
 6.095, 23.35, 22.02
 6.100, 23.48, 22.01
 6.105, 23.60, 22.00
 6.110, 23.73, 21.99
 6.115, 23.86, 22.00
 6.120, 24.03, 21.98
 6.125, 24.16, 21.97
 6.130, 24.32, 21.95
 6.135, 24.47, 21.95
 6.140, 24.62, 21.96
 6.145, 24.79, 21.92
 6.150, 24.94, 21.91
 6.155, 25.12, 21.91
 6.160, 25.26, 21.89
 6.165, 25.46, 21.88
 6.170, 25.60, 21.88
 6.175, 25.76, 21.86
 6.180, 25.91, 21.85
 6.185, 26.06, 21.85
 6.190, 26.23, 21.83
 6.195, 26.34, 21.82
 6.200, 26.48, 21.81
 6.205, 26.61, 21.78
 6.210, 26.71, 21.77
 6.215, 26.83, 21.77
 6.220, 26.92, 21.77
 6.225, 27.00, 21.75
 6.230, 27.07, 21.74
 6.235, 27.12, 21.74
 6.240, 27.17, 21.73
 6.245, 27.21, 21.72
 6.250, 27.22, 21.72
 6.255, 27.21, 21.71
 6.260, 27.21, 21.70
 6.265, 27.20, 21.68
 6.270, 27.19, 21.66
 6.275, 27.13, 21.64
 6.280, 27.10, 21.63
 6.285, 27.01, 21.63
 6.290, 26.97, 21.61
 6.295, 26.87, 21.58
 6.300, 26.79, 21.58
 6.305, 26.71, 21.55
 6.310, 26.62, 21.54
 6.315, 26.52, 21.52
 6.320, 26.42, 21.51
 6.325, 26.31, 21.49
 6.330, 26.21, 21.45
 6.335, 26.11, 21.43
 6.340, 25.99, 21.42
 6.345, 25.88, 21.42
 6.350, 25.78, 21.38
 6.355, 25.69, 21.34
 6.360, 25.57, 21.33
 6.365, 25.48, 21.31
 6.370, 25.37, 21.27
 6.375, 25.31, 21.25
 6.380, 25.23, 21.21
 6.385, 25.15, 21.19
 6.390, 25.10, 21.16
 6.395, 25.04, 21.14
 6.400, 24.96, 21.10
 6.405, 24.93, 21.07
 6.410, 24.89, 21.05
 6.415, 24.85, 21.00
 6.420, 24.81, 20.98
 6.425, 24.80, 20.95
 6.430, 24.79, 20.90
 6.435, 24.77, 20.87
 6.440, 24.77, 20.84
 6.445, 24.76, 20.80
 6.450, 24.76, 20.78
 6.455, 24.77, 20.72
 6.460, 24.80, 20.70
 6.465, 24.81, 20.65
 6.470, 24.82, 20.62
 6.475, 24.87, 20.58
 6.480, 24.92, 20.55
 6.485, 24.94, 20.49
 6.490, 25.01, 20.47
 6.495, 25.06, 20.43
 6.500, 25.14, 20.41
 6.505, 25.21, 20.39
 6.510, 25.27, 20.38
 6.515, 25.35, 20.36
 6.520, 25.44, 20.35
 6.525, 25.52, 20.33
 6.530, 25.62, 20.33
 6.535, 25.69, 20.34
 6.540, 25.79, 20.35
 6.545, 25.89, 20.36
 6.550, 25.97, 20.39
 6.555, 26.08, 20.40
 6.560, 26.18, 20.42
 6.565, 26.28, 20.45
 6.570, 26.38, 20.47
 6.575, 26.50, 20.51
 6.580, 26.61, 20.54
 6.585, 26.72, 20.58
 6.590, 26.84, 20.60
 6.595, 26.95, 20.64
 6.600, 27.07, 20.69
 6.605, 27.23, 20.72
 6.610, 27.34, 20.75
 6.615, 27.49, 20.82
 6.620, 27.60, 20.84
 6.625, 27.72, 20.91
 6.630, 27.86, 20.95
 6.635, 27.96, 21.03
 6.640, 28.08, 21.07
 6.645, 28.19, 21.14
 6.650, 28.31, 21.18
 6.655, 28.41, 21.26
 6.660, 28.50, 21.30
 6.665, 28.63, 21.37
 6.670, 28.75, 21.41
 6.675, 28.88, 21.42
 6.680, 29.02, 21.45
 6.685, 29.14, 21.48
 6.690, 29.30, 21.48
 6.695, 29.45, 21.45
 6.700, 29.62, 21.43
 6.705, 29.81, 21.39
 6.710, 29.97, 21.35
 6.715, 30.16, 21.29
 6.720, 30.33, 21.24
 6.725, 30.50, 21.18
 6.730, 30.67, 21.11
 6.735, 30.83, 21.05
 6.740, 30.98, 21.00
 6.745, 31.13, 20.95
 6.750, 31.24, 20.88
 6.755, 31.37, 20.83
 6.760, 31.47, 20.81
 6.765, 31.56, 20.77
 6.770, 31.61, 20.73
 6.775, 31.62, 20.73
 6.780, 31.61, 20.73
 6.785, 31.56, 20.80
 6.790, 31.48, 20.83
 6.795, 31.39, 20.91
 6.800, 31.30, 20.96
 6.805, 31.20, 21.04
 6.810, 31.11, 21.07
 6.815, 30.99, 21.14
 6.820, 30.87, 21.18
 6.825, 30.77, 21.24
 6.830, 30.64, 21.26
 6.835, 30.53, 21.28
 6.840, 30.39, 21.29
 6.845, 30.28, 21.32
 6.850, 30.14, 21.34
 6.855, 29.99, 21.38
 6.860, 29.85, 21.40
 6.865, 29.68, 21.41
 6.870, 29.54, 21.44
 6.875, 29.38, 21.48
 6.880, 29.23, 21.53
 6.885, 29.09, 21.55
 6.890, 28.92, 21.60
 6.895, 28.78, 21.64
 6.900, 28.64, 21.64
 6.905, 28.48, 21.67
 6.910, 28.36, 21.70
 6.915, 28.22, 21.72
 6.920, 28.10, 21.75
 6.925, 27.94, 21.76
 6.930, 27.80, 21.77
 6.935, 27.68, 21.81
 6.940, 27.56, 21.85
 6.945, 27.41, 21.88
 6.950, 27.28, 21.88
 6.955, 27.16, 21.96
 6.960, 27.02, 21.98
 6.965, 26.87, 21.99
 6.970, 26.75, 22.06
 6.975, 26.61, 22.08
 6.980, 26.49, 22.11
 6.985, 26.38, 22.16
 6.990, 26.28, 22.18
 6.995, 26.15, 22.20
 7.000, 26.04, 22.21
 7.005, 25.94, 22.23
 7.010, 25.84, 22.27
 7.015, 25.74, 22.29
 7.020, 25.67, 22.30
 7.025, 25.59, 22.31
 7.030, 25.50, 22.32
 7.035, 25.43, 22.32
 7.040, 25.36, 22.31
 7.045, 25.30, 22.32
 7.050, 25.24, 22.30
 7.055, 25.16, 22.31
 7.060, 25.11, 22.30
 7.065, 25.05, 22.30
 7.070, 24.99, 22.28
 7.075, 24.94, 22.29
 7.080, 24.88, 22.28
 7.085, 24.86, 22.25
 7.090, 24.80, 22.22
 7.095, 24.77, 22.20
 7.100, 24.75, 22.19
 7.105, 24.72, 22.16
 7.110, 24.69, 22.12
 7.115, 24.68, 22.11
 7.120, 24.67, 22.09
 7.125, 24.65, 22.05
 7.130, 24.64, 22.02
 7.135, 24.64, 21.96
 7.140, 24.65, 21.94
 7.145, 24.66, 21.92
 7.150, 24.69, 21.89
 7.155, 24.71, 21.85
 7.160, 24.71, 21.81
 7.165, 24.76, 21.77
 7.170, 24.81, 21.75
 7.175, 24.85, 21.71
 7.180, 24.90, 21.68
 7.185, 24.93, 21.64
 7.190, 25.01, 21.61
 7.195, 25.05, 21.57
 7.200, 25.13, 21.56
 7.205, 25.17, 21.52
 7.210, 25.26, 21.49
 7.215, 25.35, 21.47
 7.220, 25.40, 21.43
 7.225, 25.48, 21.41
 7.230, 25.58, 21.36
 7.235, 25.66, 21.34
 7.240, 25.74, 21.31
 7.245, 25.81, 21.26
 7.250, 25.90, 21.25
 7.255, 26.01, 21.23
 7.260, 26.10, 21.21
 7.265, 26.19, 21.16
 7.270, 26.28, 21.16
 7.275, 26.37, 21.14
 7.280, 26.46, 21.12
 7.285, 26.56, 21.11
 7.290, 26.64, 21.09
 7.295, 26.74, 21.07
 7.300, 26.84, 21.06
 7.305, 26.94, 21.05
 7.310, 27.00, 21.07
 7.315, 27.10, 21.06
 7.320, 27.17, 21.05
 7.325, 27.29, 21.05
 7.330, 27.38, 21.04
 7.335, 27.43, 21.04
 7.340, 27.50, 21.05
 7.345, 27.59, 21.04
 7.350, 27.65, 21.05
 7.355, 27.71, 21.05
 7.360, 27.77, 21.06
 7.365, 27.84, 21.05
 7.370, 27.87, 21.07
 7.375, 27.91, 21.07
 7.380, 27.97, 21.08
 7.385, 27.98, 21.09
 7.390, 28.01, 21.11
 7.395, 28.03, 21.12
 7.400, 28.03, 21.15
 7.405, 28.02, 21.16
 7.410, 28.01, 21.16
 7.415, 27.99, 21.17
 7.420, 27.96, 21.17
 7.425, 27.91, 21.17
 7.430, 27.87, 21.20
 7.435, 27.81, 21.18
 7.440, 27.76, 21.19
 7.445, 27.68, 21.18
 7.450, 27.61, 21.17
 7.455, 27.53, 21.16
 7.460, 27.43, 21.16
 7.465, 27.34, 21.13
 7.470, 27.24, 21.11
 7.475, 27.14, 21.09
 7.480, 27.04, 21.07
 7.485, 26.94, 21.04
 7.490, 26.83, 21.01
 7.495, 26.69, 20.99
 7.500, 26.57, 20.94
 7.505, 26.46, 20.89
 7.510, 26.35, 20.86
 7.515, 26.21, 20.80
 7.520, 26.10, 20.78
 7.525, 25.98, 20.72
 7.530, 25.86, 20.65
 7.535, 25.74, 20.59
 7.540, 25.64, 20.55
 7.545, 25.54, 20.47
 7.550, 25.42, 20.41
 7.555, 25.34, 20.34
 7.560, 25.24, 20.28
 7.565, 25.16, 20.21
 7.570, 25.09, 20.14
 7.575, 25.02, 20.08
 7.580, 24.94, 20.00
 7.585, 24.90, 19.92
 7.590, 24.84, 19.84
 7.595, 24.81, 19.77
 7.600, 24.77, 19.70
 7.605, 24.72, 19.62
 7.610, 24.71, 19.56
 7.615, 24.69, 19.47
 7.620, 24.70, 19.38
 7.625, 24.69, 19.30
 7.630, 24.68, 19.24
 7.635, 24.70, 19.17
 7.640, 24.70, 19.07
 7.645, 24.72, 19.04
 7.650, 24.75, 18.95
 7.655, 24.79, 18.91
 7.660, 24.81, 18.84
 7.665, 24.84, 18.78
 7.670, 24.90, 18.73
 7.675, 24.92, 18.66
 7.680, 25.00, 18.62
 7.685, 25.04, 18.57
 7.690, 25.12, 18.53
 7.695, 25.16, 18.52
 7.700, 25.24, 18.46
 7.705, 25.33, 18.43
 7.710, 25.40, 18.42
 7.715, 25.46, 18.42
 7.720, 25.56, 18.41
 7.725, 25.64, 18.42
 7.730, 25.74, 18.41
 7.735, 25.84, 18.41
 7.740, 25.91, 18.41
 7.745, 26.00, 18.42
 7.750, 26.09, 18.43
 7.755, 26.19, 18.46
 7.760, 26.28, 18.49
 7.765, 26.39, 18.52
 7.770, 26.48, 18.54
 7.775, 26.57, 18.57
 7.780, 26.68, 18.59
 7.785, 26.76, 18.65
 7.790, 26.87, 18.67
 7.795, 26.99, 18.71
 7.800, 27.10, 18.78
 7.805, 27.19, 18.79
 7.810, 27.29, 18.87
 7.815, 27.40, 18.92
 7.820, 27.49, 18.96
 7.825, 27.59, 19.02
 7.830, 27.70, 19.07
 7.835, 27.79, 19.13
 7.840, 27.92, 19.19
 7.845, 28.00, 19.22
 7.850, 28.11, 19.30
 7.855, 28.22, 19.33
 7.860, 28.32, 19.39
 7.865, 28.44, 19.43
 7.870, 28.57, 19.48
 7.875, 28.68, 19.50
 7.880, 28.80, 19.51
 7.885, 28.94, 19.56
 7.890, 29.06, 19.58
 7.895, 29.20, 19.60
 7.900, 29.33, 19.61
 7.905, 29.48, 19.63
 7.910, 29.59, 19.64
 7.915, 29.75, 19.66
 7.920, 29.87, 19.70
 7.925, 29.98, 19.72
 7.930, 30.09, 19.73
 7.935, 30.21, 19.76
 7.940, 30.33, 19.79
 7.945, 30.43, 19.82
 7.950, 30.54, 19.84
 7.955, 30.64, 19.85
 7.960, 30.73, 19.86
 7.965, 30.82, 19.87
 7.970, 30.91, 19.89
 7.975, 31.00, 19.90
 7.980, 31.06, 19.92
 7.985, 31.14, 19.93
 7.990, 31.20, 19.95
 7.995, 31.23, 19.95
 8.000, 31.25, 19.94
 8.005, 31.28, 19.95
 8.010, 31.29, 19.96
 8.015, 31.25, 20.00
 8.020, 31.25, 20.01
 8.025, 31.21, 20.03
 8.030, 31.14, 20.06
 8.035, 31.08, 20.07
 8.040, 31.01, 20.09
 8.045, 30.92, 20.11
 8.050, 30.82, 20.13
 8.055, 30.72, 20.16
 8.060, 30.62, 20.16
 8.065, 30.52, 20.16
 8.070, 30.41, 20.16
 8.075, 30.29, 20.17
 8.080, 30.17, 20.18
 8.085, 30.04, 20.19
 8.090, 29.91, 20.22
 8.095, 29.78, 20.24
 8.100, 29.65, 20.27
 8.105, 29.51, 20.30
 8.110, 29.38, 20.33
 8.115, 29.24, 20.37
 8.120, 29.11, 20.39
 8.125, 28.96, 20.40
 8.130, 28.83, 20.44
 8.135, 28.72, 20.47
 8.140, 28.58, 20.50
 8.145, 28.46, 20.54
 8.150, 28.34, 20.56
 8.155, 28.20, 20.60
 8.160, 28.08, 20.62
 8.165, 27.93, 20.67
 8.170, 27.80, 20.73
 8.175, 27.69, 20.77
 8.180, 27.55, 20.83
 8.185, 27.41, 20.89
 8.190, 27.29, 20.96
 8.195, 27.18, 21.00
 8.200, 27.08, 21.04
 8.205, 26.96, 21.09
 8.210, 26.88, 21.11
 8.215, 26.81, 21.13
 8.220, 26.72, 21.14
 8.225, 26.63, 21.17
 8.230, 26.59, 21.20
 8.235, 26.49, 21.20
 8.240, 26.42, 21.21
 8.245, 26.37, 21.21
 8.250, 26.30, 21.22
 8.255, 26.24, 21.22
 8.260, 26.18, 21.25
 8.265, 26.12, 21.26
 8.270, 26.07, 21.27
 8.275, 25.99, 21.29
 8.280, 25.95, 21.31
 8.285, 25.88, 21.32
 8.290, 25.82, 21.33
 8.295, 25.77, 21.34
 8.300, 25.72, 21.36
 8.305, 25.66, 21.37
 8.310, 25.62, 21.37
 8.315, 25.56, 21.39
 8.320, 25.52, 21.39
 8.325, 25.48, 21.40
 8.330, 25.44, 21.42
 8.335, 25.42, 21.41
 8.340, 25.39, 21.41
 8.345, 25.35, 21.43
 8.350, 25.32, 21.43
 8.355, 25.33, 21.43
 8.360, 25.29, 21.44
 8.365, 25.28, 21.44
 8.370, 25.25, 21.44
 8.375, 25.28, 21.46
 8.380, 25.27, 21.45
 8.385, 25.28, 21.46
 8.390, 25.32, 21.46
 8.395, 25.32, 21.45
 8.400, 25.34, 21.45
 8.405, 25.35, 21.42
 8.410, 25.39, 21.44
 8.415, 25.42, 21.44
 8.420, 25.45, 21.42
 8.425, 25.50, 21.41
 8.430, 25.56, 21.39
 8.435, 25.60, 21.39
 8.440, 25.68, 21.38
 8.445, 25.72, 21.36
 8.450, 25.80, 21.34
 8.455, 25.88, 21.33
 8.460, 25.93, 21.32
 8.465, 26.01, 21.30
 8.470, 26.10, 21.27
 8.475, 26.18, 21.25
 8.480, 26.25, 21.25
 8.485, 26.33, 21.23
 8.490, 26.44, 21.21
 8.495, 26.53, 21.19
 8.500, 26.63, 21.18
 8.505, 26.72, 21.17
 8.510, 26.83, 21.16
 8.515, 26.92, 21.13
 8.520, 27.01, 21.12
 8.525, 27.11, 21.11
 8.530, 27.21, 21.10
 8.535, 27.31, 21.10
 8.540, 27.43, 21.09
 8.545, 27.51, 21.10
 8.550, 27.62, 21.10
 8.555, 27.71, 21.11
 8.560, 27.80, 21.10
 8.565, 27.91, 21.11
 8.570, 27.99, 21.10
 8.575, 28.07, 21.12
 8.580, 28.14, 21.13
 8.585, 28.20, 21.13
 8.590, 28.26, 21.14
 8.595, 28.29, 21.14
 8.600, 28.33, 21.16
 8.605, 28.35, 21.15
 8.610, 28.37, 21.16
 8.615, 28.36, 21.16
 8.620, 28.34, 21.17
 8.625, 28.33, 21.16
 8.630, 28.29, 21.17
 8.635, 28.24, 21.17
 8.640, 28.19, 21.17
 8.645, 28.12, 21.17
 8.650, 28.04, 21.17
 8.655, 27.96, 21.17
 8.660, 27.86, 21.16
 8.665, 27.75, 21.15
 8.670, 27.64, 21.14
 8.675, 27.51, 21.14
 8.680, 27.40, 21.13
 8.685, 27.27, 21.12
 8.690, 27.13, 21.10
 8.695, 27.00, 21.10
 8.700, 26.87, 21.09
 8.705, 26.73, 21.09
 8.710, 26.57, 21.07
 8.715, 26.44, 21.06
 8.720, 26.28, 21.03
 8.725, 26.15, 21.01
 8.730, 26.02, 21.01
 8.735, 25.88, 20.99
 8.740, 25.74, 20.99
 8.745, 25.62, 20.97
 8.750, 25.48, 20.95
 8.755, 25.37, 20.91
 8.760, 25.26, 20.91
 8.765, 25.15, 20.89
 8.770, 25.05, 20.87
 8.775, 24.97, 20.85
 8.780, 24.90, 20.84
 8.785, 24.82, 20.82
 8.790, 24.73, 20.80
 8.795, 24.69, 20.80
 8.800, 24.61, 20.78
 8.805, 24.58, 20.77
 8.810, 24.53, 20.77
 8.815, 24.48, 20.75
 8.820, 24.46, 20.75
 8.825, 24.43, 20.73
 8.830, 24.41, 20.71
 8.835, 24.38, 20.70
 8.840, 24.39, 20.68
 8.845, 24.38, 20.67
 8.850, 24.41, 20.67
 8.855, 24.43, 20.63
 8.860, 24.48, 20.63
 8.865, 24.49, 20.60
 8.870, 24.52, 20.59
 8.875, 24.59, 20.58
 8.880, 24.65, 20.56
 8.885, 24.71, 20.58
 8.890, 24.81, 20.57
 8.895, 24.87, 20.55
 8.900, 24.95, 20.55
 8.905, 25.04, 20.52
 8.910, 25.14, 20.52
 8.915, 25.26, 20.52
 8.920, 25.37, 20.49
 8.925, 25.48, 20.49
 8.930, 25.59, 20.48
 8.935, 25.73, 20.46
 8.940, 25.86, 20.43
 8.945, 26.00, 20.42
 8.950, 26.17, 20.43
 8.955, 26.32, 20.42
 8.960, 26.48, 20.43
 8.965, 26.63, 20.43
 8.970, 26.80, 20.46
 8.975, 26.95, 20.48
 8.980, 27.09, 20.52
 8.985, 27.22, 20.55
 8.990, 27.36, 20.61
 8.995, 27.48, 20.68
 9.000, 27.56, 20.72
 9.005, 27.66, 20.78
 9.010, 27.73, 20.86
 9.015, 27.81, 20.93
 9.020, 27.88, 21.00
 9.025, 27.92, 21.06
 9.030, 28.00, 21.16
 9.035, 28.07, 21.20
 9.040, 28.15, 21.26
 9.045, 28.24, 21.33
 9.050, 28.33, 21.38
 9.055, 28.43, 21.42
 9.060, 28.54, 21.46
 9.065, 28.65, 21.48
 9.070, 28.76, 21.50
 9.075, 28.88, 21.52
 9.080, 28.97, 21.55
 9.085, 29.06, 21.58
 9.090, 29.15, 21.59
 9.095, 29.24, 21.59
 9.100, 29.32, 21.61
 9.105, 29.41, 21.64
 9.110, 29.49, 21.65
 9.115, 29.57, 21.67
 9.120, 29.66, 21.67
 9.125, 29.74, 21.68
 9.130, 29.85, 21.64
 9.135, 29.94, 21.61
 9.140, 30.06, 21.59
 9.145, 30.15, 21.54
 9.150, 30.27, 21.49
 9.155, 30.39, 21.45
 9.160, 30.50, 21.39
 9.165, 30.60, 21.33
 9.170, 30.70, 21.27
 9.175, 30.80, 21.23
 9.180, 30.84, 21.17
 9.185, 30.89, 21.14
 9.190, 30.90, 21.10
 9.195, 30.89, 21.08
 9.200, 30.82, 21.08
 9.205, 30.78, 21.07
 9.210, 30.70, 21.07
 9.215, 30.60, 21.08
 9.220, 30.53, 21.08
 9.225, 30.46, 21.09
 9.230, 30.35, 21.08
 9.235, 30.26, 21.08
 9.240, 30.16, 21.06
 9.245, 30.10, 21.06
 9.250, 30.02, 21.05
 9.255, 29.93, 21.05
 9.260, 29.85, 21.03
 9.265, 29.76, 21.00
 9.270, 29.65, 20.99
 9.275, 29.54, 20.97
 9.280, 29.44, 20.98
 9.285, 29.32, 20.96
 9.290, 29.20, 20.98
 9.295, 29.10, 21.00
 9.300, 28.95, 21.03
 9.305, 28.80, 21.05
 9.310, 28.66, 21.08
 9.315, 28.51, 21.13
 9.320, 28.35, 21.17
 9.325, 28.22, 21.22
 9.330, 28.04, 21.26
 9.335, 27.91, 21.31
 9.340, 27.73, 21.35
 9.345, 27.58, 21.42
 9.350, 27.41, 21.43
 9.355, 27.24, 21.47
 9.360, 27.05, 21.53
 9.365, 26.90, 21.57
 9.370, 26.72, 21.63
 9.375, 26.53, 21.66
 9.380, 26.37, 21.71
 9.385, 26.18, 21.75
 9.390, 25.97, 21.81
 9.395, 25.80, 21.86
 9.400, 25.60, 21.93
 9.405, 25.41, 21.99
 9.410, 25.22, 22.03
 9.415, 25.02, 22.09
 9.420, 24.84, 22.14
 9.425, 24.65, 22.19
 9.430, 24.48, 22.21
 9.435, 24.32, 22.24
 9.440, 24.16, 22.26
 9.445, 24.01, 22.28
 9.450, 23.87, 22.29
 9.455, 23.73, 22.29
 9.460, 23.58, 22.30
 9.465, 23.46, 22.29
 9.470, 23.34, 22.28
 9.475, 23.20, 22.28
 9.480, 23.09, 22.28
 9.485, 22.98, 22.28
 9.490, 22.85, 22.26
 9.495, 22.75, 22.26
 9.500, 22.64, 22.26
 9.505, 22.55, 22.25
 9.510, 22.48, 22.23
 9.515, 22.39, 22.21
 9.520, 22.29, 22.18
 9.525, 22.21, 22.17
 9.530, 22.16, 22.13
 9.535, 22.09, 22.14
 9.540, 22.04, 22.12
 9.545, 21.99, 22.10
 9.550, 21.93, 22.07
 9.555, 21.88, 22.06
 9.560, 21.85, 22.03
 9.565, 21.81, 21.99
 9.570, 21.78, 21.97
 9.575, 21.77, 21.95
 9.580, 21.75, 21.93
 9.585, 21.76, 21.94
 9.590, 21.75, 21.91
 9.595, 21.76, 21.89
 9.600, 21.76, 21.88
 9.605, 21.77, 21.86
 9.610, 21.79, 21.86
 9.615, 21.80, 21.83
 9.620, 21.84, 21.82
 9.625, 21.86, 21.81
 9.630, 21.91, 21.80
 9.635, 21.96, 21.79
 9.640, 21.99, 21.77
 9.645, 22.03, 21.76
 9.650, 22.09, 21.75
 9.655, 22.14, 21.75
 9.660, 22.20, 21.75
 9.665, 22.28, 21.74
 9.670, 22.34, 21.73
 9.675, 22.42, 21.72
 9.680, 22.47, 21.70
 9.685, 22.58, 21.72
 9.690, 22.65, 21.72
 9.695, 22.74, 21.69
 9.700, 22.84, 21.72
 9.705, 22.91, 21.69
 9.710, 22.99, 21.70
 9.715, 23.11, 21.70
 9.720, 23.21, 21.69
 9.725, 23.31, 21.68
 9.730, 23.45, 21.70
 9.735, 23.53, 21.68
 9.740, 23.66, 21.70
 9.745, 23.77, 21.70
 9.750, 23.92, 21.70
 9.755, 24.02, 21.71
 9.760, 24.14, 21.69
 9.765, 24.26, 21.70
 9.770, 24.37, 21.70
 9.775, 24.48, 21.69
 9.780, 24.59, 21.70
 9.785, 24.70, 21.70
 9.790, 24.80, 21.69
 9.795, 24.90, 21.70
 9.800, 24.97, 21.70
 9.805, 25.05, 21.70
 9.810, 25.12, 21.71
 9.815, 25.15, 21.69
 9.820, 25.23, 21.69
 9.825, 25.26, 21.68
 9.830, 25.26, 21.69
 9.835, 25.29, 21.67
 9.840, 25.29, 21.67
 9.845, 25.27, 21.67
 9.850, 25.27, 21.65
 9.855, 25.25, 21.65
 9.860, 25.21, 21.64
 9.865, 25.16, 21.62
 9.870, 25.09, 21.62
 9.875, 25.03, 21.59
 9.880, 24.96, 21.57
 9.885, 24.88, 21.55
 9.890, 24.80, 21.54
 9.895, 24.70, 21.51
 9.900, 24.60, 21.48
 9.905, 24.49, 21.46
 9.910, 24.39, 21.45
 9.915, 24.27, 21.43
 9.920, 24.19, 21.38
 9.925, 24.06, 21.36
 9.930, 23.96, 21.33
 9.935, 23.84, 21.31
 9.940, 23.75, 21.27
 9.945, 23.62, 21.26
 9.950, 23.52, 21.23
 9.955, 23.41, 21.20
 9.960, 23.33, 21.18
 9.965, 23.22, 21.16
 9.970, 23.14, 21.13
 9.975, 23.05, 21.11
 9.980, 22.97, 21.09
 9.985, 22.90, 21.07
 9.990, 22.84, 21.06
 9.995, 22.76, 21.03
10.000, 22.72, 21.01
10.005, 22.67, 21.00
10.010, 22.61, 20.98
10.015, 22.59, 20.96
10.020, 22.56, 20.95
10.025, 22.52, 20.90
10.030, 22.49, 20.88
10.035, 22.50, 20.86
10.040, 22.48, 20.83
10.045, 22.49, 20.79
10.050, 22.50, 20.76
10.055, 22.50, 20.72
10.060, 22.54, 20.70
10.065, 22.56, 20.65
10.070, 22.62, 20.62
10.075, 22.65, 20.55
10.080, 22.70, 20.52
10.085, 22.75, 20.46
10.090, 22.84, 20.42
10.095, 22.89, 20.38
10.100, 22.97, 20.33
10.105, 23.06, 20.30
10.110, 23.15, 20.26
10.115, 23.23, 20.21
10.120, 23.31, 20.16
10.125, 23.41, 20.11
10.130, 23.51, 20.08
10.135, 23.61, 20.03
10.140, 23.73, 19.98
10.145, 23.83, 19.94
10.150, 23.95, 19.91
10.155, 24.08, 19.86
10.160, 24.20, 19.83
10.165, 24.36, 19.78
10.170, 24.49, 19.74
10.175, 24.62, 19.71
10.180, 24.77, 19.70
10.185, 24.90, 19.68
10.190, 25.04, 19.68
10.195, 25.19, 19.64
10.200, 25.31, 19.66
10.205, 25.44, 19.66
10.210, 25.56, 19.65
10.215, 25.68, 19.67
10.220, 25.80, 19.68
10.225, 25.93, 19.68
10.230, 26.05, 19.69
10.235, 26.19, 19.72
10.240, 26.29, 19.72
10.245, 26.42, 19.73
10.250, 26.57, 19.76
10.255, 26.69, 19.79
10.260, 26.82, 19.80
10.265, 26.95, 19.81
10.270, 27.08, 19.84
10.275, 27.23, 19.87
10.280, 27.35, 19.88
10.285, 27.47, 19.90
10.290, 27.62, 19.90
10.295, 27.76, 19.95
10.300, 27.91, 19.95
10.305, 28.03, 19.96
10.310, 28.16, 19.95
10.315, 28.32, 19.96
10.320, 28.45, 19.96
10.325, 28.59, 19.95
10.330, 28.73, 19.92
10.335, 28.88, 19.90
10.340, 29.01, 19.88
10.345, 29.16, 19.84
10.350, 29.29, 19.82
10.355, 29.43, 19.77
10.360, 29.54, 19.74
10.365, 29.68, 19.71
10.370, 29.76, 19.65
10.375, 29.88, 19.62
10.380, 29.95, 19.58
10.385, 30.02, 19.54
10.390, 30.05, 19.53
10.395, 30.08, 19.51
10.400, 30.07, 19.51
10.405, 30.04, 19.53
10.410, 29.97, 19.54
10.415, 29.89, 19.57
10.420, 29.81, 19.62
10.425, 29.71, 19.65
10.430, 29.59, 19.68
10.435, 29.48, 19.72
10.440, 29.36, 19.74
10.445, 29.23, 19.76
10.450, 29.11, 19.77
10.455, 28.98, 19.80
10.460, 28.82, 19.82
10.465, 28.68, 19.81
10.470, 28.54, 19.85
10.475, 28.38, 19.86
10.480, 28.24, 19.88
10.485, 28.09, 19.88
10.490, 27.91, 19.90
10.495, 27.78, 19.91
10.500, 27.59, 19.91
10.505, 27.45, 19.92
10.510, 27.29, 19.96
10.515, 27.14, 19.98
10.520, 26.95, 20.00
10.525, 26.81, 20.01
10.530, 26.66, 20.01
10.535, 26.48, 20.03
10.540, 26.35, 20.05
10.545, 26.21, 20.09
10.550, 26.06, 20.11
10.555, 25.92, 20.13
10.560, 25.77, 20.14
10.565, 25.63, 20.16
10.570, 25.52, 20.19
10.575, 25.37, 20.22
10.580, 25.25, 20.23
10.585, 25.12, 20.25
10.590, 24.99, 20.27
10.595, 24.90, 20.30
10.600, 24.79, 20.33
10.605, 24.68, 20.33
10.610, 24.58, 20.35
10.615, 24.49, 20.37
10.620, 24.41, 20.38
10.625, 24.31, 20.39
10.630, 24.22, 20.40
10.635, 24.15, 20.44
10.640, 24.06, 20.44
10.645, 23.98, 20.46
10.650, 23.89, 20.47
10.655, 23.83, 20.50
10.660, 23.76, 20.54
10.665, 23.69, 20.55
10.670, 23.62, 20.56
10.675, 23.56, 20.57
10.680, 23.50, 20.60
10.685, 23.43, 20.60
10.690, 23.39, 20.61
10.695, 23.31, 20.61
10.700, 23.27, 20.63
10.705, 23.23, 20.64
10.710, 23.17, 20.68
10.715, 23.14, 20.68
10.720, 23.08, 20.69
10.725, 23.04, 20.71
10.730, 22.99, 20.73
10.735, 22.96, 20.74
10.740, 22.93, 20.74
10.745, 22.89, 20.75
10.750, 22.87, 20.76
10.755, 22.86, 20.77
10.760, 22.83, 20.78
10.765, 22.82, 20.78
10.770, 22.80, 20.77
10.775, 22.80, 20.79
10.780, 22.78, 20.79
10.785, 22.81, 20.78
10.790, 22.82, 20.78
10.795, 22.83, 20.78
10.800, 22.84, 20.79
10.805, 22.87, 20.78
10.810, 22.89, 20.77
10.815, 22.92, 20.76
10.820, 22.96, 20.76
10.825, 22.99, 20.76
10.830, 23.03, 20.75
10.835, 23.06, 20.76
10.840, 23.12, 20.73
10.845, 23.18, 20.75
10.850, 23.22, 20.73
10.855, 23.29, 20.73
10.860, 23.36, 20.72
10.865, 23.44, 20.72
10.870, 23.50, 20.69
10.875, 23.58, 20.70
10.880, 23.67, 20.68
10.885, 23.73, 20.67
10.890, 23.83, 20.66
10.895, 23.92, 20.64
10.900, 24.02, 20.63
10.905, 24.08, 20.62
10.910, 24.18, 20.61
10.915, 24.29, 20.60
10.920, 24.39, 20.59
10.925, 24.50, 20.59
10.930, 24.60, 20.58
10.935, 24.70, 20.57
10.940, 24.80, 20.56
10.945, 24.90, 20.56
10.950, 25.01, 20.56
10.955, 25.12, 20.56
10.960, 25.24, 20.55
10.965, 25.34, 20.56
10.970, 25.45, 20.56
10.975, 25.55, 20.56
10.980, 25.65, 20.56
10.985, 25.75, 20.57
10.990, 25.85, 20.57
10.995, 25.95, 20.57
11.000, 26.04, 20.59
11.005, 26.13, 20.59
11.010, 26.22, 20.62
11.015, 26.30, 20.63
11.020, 26.35, 20.65
11.025, 26.44, 20.66
11.030, 26.48, 20.68
11.035, 26.55, 20.69
11.040, 26.58, 20.71
11.045, 26.62, 20.73
11.050, 26.66, 20.74
11.055, 26.67, 20.76
11.060, 26.68, 20.77
11.065, 26.69, 20.79
11.070, 26.67, 20.82
11.075, 26.66, 20.83
11.080, 26.64, 20.85
11.085, 26.58, 20.85
11.090, 26.55, 20.88
11.095, 26.51, 20.87
11.100, 26.46, 20.88
11.105, 26.38, 20.89
11.110, 26.33, 20.89
11.115, 26.24, 20.88
11.120, 26.17, 20.88
11.125, 26.09, 20.88
11.130, 26.00, 20.87
11.135, 25.90, 20.86
11.140, 25.80, 20.83
11.145, 25.70, 20.82
11.150, 25.63, 20.79
11.155, 25.54, 20.78
11.160, 25.45, 20.78
11.165, 25.34, 20.77
11.170, 25.24, 20.75
11.175, 25.15, 20.69
11.180, 25.06, 20.69
11.185, 24.97, 20.66
11.190, 24.88, 20.65
11.195, 24.81, 20.60
11.200, 24.72, 20.58
11.205, 24.66, 20.55
11.210, 24.59, 20.55
11.215, 24.53, 20.51
11.220, 24.48, 20.47
11.225, 24.40, 20.45
11.230, 24.38, 20.41
11.235, 24.34, 20.39
11.240, 24.28, 20.37
11.245, 24.27, 20.36
11.250, 24.23, 20.32
11.255, 24.20, 20.31
11.260, 24.19, 20.27
11.265, 24.17, 20.25
11.270, 24.16, 20.20
11.275, 24.16, 20.17
11.280, 24.14, 20.14
11.285, 24.15, 20.09
11.290, 24.16, 20.05
11.295, 24.16, 20.02
11.300, 24.18, 19.96
11.305, 24.20, 19.91
11.310, 24.25, 19.87
11.315, 24.27, 19.81
11.320, 24.31, 19.77
11.325, 24.36, 19.73
11.330, 24.39, 19.70
11.335, 24.46, 19.66
11.340, 24.51, 19.60
11.345, 24.59, 19.58
11.350, 24.65, 19.53
11.355, 24.69, 19.49
11.360, 24.77, 19.45
11.365, 24.83, 19.42
11.370, 24.89, 19.39
11.375, 24.97, 19.36
11.380, 25.05, 19.32
11.385, 25.10, 19.30
11.390, 25.21, 19.29
11.395, 25.29, 19.28
11.400, 25.38, 19.25
11.405, 25.45, 19.23
11.410, 25.54, 19.21
11.415, 25.63, 19.21
11.420, 25.72, 19.21
11.425, 25.80, 19.21
11.430, 25.87, 19.21
11.435, 25.97, 19.22
11.440, 26.07, 19.22
11.445, 26.16, 19.25
11.450, 26.24, 19.26
11.455, 26.34, 19.27
11.460, 26.42, 19.30
11.465, 26.52, 19.31
11.470, 26.62, 19.32
11.475, 26.71, 19.35
11.480, 26.83, 19.38
11.485, 26.92, 19.40
11.490, 27.03, 19.41
11.495, 27.12, 19.43
11.500, 27.23, 19.43
11.505, 27.34, 19.46
11.510, 27.46, 19.49
11.515, 27.57, 19.50
11.520, 27.67, 19.51
11.525, 27.78, 19.51
11.530, 27.89, 19.52
11.535, 28.00, 19.52
11.540, 28.11, 19.52
11.545, 28.22, 19.52
11.550, 28.34, 19.52
11.555, 28.45, 19.52
11.560, 28.55, 19.51
11.565, 28.66, 19.50
11.570, 28.76, 19.50
11.575, 28.85, 19.49
11.580, 28.93, 19.50
11.585, 29.02, 19.47
11.590, 29.11, 19.47
11.595, 29.19, 19.46
11.600, 29.25, 19.46
11.605, 29.32, 19.44
11.610, 29.38, 19.47
11.615, 29.46, 19.44
11.620, 29.54, 19.44
11.625, 29.59, 19.43
11.630, 29.65, 19.43
11.635, 29.71, 19.41
11.640, 29.79, 19.40
11.645, 29.84, 19.39
11.650, 29.92, 19.38
11.655, 29.97, 19.36
11.660, 30.02, 19.35
11.665, 30.09, 19.31
11.670, 30.13, 19.31
11.675, 30.15, 19.29
11.680, 30.19, 19.29
11.685, 30.22, 19.29
11.690, 30.23, 19.28
11.695, 30.24, 19.28
11.700, 30.23, 19.27
11.705, 30.22, 19.27
11.710, 30.18, 19.26
11.715, 30.16, 19.28
11.720, 30.13, 19.28
11.725, 30.06, 19.28
11.730, 30.02, 19.29
11.735, 29.95, 19.28
11.740, 29.89, 19.30
11.745, 29.81, 19.30
11.750, 29.72, 19.30
11.755, 29.62, 19.30
11.760, 29.53, 19.30
11.765, 29.42, 19.32
11.770, 29.31, 19.33
11.775, 29.17, 19.34
11.780, 29.05, 19.37
11.785, 28.92, 19.40
11.790, 28.75, 19.41
11.795, 28.60, 19.42
11.800, 28.43, 19.44
11.805, 28.24, 19.47
11.810, 28.06, 19.50
11.815, 27.87, 19.51
11.820, 27.69, 19.55
11.825, 27.48, 19.57
11.830, 27.28, 19.58
11.835, 27.10, 19.62
11.840, 26.91, 19.63
11.845, 26.71, 19.65
11.850, 26.51, 19.67
11.855, 26.32, 19.66
11.860, 26.14, 19.68
11.865, 25.95, 19.67
11.870, 25.75, 19.67
11.875, 25.58, 19.68
11.880, 25.39, 19.68
11.885, 25.18, 19.69
11.890, 25.01, 19.70
11.895, 24.83, 19.70
11.900, 24.65, 19.72
11.905, 24.49, 19.74
11.910, 24.31, 19.78
11.915, 24.16, 19.78
11.920, 23.99, 19.81
11.925, 23.84, 19.80
11.930, 23.70, 19.83
11.935, 23.55, 19.83
11.940, 23.40, 19.85
11.945, 23.30, 19.85
11.950, 23.16, 19.87
11.955, 23.06, 19.86
11.960, 22.94, 19.88
11.965, 22.82, 19.87
11.970, 22.72, 19.87
11.975, 22.62, 19.87
11.980, 22.53, 19.86
11.985, 22.41, 19.83
11.990, 22.33, 19.85
11.995, 22.25, 19.80
12.000, 22.16, 19.81
12.005, 22.09, 19.77
12.010, 22.03, 19.79
12.015, 21.98, 19.77
12.020, 21.94, 19.75
12.025, 21.88, 19.76
12.030, 21.87, 19.75
12.035, 21.83, 19.74
12.040, 21.80, 19.71
12.045, 21.80, 19.71
12.050, 21.78, 19.71
12.055, 21.78, 19.69
12.060, 21.78, 19.68
12.065, 21.79, 19.68
12.070, 21.83, 19.68
12.075, 21.87, 19.67
12.080, 21.88, 19.66
12.085, 21.91, 19.65
12.090, 21.95, 19.63
12.095, 21.98, 19.61
12.100, 22.04, 19.61
12.105, 22.09, 19.57
12.110, 22.15, 19.58
12.115, 22.21, 19.56
12.120, 22.29, 19.55
12.125, 22.32, 19.53
12.130, 22.42, 19.53
12.135, 22.52, 19.53
12.140, 22.57, 19.53
12.145, 22.66, 19.51
12.150, 22.76, 19.52
12.155, 22.86, 19.51
12.160, 22.97, 19.50
12.165, 23.07, 19.50
12.170, 23.17, 19.51
12.175, 23.27, 19.49
12.180, 23.38, 19.48
12.185, 23.48, 19.49
12.190, 23.59, 19.48
12.195, 23.70, 19.48
12.200, 23.81, 19.48
12.205, 23.92, 19.47
12.210, 24.03, 19.48
12.215, 24.15, 19.48
12.220, 24.25, 19.47
12.225, 24.36, 19.47
12.230, 24.47, 19.48
12.235, 24.57, 19.48
12.240, 24.67, 19.48
12.245, 24.76, 19.49
12.250, 24.84, 19.49
12.255, 24.94, 19.49
12.260, 24.99, 19.51
12.265, 25.05, 19.51
12.270, 25.12, 19.51
12.275, 25.17, 19.53
12.280, 25.21, 19.52
12.285, 25.26, 19.53
12.290, 25.27, 19.52
12.295, 25.30, 19.53
12.300, 25.30, 19.52
12.305, 25.27, 19.52
12.310, 25.27, 19.53
12.315, 25.26, 19.50
12.320, 25.20, 19.50
12.325, 25.17, 19.49
12.330, 25.14, 19.48
12.335, 25.08, 19.48
12.340, 25.01, 19.47
12.345, 24.92, 19.47
12.350, 24.84, 19.45
12.355, 24.76, 19.42
12.360, 24.68, 19.39
12.365, 24.58, 19.37
12.370, 24.47, 19.35
12.375, 24.36, 19.32
12.380, 24.26, 19.28
12.385, 24.16, 19.26
12.390, 24.04, 19.25
12.395, 23.92, 19.19
12.400, 23.81, 19.15
12.405, 23.71, 19.13
12.410, 23.60, 19.12
12.415, 23.49, 19.06
12.420, 23.39, 19.04
12.425, 23.27, 19.03
12.430, 23.17, 19.00
12.435, 23.08, 18.95
12.440, 22.98, 18.92
12.445, 22.87, 18.91
12.450, 22.77, 18.89
12.455, 22.72, 18.88
12.460, 22.63, 18.84
12.465, 22.55, 18.80
12.470, 22.48, 18.79
12.475, 22.42, 18.76
12.480, 22.35, 18.75
12.485, 22.31, 18.72
12.490, 22.26, 18.69
12.495, 22.20, 18.66
12.500, 22.19, 18.65
12.505, 22.14, 18.64
12.510, 22.10, 18.62
12.515, 22.08, 18.59
12.520, 22.07, 18.58
12.525, 22.07, 18.57
12.530, 22.05, 18.54
12.535, 22.05, 18.54
12.540, 22.06, 18.52
12.545, 22.06, 18.51
12.550, 22.07, 18.49
12.555, 22.10, 18.46
12.560, 22.14, 18.49
12.565, 22.17, 18.48
12.570, 22.20, 18.46
12.575, 22.23, 18.46
12.580, 22.30, 18.47
12.585, 22.35, 18.46
12.590, 22.41, 18.47
12.595, 22.46, 18.47
12.600, 22.52, 18.48
12.605, 22.61, 18.49
12.610, 22.65, 18.48
12.615, 22.73, 18.48
12.620, 22.83, 18.50
12.625, 22.90, 18.52
12.630, 22.98, 18.52
12.635, 23.08, 18.52
12.640, 23.19, 18.55
12.645, 23.30, 18.55
12.650, 23.39, 18.56
12.655, 23.50, 18.57
12.660, 23.61, 18.58
12.665, 23.73, 18.60
12.670, 23.85, 18.61
12.675, 23.99, 18.63
12.680, 24.12, 18.65
12.685, 24.24, 18.66
12.690, 24.38, 18.69
12.695, 24.53, 18.73
12.700, 24.67, 18.76
12.705, 24.80, 18.77
12.710, 24.95, 18.82
12.715, 25.10, 18.86
12.720, 25.22, 18.89
12.725, 25.36, 18.97
12.730, 25.48, 18.99
12.735, 25.63, 19.06
12.740, 25.76, 19.10
12.745, 25.87, 19.17
12.750, 26.02, 19.21
12.755, 26.14, 19.29
12.760, 26.27, 19.34
12.765, 26.38, 19.41
12.770, 26.50, 19.47
12.775, 26.62, 19.53
12.780, 26.74, 19.61
12.785, 26.87, 19.67
12.790, 26.98, 19.73
12.795, 27.09, 19.79
12.800, 27.21, 19.84
12.805, 27.33, 19.91
12.810, 27.45, 19.95
12.815, 27.56, 20.00
12.820, 27.69, 20.03
12.825, 27.79, 20.07
12.830, 27.91, 20.08
12.835, 28.02, 20.12
12.840, 28.12, 20.13
12.845, 28.24, 20.14
12.850, 28.35, 20.15
12.855, 28.46, 20.15
12.860, 28.54, 20.16
12.865, 28.63, 20.17
12.870, 28.72, 20.16
12.875, 28.80, 20.15
12.880, 28.89, 20.13
12.885, 28.96, 20.11
12.890, 29.01, 20.09
12.895, 29.06, 20.07
12.900, 29.09, 20.07
12.905, 29.10, 20.07
12.910, 29.09, 20.07
12.915, 29.06, 20.06
12.920, 29.01, 20.10
12.925, 28.96, 20.11
12.930, 28.88, 20.13
12.935, 28.79, 20.16
12.940, 28.71, 20.18
12.945, 28.61, 20.18
12.950, 28.51, 20.20
12.955, 28.43, 20.24
12.960, 28.32, 20.25
12.965, 28.20, 20.26
12.970, 28.09, 20.28
12.975, 27.97, 20.27
12.980, 27.86, 20.29
12.985, 27.71, 20.30
12.990, 27.58, 20.32
12.995, 27.46, 20.33
13.000, 27.27, 20.35
13.005, 27.15, 20.36
13.010, 27.01, 20.38
13.015, 26.84, 20.41
13.020, 26.70, 20.44
13.025, 26.53, 20.47
13.030, 26.39, 20.48
13.035, 26.22, 20.52
13.040, 26.06, 20.55
13.045, 25.91, 20.56
13.050, 25.75, 20.58
13.055, 25.61, 20.64
13.060, 25.45, 20.67
13.065, 25.30, 20.69
13.070, 25.17, 20.72
13.075, 25.01, 20.76
13.080, 24.87, 20.79
13.085, 24.73, 20.80
13.090, 24.57, 20.84
13.095, 24.41, 20.85
13.100, 24.26, 20.88
13.105, 24.11, 20.91
13.110, 23.96, 20.95
13.115, 23.80, 20.96
13.120, 23.67, 20.99
13.125, 23.49, 21.01
13.130, 23.37, 21.04
13.135, 23.22, 21.05
13.140, 23.08, 21.06
13.145, 22.98, 21.07
13.150, 22.83, 21.07
13.155, 22.70, 21.08
13.160, 22.58, 21.08
13.165, 22.48, 21.08
13.170, 22.39, 21.10
13.175, 22.29, 21.08
13.180, 22.21, 21.06
13.185, 22.10, 21.07
13.190, 22.03, 21.07
13.195, 21.97, 21.07
13.200, 21.87, 21.06
13.205, 21.78, 21.05
13.210, 21.73, 21.06
13.215, 21.64, 21.04
13.220, 21.56, 21.04
13.225, 21.52, 21.04
13.230, 21.47, 21.03
13.235, 21.44, 21.03
13.240, 21.38, 21.03
13.245, 21.34, 21.04
13.250, 21.32, 21.01
13.255, 21.29, 21.02
13.260, 21.28, 21.01
13.265, 21.26, 21.01
13.270, 21.26, 21.00
13.275, 21.26, 21.00
13.280, 21.26, 21.00
13.285, 21.31, 20.99
13.290, 21.34, 20.99
13.295, 21.35, 21.00
13.300, 21.40, 20.98
13.305, 21.44, 20.98
13.310, 21.51, 20.98
13.315, 21.56, 20.97
13.320, 21.62, 20.97
13.325, 21.68, 20.97
13.330, 21.73, 20.96
13.335, 21.84, 20.96
13.340, 21.91, 20.96
13.345, 22.01, 20.97
13.350, 22.10, 20.97
13.355, 22.17, 20.95
13.360, 22.28, 20.96
13.365, 22.36, 20.95
13.370, 22.47, 20.95
13.375, 22.59, 20.95
13.380, 22.69, 20.95
13.385, 22.79, 20.95
13.390, 22.92, 20.94
13.395, 23.03, 20.94
13.400, 23.18, 20.93
13.405, 23.29, 20.94
13.410, 23.41, 20.93
13.415, 23.54, 20.93
13.420, 23.67, 20.91
13.425, 23.81, 20.90
13.430, 23.93, 20.88
13.435, 24.05, 20.90
13.440, 24.18, 20.91
13.445, 24.31, 20.90
13.450, 24.46, 20.89
13.455, 24.59, 20.88
13.460, 24.71, 20.90
13.465, 24.83, 20.91
13.470, 24.94, 20.91
13.475, 25.05, 20.90
13.480, 25.16, 20.92
13.485, 25.27, 20.90
13.490, 25.37, 20.91
13.495, 25.44, 20.90
13.500, 25.54, 20.92
13.505, 25.59, 20.92
13.510, 25.64, 20.94
13.515, 25.69, 20.94
13.520, 25.70, 20.94
13.525, 25.71, 20.96
13.530, 25.71, 20.96
13.535, 25.69, 20.98
13.540, 25.68, 20.98
13.545, 25.63, 20.99
13.550, 25.57, 20.98
13.555, 25.50, 21.00
13.560, 25.40, 21.00
13.565, 25.33, 20.99
13.570, 25.23, 20.99
13.575, 25.09, 20.99
13.580, 24.96, 20.99
13.585, 24.81, 20.98
13.590, 24.67, 20.97
13.595, 24.51, 20.96
13.600, 24.36, 20.93
13.605, 24.19, 20.92
13.610, 24.01, 20.90
13.615, 23.84, 20.89
13.620, 23.67, 20.87
13.625, 23.51, 20.84
13.630, 23.34, 20.83
13.635, 23.17, 20.81
13.640, 22.99, 20.78
13.645, 22.84, 20.76
13.650, 22.67, 20.72
13.655, 22.52, 20.71
13.660, 22.38, 20.68
13.665, 22.24, 20.64
13.670, 22.10, 20.63
13.675, 21.97, 20.59
13.680, 21.85, 20.58
13.685, 21.74, 20.56
13.690, 21.62, 20.51
13.695, 21.53, 20.49
13.700, 21.44, 20.45
13.705, 21.35, 20.43
13.710, 21.28, 20.41
13.715, 21.22, 20.37
13.720, 21.16, 20.36
13.725, 21.10, 20.33
13.730, 21.06, 20.30
13.735, 21.02, 20.24
13.740, 20.99, 20.23
13.745, 20.99, 20.20
13.750, 20.96, 20.16
13.755, 20.93, 20.14
13.760, 20.94, 20.11
13.765, 20.93, 20.07
13.770, 20.96, 20.04
13.775, 20.99, 19.99
13.780, 21.02, 19.96
13.785, 21.06, 19.95
13.790, 21.13, 19.93
13.795, 21.16, 19.90
13.800, 21.23, 19.86
13.805, 21.31, 19.85
13.810, 21.35, 19.80
13.815, 21.42, 19.78
13.820, 21.52, 19.78
13.825, 21.61, 19.78
13.830, 21.70, 19.76
13.835, 21.80, 19.78
13.840, 21.88, 19.75
13.845, 21.98, 19.78
13.850, 22.09, 19.78
13.855, 22.20, 19.79
13.860, 22.31, 19.82
13.865, 22.40, 19.84
13.870, 22.52, 19.85
13.875, 22.65, 19.87
13.880, 22.75, 19.87
13.885, 22.85, 19.91
13.890, 22.96, 19.95
13.895, 23.08, 19.97
13.900, 23.19, 19.99
13.905, 23.27, 20.02
13.910, 23.39, 20.07
13.915, 23.47, 20.11
13.920, 23.55, 20.13
13.925, 23.63, 20.19
13.930, 23.73, 20.22
13.935, 23.79, 20.29
13.940, 23.89, 20.32
13.945, 23.97, 20.39
13.950, 24.06, 20.43
13.955, 24.11, 20.46
13.960, 24.20, 20.50
13.965, 24.29, 20.53
13.970, 24.36, 20.56
13.975, 24.47, 20.58
13.980, 24.56, 20.61
13.985, 24.65, 20.62
13.990, 24.77, 20.62
13.995, 24.87, 20.59
14.000, 24.99, 20.58
14.005, 25.11, 20.55
14.010, 25.22, 20.52
14.015, 25.33, 20.48
14.020, 25.48, 20.46
14.025, 25.62, 20.40
14.030, 25.72, 20.36
14.035, 25.85, 20.29
14.040, 26.00, 20.24
14.045, 26.13, 20.18
14.050, 26.26, 20.15
14.055, 26.39, 20.06
14.060, 26.51, 20.02
14.065, 26.63, 19.96
14.070, 26.75, 19.92
14.075, 26.88, 19.85
14.080, 26.98, 19.81
14.085, 27.06, 19.78
14.090, 27.16, 19.73
14.095, 27.25, 19.70
14.100, 27.29, 19.69
14.105, 27.35, 19.69
14.110, 27.37, 19.69
14.115, 27.38, 19.68
14.120, 27.37, 19.69
14.125, 27.37, 19.70
14.130, 27.36, 19.71
14.135, 27.30, 19.74
14.140, 27.27, 19.77
14.145, 27.23, 19.78
14.150, 27.15, 19.80
14.155, 27.08, 19.83
14.160, 27.01, 19.85
14.165, 26.92, 19.89
14.170, 26.82, 19.91
14.175, 26.73, 19.93
14.180, 26.63, 19.98
14.185, 26.50, 20.02
14.190, 26.39, 20.05
14.195, 26.26, 20.11
14.200, 26.11, 20.14
14.205, 25.99, 20.20
14.210, 25.83, 20.23
14.215, 25.69, 20.29
14.220, 25.53, 20.33
14.225, 25.40, 20.37
14.230, 25.25, 20.41
14.235, 25.10, 20.44
14.240, 24.97, 20.47
14.245, 24.84, 20.50
14.250, 24.70, 20.53
14.255, 24.57, 20.56
14.260, 24.41, 20.58
14.265, 24.26, 20.60
14.270, 24.11, 20.63
14.275, 23.97, 20.65
14.280, 23.81, 20.69
14.285, 23.69, 20.73
14.290, 23.52, 20.75
14.295, 23.38, 20.79
14.300, 23.21, 20.84
14.305, 23.08, 20.87
14.310, 22.93, 20.91
14.315, 22.80, 20.94
14.320, 22.65, 20.97
14.325, 22.52, 21.01
14.330, 22.39, 21.02
14.335, 22.27, 21.04
14.340, 22.16, 21.05
14.345, 22.05, 21.06
14.350, 21.95, 21.07
14.355, 21.86, 21.08
14.360, 21.74, 21.09
14.365, 21.65, 21.09
14.370, 21.55, 21.07
14.375, 21.44, 21.10
14.380, 21.37, 21.12
14.385, 21.30, 21.16
14.390, 21.21, 21.16
14.395, 21.11, 21.17
14.400, 21.03, 21.17
14.405, 20.97, 21.19
14.410, 20.90, 21.19
14.415, 20.84, 21.21
14.420, 20.78, 21.20
14.425, 20.71, 21.22
14.430, 20.68, 21.21
14.435, 20.61, 21.22
14.440, 20.59, 21.23
14.445, 20.56, 21.22
14.450, 20.51, 21.24
14.455, 20.50, 21.24
14.460, 20.48, 21.23
14.465, 20.47, 21.23
14.470, 20.45, 21.23
14.475, 20.43, 21.24
14.480, 20.42, 21.24
14.485, 20.44, 21.26
14.490, 20.43, 21.23
14.495, 20.45, 21.24
14.500, 20.45, 21.24
14.505, 20.49, 21.24
14.510, 20.50, 21.24
14.515, 20.51, 21.23
14.520, 20.54, 21.25
14.525, 20.58, 21.23
14.530, 20.62, 21.22
14.535, 20.67, 21.23
14.540, 20.73, 21.23
14.545, 20.77, 21.24
14.550, 20.81, 21.22
14.555, 20.87, 21.23
14.560, 20.91, 21.22
14.565, 20.97, 21.22
14.570, 21.04, 21.21
14.575, 21.11, 21.23
14.580, 21.16, 21.19
14.585, 21.24, 21.19
14.590, 21.28, 21.20
14.595, 21.35, 21.19
14.600, 21.42, 21.19
14.605, 21.49, 21.18
14.610, 21.56, 21.19
14.615, 21.60, 21.17
14.620, 21.69, 21.18
14.625, 21.75, 21.18
14.630, 21.81, 21.18
14.635, 21.89, 21.19
14.640, 21.95, 21.18
14.645, 22.02, 21.19
14.650, 22.09, 21.20
14.655, 22.14, 21.19
14.660, 22.21, 21.20
14.665, 22.26, 21.19
14.670, 22.33, 21.21
14.675, 22.40, 21.21
14.680, 22.44, 21.21
14.685, 22.51, 21.22
14.690, 22.55, 21.21
14.695, 22.58, 21.22
14.700, 22.62, 21.23
14.705, 22.64, 21.23
14.710, 22.65, 21.23
14.715, 22.70, 21.24
14.720, 22.71, 21.22
14.725, 22.71, 21.24
14.730, 22.70, 21.25
14.735, 22.70, 21.23
14.740, 22.70, 21.25
14.745, 22.65, 21.23
14.750, 22.62, 21.24
14.755, 22.59, 21.22
14.760, 22.53, 21.22
14.765, 22.48, 21.19
14.770, 22.44, 21.20
14.775, 22.38, 21.17
14.780, 22.33, 21.17
14.785, 22.24, 21.16
14.790, 22.17, 21.16
14.795, 22.09, 21.11
14.800, 22.01, 21.09
14.805, 21.92, 21.06
14.810, 21.81, 21.05
14.815, 21.73, 21.04
14.820, 21.65, 21.01
14.825, 21.57, 20.97
14.830, 21.47, 20.95
14.835, 21.38, 20.93
14.840, 21.29, 20.90
14.845, 21.22, 20.86
14.850, 21.14, 20.83
14.855, 21.07, 20.81
14.860, 20.99, 20.79
14.865, 20.93, 20.75
14.870, 20.85, 20.72
14.875, 20.81, 20.70
14.880, 20.73, 20.66
14.885, 20.70, 20.64
14.890, 20.64, 20.60
14.895, 20.62, 20.59
14.900, 20.58, 20.56
14.905, 20.55, 20.53
14.910, 20.52, 20.50
14.915, 20.51, 20.46
14.920, 20.48, 20.43
14.925, 20.46, 20.40
14.930, 20.45, 20.38
14.935, 20.45, 20.36
14.940, 20.44, 20.34
14.945, 20.46, 20.33
14.950, 20.45, 20.31
14.955, 20.45, 20.28
14.960, 20.47, 20.24
14.965, 20.48, 20.20
14.970, 20.52, 20.19
14.975, 20.53, 20.16
14.980, 20.57, 20.13
14.985, 20.59, 20.11
14.990, 20.62, 20.05
14.995, 20.68, 20.01
15.000, 20.75, 19.98
15.005, 20.81, 19.96
15.010, 20.89, 19.95
15.015, 20.97, 19.92
15.020, 21.03, 19.90
15.025, 21.14, 19.89
15.030, 21.22, 19.85
15.035, 21.32, 19.84
15.040, 21.41, 19.80
15.045, 21.52, 19.81
15.050, 21.63, 19.79
15.055, 21.74, 19.77
15.060, 21.83, 19.74
15.065, 21.94, 19.73
15.070, 22.04, 19.72
15.075, 22.16, 19.70
15.080, 22.25, 19.69
15.085, 22.39, 19.69
15.090, 22.48, 19.68
15.095, 22.59, 19.65
15.100, 22.72, 19.63
15.105, 22.83, 19.62
15.110, 22.95, 19.60
15.115, 23.07, 19.59
15.120, 23.18, 19.58
15.125, 23.30, 19.56
15.130, 23.43, 19.56
15.135, 23.56, 19.56
15.140, 23.67, 19.57
15.145, 23.78, 19.56
15.150, 23.92, 19.57
15.155, 24.03, 19.57
15.160, 24.14, 19.57
15.165, 24.24, 19.57
15.170, 24.36, 19.57
15.175, 24.48, 19.56
15.180, 24.63, 19.57
15.185, 24.76, 19.57
15.190, 24.91, 19.56
15.195, 25.04, 19.53
15.200, 25.19, 19.53
15.205, 25.32, 19.51
15.210, 25.49, 19.51
15.215, 25.62, 19.50
15.220, 25.77, 19.50
15.225, 25.92, 19.49
15.230, 26.05, 19.49
15.235, 26.19, 19.49
15.240, 26.35, 19.49
15.245, 26.49, 19.48
15.250, 26.61, 19.46
15.255, 26.79, 19.44
15.260, 26.94, 19.41
15.265, 27.13, 19.39
15.270, 27.30, 19.36
15.275, 27.49, 19.31
15.280, 27.69, 19.26
15.285, 27.91, 19.20
15.290, 28.14, 19.16
15.295, 28.35, 19.10
15.300, 28.58, 19.06
15.305, 28.78, 19.01
15.310, 29.01, 18.97
15.315, 29.17, 18.94
15.320, 29.37, 18.91
15.325, 29.55, 18.90
15.330, 29.69, 18.88
15.335, 29.82, 18.88
15.340, 29.95, 18.89
15.345, 30.05, 18.91
15.350, 30.15, 18.92
15.355, 30.21, 18.95
15.360, 30.27, 18.98
15.365, 30.31, 19.01
15.370, 30.33, 19.03
15.375, 30.31, 19.08
15.380, 30.28, 19.11
15.385, 30.26, 19.14
15.390, 30.21, 19.19
15.395, 30.14, 19.22
15.400, 30.05, 19.26
15.405, 29.97, 19.29
15.410, 29.89, 19.30
15.415, 29.80, 19.32
15.420, 29.71, 19.34
15.425, 29.61, 19.35
15.430, 29.49, 19.39
15.435, 29.38, 19.39
15.440, 29.27, 19.40
15.445, 29.15, 19.40
15.450, 29.02, 19.41
15.455, 28.89, 19.44
15.460, 28.74, 19.45
15.465, 28.61, 19.49
15.470, 28.45, 19.51
15.475, 28.28, 19.53
15.480, 28.14, 19.58
15.485, 27.96, 19.61
15.490, 27.79, 19.65
15.495, 27.64, 19.70
15.500, 27.47, 19.72
15.505, 27.30, 19.75
15.510, 27.15, 19.80
15.515, 27.01, 19.82
15.520, 26.85, 19.85
15.525, 26.71, 19.89
15.530, 26.56, 19.90
15.535, 26.39, 19.92
15.540, 26.25, 19.95
15.545, 26.09, 19.98
15.550, 25.93, 20.02
15.555, 25.77, 20.05
15.560, 25.61, 20.10
15.565, 25.45, 20.12
15.570, 25.30, 20.14
15.575, 25.15, 20.20
15.580, 24.99, 20.22
15.585, 24.85, 20.25
15.590, 24.71, 20.25
15.595, 24.58, 20.28
15.600, 24.44, 20.30
15.605, 24.32, 20.30
15.610, 24.20, 20.32
15.615, 24.09, 20.32
15.620, 23.96, 20.33
15.625, 23.84, 20.34
15.630, 23.73, 20.34
15.635, 23.62, 20.34
15.640, 23.51, 20.35
15.645, 23.41, 20.35
15.650, 23.29, 20.37
15.655, 23.20, 20.37
15.660, 23.10, 20.37
15.665, 23.02, 20.39
15.670, 22.94, 20.37
15.675, 22.85, 20.39
15.680, 22.75, 20.39
15.685, 22.68, 20.41
15.690, 22.62, 20.40
15.695, 22.55, 20.42
15.700, 22.50, 20.42
15.705, 22.42, 20.43
15.710, 22.37, 20.47
15.715, 22.33, 20.46
15.720, 22.28, 20.48
15.725, 22.24, 20.52
15.730, 22.21, 20.54
15.735, 22.19, 20.58
15.740, 22.17, 20.59
15.745, 22.18, 20.61
15.750, 22.17, 20.64
15.755, 22.13, 20.66
15.760, 22.15, 20.70
15.765, 22.15, 20.72
15.770, 22.17, 20.75
15.775, 22.18, 20.78
15.780, 22.20, 20.82
15.785, 22.21, 20.85
15.790, 22.24, 20.88
15.795, 22.29, 20.92
15.800, 22.33, 20.96
15.805, 22.37, 20.98
15.810, 22.41, 21.02
15.815, 22.47, 21.05
15.820, 22.51, 21.09
15.825, 22.59, 21.12
15.830, 22.64, 21.14
15.835, 22.71, 21.18
15.840, 22.78, 21.18
15.845, 22.85, 21.20
15.850, 22.94, 21.21
15.855, 22.99, 21.26
15.860, 23.09, 21.28
15.865, 23.17, 21.28
15.870, 23.28, 21.30
15.875, 23.38, 21.31
15.880, 23.44, 21.34
15.885, 23.55, 21.35
15.890, 23.65, 21.37
15.895, 23.74, 21.37
15.900, 23.85, 21.38
15.905, 23.95, 21.38
15.910, 24.04, 21.42
15.915, 24.14, 21.42
15.920, 24.23, 21.42
15.925, 24.33, 21.43
15.930, 24.39, 21.44
15.935, 24.49, 21.43
15.940, 24.57, 21.43
15.945, 24.62, 21.44
15.950, 24.69, 21.42
15.955, 24.71, 21.44
15.960, 24.76, 21.42
15.965, 24.80, 21.42
15.970, 24.81, 21.41
15.975, 24.81, 21.41
15.980, 24.80, 21.41
15.985, 24.78, 21.40
15.990, 24.72, 21.38
15.995, 24.71, 21.36
16.000, 24.65, 21.34
16.005, 24.59, 21.33
16.010, 24.50, 21.32
16.015, 24.41, 21.29
16.020, 24.36, 21.26
16.025, 24.26, 21.24
16.030, 24.16, 21.22
16.035, 24.04, 21.20
16.040, 23.95, 21.15
16.045, 23.84, 21.12
16.050, 23.71, 21.10
16.055, 23.61, 21.05
16.060, 23.49, 21.03
16.065, 23.38, 21.02
16.070, 23.26, 20.95
16.075, 23.15, 20.92
16.080, 23.06, 20.87
16.085, 22.95, 20.87
16.090, 22.85, 20.82
16.095, 22.75, 20.80
16.100, 22.65, 20.77
16.105, 22.57, 20.75
16.110, 22.48, 20.74
16.115, 22.42, 20.69
16.120, 22.35, 20.69
16.125, 22.29, 20.65
16.130, 22.21, 20.63
16.135, 22.19, 20.60
16.140, 22.12, 20.57
16.145, 22.08, 20.56
16.150, 22.03, 20.53
16.155, 22.02, 20.53
16.160, 21.98, 20.53
16.165, 21.95, 20.50
16.170, 21.92, 20.49
16.175, 21.90, 20.44
16.180, 21.89, 20.44
16.185, 21.88, 20.42
16.190, 21.87, 20.39
16.195, 21.88, 20.38
16.200, 21.90, 20.35
16.205, 21.90, 20.35
16.210, 21.94, 20.34
16.215, 21.97, 20.34
16.220, 21.99, 20.32
16.225, 22.02, 20.33
16.230, 22.08, 20.30
16.235, 22.10, 20.29
16.240, 22.18, 20.29
16.245, 22.22, 20.29
16.250, 22.30, 20.26
16.255, 22.38, 20.27
16.260, 22.43, 20.24
16.265, 22.53, 20.24
16.270, 22.63, 20.24
16.275, 22.73, 20.24
16.280, 22.84, 20.24
16.285, 22.94, 20.23
16.290, 23.07, 20.22
16.295, 23.18, 20.21
16.300, 23.30, 20.20
16.305, 23.44, 20.20
16.310, 23.59, 20.17
16.315, 23.73, 20.17
16.320, 23.89, 20.14
16.325, 24.04, 20.13
16.330, 24.21, 20.11
16.335, 24.35, 20.08
16.340, 24.54, 20.06
16.345, 24.72, 20.03
16.350, 24.90, 20.01
16.355, 25.08, 20.01
16.360, 25.29, 19.99
16.365, 25.48, 19.97
16.370, 25.70, 19.96
16.375, 25.91, 19.94
16.380, 26.13, 19.94
16.385, 26.36, 19.95
16.390, 26.58, 19.94
16.395, 26.79, 19.95
16.400, 27.02, 19.96
16.405, 27.23, 19.98
16.410, 27.46, 20.00
16.415, 27.66, 20.04
16.420, 27.83, 20.05
16.425, 28.02, 20.09
16.430, 28.19, 20.14
16.435, 28.36, 20.17
16.440, 28.52, 20.21
16.445, 28.67, 20.27
16.450, 28.81, 20.29
16.455, 28.95, 20.32
16.460, 29.08, 20.35
16.465, 29.20, 20.37
16.470, 29.30, 20.38
16.475, 29.41, 20.41
16.480, 29.47, 20.43
16.485, 29.54, 20.44
16.490, 29.57, 20.47
16.495, 29.59, 20.49
16.500, 29.59, 20.49
16.505, 29.56, 20.51
16.510, 29.50, 20.53
16.515, 29.42, 20.55
16.520, 29.33, 20.58
16.525, 29.23, 20.58
16.530, 29.12, 20.59
16.535, 28.99, 20.60
16.540, 28.86, 20.60
16.545, 28.74, 20.59
16.550, 28.62, 20.59
16.555, 28.50, 20.57
16.560, 28.37, 20.54
16.565, 28.26, 20.52
16.570, 28.14, 20.49
16.575, 28.03, 20.46
16.580, 27.92, 20.46
16.585, 27.78, 20.43
16.590, 27.65, 20.40
16.595, 27.52, 20.39
16.600, 27.39, 20.40
16.605, 27.25, 20.40
16.610, 27.11, 20.39
16.615, 26.97, 20.41
16.620, 26.84, 20.43
16.625, 26.70, 20.44
16.630, 26.55, 20.45
16.635, 26.40, 20.46
16.640, 26.28, 20.47
16.645, 26.16, 20.48
16.650, 26.02, 20.48
16.655, 25.89, 20.49
16.660, 25.74, 20.50
16.665, 25.62, 20.50
16.670, 25.46, 20.50
16.675, 25.32, 20.52
16.680, 25.18, 20.55
16.685, 25.01, 20.55
16.690, 24.84, 20.58
16.695, 24.67, 20.59
16.700, 24.50, 20.64
16.705, 24.32, 20.67
16.710, 24.16, 20.68
16.715, 24.01, 20.73
16.720, 23.82, 20.76
16.725, 23.69, 20.76
16.730, 23.52, 20.79
16.735, 23.37, 20.79
16.740, 23.23, 20.81
16.745, 23.07, 20.82
16.750, 22.95, 20.81
16.755, 22.82, 20.82
16.760, 22.68, 20.82
16.765, 22.57, 20.81
16.770, 22.43, 20.81
16.775, 22.33, 20.80
16.780, 22.20, 20.81
16.785, 22.08, 20.82
16.790, 21.99, 20.82
16.795, 21.87, 20.82
16.800, 21.76, 20.83
16.805, 21.66, 20.82
16.810, 21.58, 20.83
16.815, 21.49, 20.82
16.820, 21.41, 20.83
16.825, 21.32, 20.84
16.830, 21.24, 20.84
16.835, 21.18, 20.84
16.840, 21.10, 20.84
16.845, 21.06, 20.87
16.850, 21.01, 20.86
16.855, 20.93, 20.88
16.860, 20.90, 20.90
16.865, 20.87, 20.91
16.870, 20.83, 20.91
16.875, 20.80, 20.95
16.880, 20.77, 20.96
16.885, 20.74, 20.97
16.890, 20.72, 21.00
16.895, 20.73, 21.02
16.900, 20.72, 21.04
16.905, 20.71, 21.05
16.910, 20.70, 21.07
16.915, 20.72, 21.11
16.920, 20.73, 21.13
16.925, 20.74, 21.17
16.930, 20.78, 21.20
16.935, 20.80, 21.22
16.940, 20.84, 21.23
16.945, 20.87, 21.25
16.950, 20.89, 21.26
16.955, 20.93, 21.31
16.960, 20.95, 21.32
16.965, 21.02, 21.35
16.970, 21.06, 21.39
16.975, 21.09, 21.40
16.980, 21.14, 21.42
16.985, 21.20, 21.44
16.990, 21.26, 21.46
16.995, 21.30, 21.47
17.000, 21.36, 21.49
17.005, 21.41, 21.51
17.010, 21.47, 21.54
17.015, 21.54, 21.56
17.020, 21.59, 21.56
17.025, 21.67, 21.58
17.030, 21.74, 21.60
17.035, 21.80, 21.62
17.040, 21.86, 21.63
17.045, 21.95, 21.65
17.050, 22.03, 21.67
17.055, 22.08, 21.69
17.060, 22.15, 21.70
17.065, 22.24, 21.71
17.070, 22.33, 21.73
17.075, 22.43, 21.75
17.080, 22.50, 21.77
17.085, 22.60, 21.79
17.090, 22.69, 21.82
17.095, 22.78, 21.81
17.100, 22.88, 21.82
17.105, 22.99, 21.82
17.110, 23.06, 21.83
17.115, 23.14, 21.83
17.120, 23.22, 21.81
17.125, 23.32, 21.81
17.130, 23.39, 21.80
17.135, 23.44, 21.77
17.140, 23.51, 21.74
17.145, 23.55, 21.72
17.150, 23.60, 21.68
17.155, 23.63, 21.66
17.160, 23.67, 21.63
17.165, 23.69, 21.59
17.170, 23.70, 21.55
17.175, 23.69, 21.52
17.180, 23.66, 21.48
17.185, 23.63, 21.44
17.190, 23.61, 21.40
17.195, 23.55, 21.35
17.200, 23.51, 21.29
17.205, 23.45, 21.26
17.210, 23.36, 21.20
17.215, 23.31, 21.12
17.220, 23.22, 21.05
17.225, 23.13, 20.99
17.230, 23.05, 20.91
17.235, 22.95, 20.84
17.240, 22.84, 20.80
17.245, 22.76, 20.70
17.250, 22.66, 20.63
17.255, 22.57, 20.58
17.260, 22.46, 20.51
17.265, 22.35, 20.42
17.270, 22.29, 20.37
17.275, 22.18, 20.30
17.280, 22.10, 20.26
17.285, 21.99, 20.18
17.290, 21.92, 20.14
17.295, 21.83, 20.08
17.300, 21.77, 20.01
17.305, 21.70, 19.96
17.310, 21.64, 19.92
17.315, 21.57, 19.88
17.320, 21.52, 19.80
17.325, 21.47, 19.76
17.330, 21.43, 19.73
17.335, 21.40, 19.69
17.340, 21.37, 19.66
17.345, 21.36, 19.63
17.350, 21.34, 19.58
17.355, 21.33, 19.55
17.360, 21.31, 19.51
17.365, 21.31, 19.49
17.370, 21.31, 19.47
17.375, 21.32, 19.46
17.380, 21.34, 19.44
17.385, 21.36, 19.40
17.390, 21.38, 19.39
17.395, 21.42, 19.38
17.400, 21.45, 19.35
17.405, 21.49, 19.35
17.410, 21.55, 19.33
17.415, 21.61, 19.31
17.420, 21.66, 19.32
17.425, 21.70, 19.28
17.430, 21.77, 19.29
17.435, 21.86, 19.28
17.440, 21.90, 19.28
17.445, 21.99, 19.28
17.450, 22.09, 19.29
17.455, 22.17, 19.28
17.460, 22.26, 19.27
17.465, 22.35, 19.26
17.470, 22.46, 19.28
17.475, 22.56, 19.28
17.480, 22.67, 19.29
17.485, 22.79, 19.29
17.490, 22.91, 19.30
17.495, 23.02, 19.33
17.500, 23.16, 19.31
17.505, 23.26, 19.33
17.510, 23.40, 19.34
17.515, 23.51, 19.34
17.520, 23.66, 19.36
17.525, 23.79, 19.36
17.530, 23.94, 19.38
17.535, 24.07, 19.38
17.540, 24.22, 19.40
17.545, 24.35, 19.44
17.550, 24.47, 19.44
17.555, 24.61, 19.47
17.560, 24.74, 19.47
17.565, 24.88, 19.48
17.570, 25.00, 19.51
17.575, 25.15, 19.49
17.580, 25.28, 19.52
17.585, 25.41, 19.53
17.590, 25.56, 19.53
17.595, 25.70, 19.53
17.600, 25.83, 19.50
17.605, 25.98, 19.52
17.610, 26.15, 19.50
17.615, 26.27, 19.48
17.620, 26.45, 19.48
17.625, 26.59, 19.46
17.630, 26.76, 19.45
17.635, 26.92, 19.44
17.640, 27.10, 19.42
17.645, 27.26, 19.41
17.650, 27.42, 19.39
17.655, 27.60, 19.36
17.660, 27.77, 19.32
17.665, 27.96, 19.29
17.670, 28.13, 19.27
17.675, 28.33, 19.22
17.680, 28.51, 19.18
17.685, 28.70, 19.12
17.690, 28.88, 19.08
17.695, 29.07, 19.03
17.700, 29.25, 18.98
17.705, 29.40, 18.95
17.710, 29.58, 18.92
17.715, 29.71, 18.89
17.720, 29.83, 18.88
17.725, 29.94, 18.88
17.730, 30.00, 18.88
17.735, 30.04, 18.90
17.740, 30.05, 18.91
17.745, 30.01, 18.96
17.750, 29.93, 18.98
17.755, 29.86, 19.04
17.760, 29.75, 19.08
17.765, 29.65, 19.10
17.770, 29.57, 19.15
17.775, 29.46, 19.19
17.780, 29.36, 19.19
17.785, 29.28, 19.21
17.790, 29.19, 19.22
17.795, 29.08, 19.23
17.800, 28.99, 19.24
17.805, 28.88, 19.23
17.810, 28.77, 19.24
17.815, 28.65, 19.25
17.820, 28.54, 19.23
17.825, 28.43, 19.25
17.830, 28.30, 19.27
17.835, 28.17, 19.29
17.840, 28.04, 19.32
17.845, 27.91, 19.36
17.850, 27.76, 19.40
17.855, 27.62, 19.43
17.860, 27.48, 19.47
17.865, 27.36, 19.51
17.870, 27.21, 19.57
17.875, 27.08, 19.60
17.880, 26.97, 19.64
17.885, 26.83, 19.68
17.890, 26.71, 19.69
17.895, 26.59, 19.71
17.900, 26.45, 19.73
17.905, 26.33, 19.77
17.910, 26.18, 19.78
17.915, 26.06, 19.81
17.920, 25.93, 19.82
17.925, 25.78, 19.87
17.930, 25.66, 19.90
17.935, 25.50, 19.92
17.940, 25.35, 19.94
17.945, 25.21, 19.96
17.950, 25.07, 19.96
17.955, 24.93, 20.00
17.960, 24.76, 19.99
17.965, 24.63, 20.00
17.970, 24.49, 20.01
17.975, 24.33, 20.02
17.980, 24.19, 20.02
17.985, 24.05, 20.01
17.990, 23.92, 20.03
17.995, 23.76, 20.02
18.000, 23.62, 20.01
18.005, 23.50, 20.01
18.010, 23.38, 20.01
18.015, 23.26, 19.99
18.020, 23.14, 19.98
18.025, 23.01, 19.97
18.030, 22.92, 19.96
18.035, 22.82, 19.96
18.040, 22.72, 19.95
18.045, 22.62, 19.96
18.050, 22.51, 19.95
18.055, 22.42, 19.95
18.060, 22.31, 19.95
18.065, 22.26, 19.94
18.070, 22.18, 19.95
18.075, 22.09, 19.95
18.080, 22.02, 19.95
18.085, 21.96, 19.95
18.090, 21.88, 19.96
18.095, 21.85, 19.96
18.100, 21.77, 19.96
18.105, 21.75, 19.97
18.110, 21.67, 19.99
18.115, 21.64, 19.99
18.120, 21.61, 20.00
18.125, 21.58, 20.02
18.130, 21.57, 20.02
18.135, 21.54, 20.07
18.140, 21.52, 20.10
18.145, 21.52, 20.11
18.150, 21.51, 20.12
18.155, 21.53, 20.14
18.160, 21.54, 20.18
18.165, 21.55, 20.19
18.170, 21.55, 20.21
18.175, 21.58, 20.24
18.180, 21.60, 20.27
18.185, 21.63, 20.30
18.190, 21.66, 20.31
18.195, 21.69, 20.33
18.200, 21.74, 20.36
18.205, 21.77, 20.38
18.210, 21.83, 20.41
18.215, 21.87, 20.42
18.220, 21.94, 20.45
18.225, 21.99, 20.45
18.230, 22.04, 20.47
18.235, 22.13, 20.51
18.240, 22.17, 20.51
18.245, 22.25, 20.53
18.250, 22.34, 20.54
18.255, 22.42, 20.55
18.260, 22.50, 20.56
18.265, 22.59, 20.57
18.270, 22.66, 20.58
18.275, 22.76, 20.60
18.280, 22.85, 20.59
18.285, 22.95, 20.60
18.290, 23.05, 20.61
18.295, 23.15, 20.62
18.300, 23.23, 20.62
18.305, 23.33, 20.62
18.310, 23.43, 20.68
18.315, 23.53, 20.68
18.320, 23.63, 20.69
18.325, 23.73, 20.69
18.330, 23.84, 20.69
18.335, 23.92, 20.70
18.340, 23.98, 20.73
18.345, 24.05, 20.74
18.350, 24.14, 20.74
18.355, 24.18, 20.75
18.360, 24.25, 20.77
18.365, 24.30, 20.77
18.370, 24.35, 20.77
18.375, 24.36, 20.79
18.380, 24.37, 20.78
18.385, 24.38, 20.79
18.390, 24.36, 20.79
18.395, 24.35, 20.77
18.400, 24.29, 20.77
18.405, 24.25, 20.77
18.410, 24.18, 20.76
18.415, 24.11, 20.74
18.420, 24.05, 20.72
18.425, 23.96, 20.70
18.430, 23.86, 20.69
18.435, 23.74, 20.67
18.440, 23.65, 20.62
18.445, 23.51, 20.60
18.450, 23.39, 20.58
18.455, 23.28, 20.57
18.460, 23.13, 20.51
18.465, 23.01, 20.50
18.470, 22.87, 20.47
18.475, 22.74, 20.41
18.480, 22.62, 20.38
18.485, 22.49, 20.36
18.490, 22.37, 20.31
18.495, 22.24, 20.28
18.500, 22.13, 20.27
18.505, 22.01, 20.22
18.510, 21.90, 20.19
18.515, 21.79, 20.17
18.520, 21.70, 20.13
18.525, 21.60, 20.10
18.530, 21.52, 20.08
18.535, 21.46, 20.04
18.540, 21.37, 20.02
18.545, 21.32, 19.99
18.550, 21.25, 19.97
18.555, 21.20, 19.95
18.560, 21.17, 19.95
18.565, 21.13, 19.92
18.570, 21.08, 19.91
18.575, 21.06, 19.88
18.580, 21.04, 19.87
18.585, 21.02, 19.86
18.590, 21.00, 19.84
18.595, 20.99, 19.83
18.600, 20.97, 19.81
18.605, 20.97, 19.80
18.610, 20.99, 19.78
18.615, 21.00, 19.76
18.620, 21.00, 19.77
18.625, 21.04, 19.74
18.630, 21.07, 19.74
18.635, 21.10, 19.73
18.640, 21.11, 19.73
18.645, 21.17, 19.74
18.650, 21.19, 19.72
18.655, 21.23, 19.74
18.660, 21.30, 19.74
18.665, 21.31, 19.73
18.670, 21.35, 19.75
18.675, 21.40, 19.75
18.680, 21.45, 19.76
18.685, 21.53, 19.75
18.690, 21.59, 19.77
18.695, 21.67, 19.78
18.700, 21.74, 19.79
18.705, 21.83, 19.81
18.710, 21.91, 19.81
18.715, 22.03, 19.85
18.720, 22.12, 19.89
18.725, 22.22, 19.91
18.730, 22.32, 19.94
18.735, 22.43, 19.97
18.740, 22.52, 20.00
18.745, 22.62, 20.04
18.750, 22.71, 20.09
18.755, 22.79, 20.12
18.760, 22.87, 20.16
18.765, 22.97, 20.20
18.770, 23.06, 20.25
18.775, 23.17, 20.29
18.780, 23.26, 20.33
18.785, 23.37, 20.35
18.790, 23.49, 20.41
18.795, 23.60, 20.44
18.800, 23.71, 20.45
18.805, 23.84, 20.48
18.810, 23.99, 20.53
18.815, 24.12, 20.53
18.820, 24.26, 20.56
18.825, 24.42, 20.57
18.830, 24.57, 20.61
18.835, 24.73, 20.62
18.840, 24.90, 20.65
18.845, 25.03, 20.66
18.850, 25.18, 20.68
18.855, 25.34, 20.70
18.860, 25.50, 20.71
18.865, 25.64, 20.72
18.870, 25.81, 20.73
18.875, 25.95, 20.74
18.880, 26.09, 20.75
18.885, 26.24, 20.72
18.890, 26.39, 20.72
18.895, 26.53, 20.70
18.900, 26.68, 20.67
18.905, 26.82, 20.66
18.910, 26.95, 20.61
18.915, 27.08, 20.56
18.920, 27.24, 20.53
18.925, 27.36, 20.47
18.930, 27.49, 20.41
18.935, 27.63, 20.35
18.940, 27.75, 20.29
18.945, 27.88, 20.25
18.950, 27.99, 20.18
18.955, 28.07, 20.13
18.960, 28.15, 20.07
18.965, 28.23, 20.03
18.970, 28.29, 19.99
18.975, 28.32, 19.98
18.980, 28.33, 19.95
18.985, 28.32, 19.95
18.990, 28.26, 19.96
18.995, 28.22, 19.96
19.000, 28.13, 20.01
19.005, 28.03, 20.02
19.010, 27.93, 20.07
19.015, 27.82, 20.10
19.020, 27.71, 20.13
19.025, 27.59, 20.13
19.030, 27.48, 20.15
19.035, 27.38, 20.16
19.040, 27.26, 20.17
19.045, 27.16, 20.18
19.050, 27.04, 20.18
19.055, 26.93, 20.17
19.060, 26.82, 20.18
19.065, 26.71, 20.20
19.070, 26.60, 20.19
19.075, 26.49, 20.20
19.080, 26.40, 20.23
19.085, 26.29, 20.24
19.090, 26.20, 20.25
19.095, 26.10, 20.28
19.100, 26.01, 20.31
19.105, 25.92, 20.33
19.110, 25.84, 20.34
19.115, 25.77, 20.36
19.120, 25.72, 20.37
19.125, 25.65, 20.38
19.130, 25.59, 20.38
19.135, 25.52, 20.38
19.140, 25.47, 20.40
19.145, 25.41, 20.39
19.150, 25.34, 20.41
19.155, 25.29, 20.41
19.160, 25.22, 20.42
19.165, 25.14, 20.43
19.170, 25.07, 20.44
19.175, 25.00, 20.46
19.180, 24.90, 20.47
19.185, 24.83, 20.48
19.190, 24.77, 20.51
19.195, 24.68, 20.50
19.200, 24.59, 20.53
19.205, 24.50, 20.53
19.210, 24.41, 20.53
19.215, 24.33, 20.53
19.220, 24.23, 20.55
19.225, 24.14, 20.54
19.230, 24.03, 20.53
19.235, 23.92, 20.53
19.240, 23.82, 20.53
19.245, 23.70, 20.52
19.250, 23.60, 20.53
19.255, 23.47, 20.53
19.260, 23.36, 20.53
19.265, 23.24, 20.53
19.270, 23.11, 20.53
19.275, 22.97, 20.52
19.280, 22.86, 20.52
19.285, 22.73, 20.52
19.290, 22.61, 20.50
19.295, 22.51, 20.48
19.300, 22.39, 20.46
19.305, 22.30, 20.43
19.310, 22.21, 20.42
19.315, 22.09, 20.40
19.320, 21.98, 20.39
19.325, 21.90, 20.38
19.330, 21.81, 20.36
19.335, 21.72, 20.32
19.340, 21.64, 20.32
19.345, 21.54, 20.30
19.350, 21.46, 20.29
19.355, 21.37, 20.28
19.360, 21.28, 20.27
19.365, 21.21, 20.25
19.370, 21.14, 20.23
19.375, 21.05, 20.20
19.380, 20.99, 20.22
19.385, 20.93, 20.20
19.390, 20.87, 20.19
19.395, 20.82, 20.20
19.400, 20.78, 20.18
19.405, 20.75, 20.17
19.410, 20.69, 20.18
19.415, 20.66, 20.18
19.420, 20.66, 20.18
19.425, 20.61, 20.18
19.430, 20.63, 20.19
19.435, 20.61, 20.20
19.440, 20.61, 20.18
19.445, 20.59, 20.20
19.450, 20.62, 20.18
19.455, 20.62, 20.21
19.460, 20.64, 20.21
19.465, 20.66, 20.20
19.470, 20.69, 20.22
19.475, 20.72, 20.23
19.480, 20.76, 20.24
19.485, 20.81, 20.26
19.490, 20.86, 20.28
19.495, 20.93, 20.30
19.500, 20.97, 20.31
19.505, 21.03, 20.32
19.510, 21.10, 20.35
19.515, 21.15, 20.35
19.520, 21.22, 20.35
19.525, 21.30, 20.37
19.530, 21.38, 20.39
19.535, 21.47, 20.41
19.540, 21.55, 20.40
19.545, 21.64, 20.43
19.550, 21.71, 20.43
19.555, 21.83, 20.46
19.560, 21.91, 20.48
19.565, 22.02, 20.48
19.570, 22.12, 20.50
19.575, 22.22, 20.52
19.580, 22.32, 20.53
19.585, 22.43, 20.55
19.590, 22.52, 20.56
19.595, 22.63, 20.57
19.600, 22.73, 20.58
19.605, 22.84, 20.58
19.610, 22.95, 20.59
19.615, 23.02, 20.61
19.620, 23.10, 20.61
19.625, 23.20, 20.61
19.630, 23.28, 20.61
19.635, 23.36, 20.61
19.640, 23.41, 20.63
19.645, 23.48, 20.64
19.650, 23.51, 20.63
19.655, 23.54, 20.65
19.660, 23.56, 20.66
19.665, 23.59, 20.66
19.670, 23.58, 20.66
19.675, 23.57, 20.66
19.680, 23.54, 20.64
19.685, 23.50, 20.66
19.690, 23.45, 20.65
19.695, 23.40, 20.66
19.700, 23.33, 20.63
19.705, 23.26, 20.61
19.710, 23.17, 20.60
19.715, 23.09, 20.61
19.720, 22.99, 20.60
19.725, 22.90, 20.59
19.730, 22.81, 20.57
19.735, 22.69, 20.56
19.740, 22.59, 20.55
19.745, 22.47, 20.51
19.750, 22.37, 20.53
19.755, 22.25, 20.51
19.760, 22.14, 20.51
19.765, 22.04, 20.50
19.770, 21.94, 20.50
19.775, 21.83, 20.49
19.780, 21.73, 20.47
19.785, 21.63, 20.46
19.790, 21.55, 20.45
19.795, 21.46, 20.43
19.800, 21.38, 20.43
19.805, 21.28, 20.41
19.810, 21.22, 20.41
19.815, 21.15, 20.39
19.820, 21.06, 20.38
19.825, 21.03, 20.37
19.830, 20.96, 20.37
19.835, 20.90, 20.37
19.840, 20.85, 20.36
19.845, 20.82, 20.35
19.850, 20.76, 20.35
19.855, 20.77, 20.34
19.860, 20.73, 20.33
19.865, 20.73, 20.34
19.870, 20.70, 20.33
19.875, 20.70, 20.34
19.880, 20.70, 20.33
19.885, 20.68, 20.34
19.890, 20.68, 20.32
19.895, 20.68, 20.33
19.900, 20.69, 20.32
19.905, 20.70, 20.32
19.910, 20.71, 20.32
19.915, 20.71, 20.31
19.920, 20.74, 20.31
19.925, 20.73, 20.29
19.930, 20.77, 20.30
19.935, 20.80, 20.29
19.940, 20.82, 20.29
19.945, 20.87, 20.30
19.950, 20.89, 20.30
19.955, 20.92, 20.31
19.960, 20.99, 20.30
19.965, 21.01, 20.30
19.970, 21.07, 20.33
19.975, 21.13, 20.34
19.980, 21.15, 20.35
19.985, 21.20, 20.36
19.990, 21.25, 20.36
19.995, 21.30, 20.38
20.000, 21.31, 20.37
