 0.000, 49.39, 31.95
 0.005, 49.20, 32.40
 0.010, 48.96, 32.86
 0.015, 48.71, 33.27
 0.020, 48.45, 33.68
 0.025, 48.14, 34.09
 0.030, 47.85, 34.44
 0.035, 47.52, 34.80
 0.040, 47.21, 35.11
 0.045, 46.84, 35.41
 0.050, 46.47, 35.69
 0.055, 46.09, 35.92
 0.060, 45.67, 36.19
 0.065, 45.27, 36.37
 0.070, 44.84, 36.61
 0.075, 44.40, 36.79
 0.080, 43.95, 36.98
 0.085, 43.50, 37.16
 0.090, 43.07, 37.33
 0.095, 42.61, 37.50
 0.100, 42.17, 37.62
 0.105, 41.78, 37.80
 0.110, 41.35, 37.93
 0.115, 40.99, 38.05
 0.120, 40.61, 38.19
 0.125, 40.28, 38.29
 0.130, 39.95, 38.43
 0.135, 39.65, 38.50
 0.140, 39.40, 38.61
 0.145, 39.15, 38.70
 0.150, 38.95, 38.80
 0.155, 38.80, 38.89
 0.160, 38.61, 38.93
 0.165, 38.49, 39.01
 0.170, 38.37, 39.08
 0.175, 38.28, 39.14
 0.180, 38.22, 39.15
 0.185, 38.16, 39.22
 0.190, 38.14, 39.25
 0.195, 38.12, 39.28
 0.200, 38.12, 39.30
 0.205, 38.13, 39.33
 0.210, 38.17, 39.34
 0.215, 38.22, 39.30
 0.220, 38.31, 39.28
 0.225, 38.40, 39.26
 0.230, 38.51, 39.21
 0.235, 38.61, 39.15
 0.240, 38.73, 39.09
 0.245, 38.84, 39.00
 0.250, 38.98, 38.92
 0.255, 39.08, 38.79
 0.260, 39.24, 38.68
 0.265, 39.38, 38.51
 0.270, 39.53, 38.35
 0.275, 39.71, 38.15
 0.280, 39.84, 37.96
 0.285, 40.03, 37.72
 0.290, 40.18, 37.50
 0.295, 40.37, 37.22
 0.300, 40.56, 36.94
 0.305, 40.70, 36.68
 0.310, 40.91, 36.35
 0.315, 41.10, 36.05
 0.320, 41.26, 35.69
 0.325, 41.46, 35.36
 0.330, 41.67, 35.01
 0.335, 41.86, 34.59
 0.340, 42.02, 34.24
 0.345, 42.23, 33.84
 0.350, 42.42, 33.40
 0.355, 42.60, 33.02
 0.360, 42.76, 32.59
 0.365, 42.95, 32.19
 0.370, 43.09, 31.74
 0.375, 43.26, 31.29
 0.380, 43.39, 30.87
 0.385, 43.54, 30.41
 0.390, 43.67, 29.99
 0.395, 43.79, 29.54
 0.400, 43.93, 29.07
 0.405, 44.03, 28.65
 0.410, 44.14, 28.18
 0.415, 44.24, 27.74
 0.420, 44.32, 27.30
 0.425, 44.41, 26.86
 0.430, 44.48, 26.42
 0.435, 44.56, 25.95
 0.440, 44.62, 25.53
 0.445, 44.67, 25.07
 0.450, 44.73, 24.63
 0.455, 44.77, 24.21
 0.460, 44.81, 23.78
 0.465, 44.83, 23.35
 0.470, 44.83, 22.91
 0.475, 44.84, 22.49
 0.480, 44.84, 22.10
 0.485, 44.82, 21.67
 0.490, 44.78, 21.28
 0.495, 44.75, 20.88
 0.500, 44.70, 20.48
 0.505, 44.65, 20.10
 0.510, 44.59, 19.71
 0.515, 44.53, 19.36
 0.520, 44.43, 18.98
 0.525, 44.36, 18.60
 0.530, 44.25, 18.29
 0.535, 44.14, 17.91
 0.540, 44.04, 17.60
 0.545, 43.92, 17.25
 0.550, 43.81, 16.94
 0.555, 43.68, 16.62
 0.560, 43.52, 16.33
 0.565, 43.38, 16.02
 0.570, 43.22, 15.74
 0.575, 43.05, 15.46
 0.580, 42.89, 15.21
 0.585, 42.72, 14.93
 0.590, 42.54, 14.69
 0.595, 42.37, 14.45
 0.600, 42.18, 14.23
 0.605, 41.99, 14.02
 0.610, 41.80, 13.81
 0.615, 41.62, 13.61
 0.620, 41.43, 13.42
 0.625, 41.23, 13.24
 0.630, 41.05, 13.07
 0.635, 40.87, 12.91
 0.640, 40.68, 12.76
 0.645, 40.50, 12.60
 0.650, 40.34, 12.49
 0.655, 40.17, 12.35
 0.660, 40.01, 12.27
 0.665, 39.87, 12.14
 0.670, 39.72, 12.06
 0.675, 39.59, 11.96
 0.680, 39.49, 11.89
 0.685, 39.39, 11.84
 0.690, 39.32, 11.77
 0.695, 39.24, 11.71
 0.700, 39.19, 11.67
 0.705, 39.14, 11.63
 0.710, 39.12, 11.60
 0.715, 39.11, 11.59
 0.720, 39.13, 11.56
 0.725, 39.15, 11.56
 0.730, 39.20, 11.57
 0.735, 39.27, 11.58
 0.740, 39.35, 11.61
 0.745, 39.46, 11.61
 0.750, 39.57, 11.65
 0.755, 39.68, 11.68
 0.760, 39.82, 11.73
 0.765, 39.99, 11.81
 0.770, 40.16, 11.87
 0.775, 40.34, 11.94
 0.780, 40.54, 12.03
 0.785, 40.76, 12.11
 0.790, 40.97, 12.23
 0.795, 41.20, 12.33
 0.800, 41.43, 12.47
 0.805, 41.67, 12.58
 0.810, 41.94, 12.73
 0.815, 42.18, 12.89
 0.820, 42.45, 13.03
 0.825, 42.71, 13.19
 0.830, 42.95, 13.38
 0.835, 43.25, 13.58
 0.840, 43.50, 13.77
 0.845, 43.79, 13.98
 0.850, 44.05, 14.20
 0.855, 44.31, 14.42
 0.860, 44.59, 14.66
 0.865, 44.85, 14.88
 0.870, 45.11, 15.16
 0.875, 45.36, 15.42
 0.880, 45.62, 15.69
 0.885, 45.86, 15.98
 0.890, 46.10, 16.26
 0.895, 46.35, 16.55
 0.900, 46.58, 16.87
 0.905, 46.80, 17.19
 0.910, 47.02, 17.50
 0.915, 47.23, 17.84
 0.920, 47.44, 18.17
 0.925, 47.63, 18.51
 0.930, 47.82, 18.86
 0.935, 48.00, 19.22
 0.940, 48.17, 19.58
 0.945, 48.34, 19.95
 0.950, 48.47, 20.33
 0.955, 48.61, 20.71
 0.960, 48.76, 21.12
 0.965, 48.88, 21.52
 0.970, 48.98, 21.93
 0.975, 49.08, 22.33
 0.980, 49.16, 22.73
 0.985, 49.22, 23.15
 0.990, 49.27, 23.55
 0.995, 49.31, 23.97
 1.000, 49.33, 24.40
 1.005, 49.33, 24.80
 1.010, 49.32, 25.23
 1.015, 49.30, 25.61
 1.020, 49.23, 26.05
 1.025, 49.18, 26.47
 1.030, 49.09, 26.86
 1.035, 48.97, 27.28
 1.040, 48.87, 27.67
 1.045, 48.72, 28.08
 1.050, 48.55, 28.47
 1.055, 48.39, 28.85
 1.060, 48.19, 29.21
 1.065, 47.98, 29.57
 1.070, 47.74, 29.92
 1.075, 47.47, 30.25
 1.080, 47.22, 30.57
 1.085, 46.90, 30.89
 1.090, 46.59, 31.18
 1.095, 46.25, 31.46
 1.100, 45.93, 31.75
 1.105, 45.60, 32.01
 1.110, 45.22, 32.27
 1.115, 44.88, 32.51
 1.120, 44.53, 32.76
 1.125, 44.19, 32.99
 1.130, 43.85, 33.21
 1.135, 43.49, 33.39
 1.140, 43.19, 33.59
 1.145, 42.87, 33.77
 1.150, 42.57, 33.95
 1.155, 42.26, 34.09
 1.160, 41.97, 34.23
 1.165, 41.72, 34.35
 1.170, 41.46, 34.46
 1.175, 41.22, 34.59
 1.180, 41.01, 34.68
 1.185, 40.81, 34.81
 1.190, 40.66, 34.88
 1.195, 40.50, 34.97
 1.200, 40.40, 35.04
 1.205, 40.30, 35.13
 1.210, 40.24, 35.18
 1.215, 40.19, 35.27
 1.220, 40.16, 35.33
 1.225, 40.17, 35.38
 1.230, 40.15, 35.43
 1.235, 40.18, 35.48
 1.240, 40.22, 35.51
 1.245, 40.27, 35.55
 1.250, 40.35, 35.58
 1.255, 40.44, 35.56
 1.260, 40.56, 35.58
 1.265, 40.67, 35.58
 1.270, 40.83, 35.55
 1.275, 40.97, 35.51
 1.280, 41.17, 35.48
 1.285, 41.36, 35.47
 1.290, 41.55, 35.38
 1.295, 41.79, 35.33
 1.300, 42.02, 35.26
 1.305, 42.29, 35.16
 1.310, 42.54, 35.05
 1.315, 42.81, 34.93
 1.320, 43.11, 34.78
 1.325, 43.38, 34.65
 1.330, 43.67, 34.48
 1.335, 43.99, 34.28
 1.340, 44.28, 34.09
 1.345, 44.58, 33.87
 1.350, 44.88, 33.63
 1.355, 45.20, 33.39
 1.360, 45.53, 33.13
 1.365, 45.82, 32.89
 1.370, 46.10, 32.57
 1.375, 46.42, 32.27
 1.380, 46.70, 31.95
 1.385, 46.99, 31.61
 1.390, 47.29, 31.28
 1.395, 47.56, 30.94
 1.400, 47.83, 30.56
 1.405, 48.09, 30.19
 1.410, 48.34, 29.80
 1.415, 48.56, 29.42
 1.420, 48.79, 29.02
 1.425, 49.02, 28.62
 1.430, 49.21, 28.21
 1.435, 49.41, 27.81
 1.440, 49.58, 27.41
 1.445, 49.75, 26.96
 1.450, 49.91, 26.53
 1.455, 50.05, 26.13
 1.460, 50.19, 25.69
 1.465, 50.30, 25.30
 1.470, 50.41, 24.86
 1.475, 50.51, 24.46
 1.480, 50.58, 24.04
 1.485, 50.66, 23.62
 1.490, 50.72, 23.22
 1.495, 50.75, 22.79
 1.500, 50.77, 22.40
 1.505, 50.80, 21.98
 1.510, 50.81, 21.56
 1.515, 50.81, 21.16
 1.520, 50.78, 20.75
 1.525, 50.75, 20.35
 1.530, 50.70, 19.96
 1.535, 50.64, 19.55
 1.540, 50.58, 19.19
 1.545, 50.48, 18.78
 1.550, 50.40, 18.42
 1.555, 50.29, 18.07
 1.560, 50.16, 17.68
 1.565, 50.04, 17.36
 1.570, 49.91, 17.01
 1.575, 49.76, 16.67
 1.580, 49.60, 16.35
 1.585, 49.44, 16.01
 1.590, 49.27, 15.72
 1.595, 49.06, 15.41
 1.600, 48.87, 15.13
 1.605, 48.67, 14.88
 1.610, 48.47, 14.60
 1.615, 48.24, 14.35
 1.620, 48.02, 14.11
 1.625, 47.78, 13.89
 1.630, 47.56, 13.67
 1.635, 47.31, 13.47
 1.640, 47.09, 13.28
 1.645, 46.85, 13.12
 1.650, 46.60, 12.94
 1.655, 46.35, 12.78
 1.660, 46.11, 12.63
 1.665, 45.89, 12.50
 1.670, 45.64, 12.37
 1.675, 45.41, 12.27
 1.680, 45.17, 12.16
 1.685, 44.94, 12.06
 1.690, 44.73, 11.97
 1.695, 44.51, 11.89
 1.700, 44.32, 11.81
 1.705, 44.14, 11.73
 1.710, 43.93, 11.67
 1.715, 43.74, 11.63
 1.720, 43.58, 11.59
 1.725, 43.42, 11.53
 1.730, 43.28, 11.49
 1.735, 43.14, 11.45
 1.740, 43.04, 11.45
 1.745, 42.94, 11.42
 1.750, 42.84, 11.40
 1.755, 42.76, 11.39
 1.760, 42.69, 11.36
 1.765, 42.64, 11.36
 1.770, 42.61, 11.35
 1.775, 42.58, 11.36
 1.780, 42.58, 11.35
 1.785, 42.60, 11.38
 1.790, 42.63, 11.39
 1.795, 42.66, 11.41
 1.800, 42.73, 11.43
 1.805, 42.80, 11.46
 1.810, 42.89, 11.48
 1.815, 42.99, 11.53
 1.820, 43.11, 11.59
 1.825, 43.25, 11.67
 1.830, 43.39, 11.72
 1.835, 43.55, 11.80
 1.840, 43.71, 11.88
 1.845, 43.89, 11.96
 1.850, 44.06, 12.07
 1.855, 44.26, 12.18
 1.860, 44.48, 12.29
 1.865, 44.69, 12.41
 1.870, 44.92, 12.55
 1.875, 45.13, 12.70
 1.880, 45.38, 12.84
 1.885, 45.61, 13.00
 1.890, 45.86, 13.16
 1.895, 46.11, 13.35
 1.900, 46.36, 13.53
 1.905, 46.61, 13.72
 1.910, 46.87, 13.93
 1.915, 47.13, 14.13
 1.920, 47.39, 14.37
 1.925, 47.64, 14.60
 1.930, 47.90, 14.85
 1.935, 48.17, 15.11
 1.940, 48.41, 15.34
 1.945, 48.67, 15.63
 1.950, 48.93, 15.90
 1.955, 49.17, 16.19
 1.960, 49.41, 16.49
 1.965, 49.64, 16.77
 1.970, 49.88, 17.10
 1.975, 50.09, 17.40
 1.980, 50.30, 17.74
 1.985, 50.51, 18.08
 1.990, 50.69, 18.41
 1.995, 50.88, 18.77
 2.000, 51.04, 19.13
 2.005, 51.19, 19.50
 2.010, 51.34, 19.88
 2.015, 51.46, 20.26
 2.020, 51.60, 20.68
 2.025, 51.70, 21.05
 2.030, 51.79, 21.47
 2.035, 51.85, 21.90
 2.040, 51.92, 22.31
 2.045, 51.96, 22.76
 2.050, 51.99, 23.17
 2.055, 52.03, 23.62
 2.060, 52.02, 24.06
 2.065, 52.00, 24.49
 2.070, 51.96, 24.96
 2.075, 51.93, 25.40
 2.080, 51.87, 25.85
 2.085, 51.80, 26.31
 2.090, 51.72, 26.76
 2.095, 51.60, 27.23
 2.100, 51.49, 27.68
 2.105, 51.36, 28.13
 2.110, 51.19, 28.59
 2.115, 51.04, 29.02
 2.120, 50.85, 29.47
 2.125, 50.66, 29.90
 2.130, 50.44, 30.33
 2.135, 50.22, 30.76
 2.140, 49.98, 31.14
 2.145, 49.73, 31.58
 2.150, 49.47, 31.97
 2.155, 49.18, 32.36
 2.160, 48.91, 32.73
 2.165, 48.60, 33.07
 2.170, 48.28, 33.46
 2.175, 47.95, 33.78
 2.180, 47.63, 34.10
 2.185, 47.30, 34.40
 2.190, 46.96, 34.67
 2.195, 46.60, 34.94
 2.200, 46.25, 35.17
 2.205, 45.90, 35.42
 2.210, 45.54, 35.63
 2.215, 45.18, 35.84
 2.220, 44.81, 36.04
 2.225, 44.48, 36.21
 2.230, 44.09, 36.37
 2.235, 43.75, 36.54
 2.240, 43.42, 36.68
 2.245, 43.07, 36.81
 2.250, 42.74, 36.95
 2.255, 42.40, 37.07
 2.260, 42.10, 37.17
 2.265, 41.80, 37.26
 2.270, 41.48, 37.38
 2.275, 41.21, 37.45
 2.280, 40.94, 37.56
 2.285, 40.69, 37.63
 2.290, 40.45, 37.69
 2.295, 40.21, 37.78
 2.300, 40.02, 37.83
 2.305, 39.83, 37.86
 2.310, 39.64, 37.92
 2.315, 39.51, 37.95
 2.320, 39.38, 38.02
 2.325, 39.29, 38.05
 2.330, 39.21, 38.06
 2.335, 39.18, 38.09
 2.340, 39.13, 38.12
 2.345, 39.12, 38.13
 2.350, 39.14, 38.15
 2.355, 39.18, 38.15
 2.360, 39.22, 38.17
 2.365, 39.30, 38.15
 2.370, 39.40, 38.16
 2.375, 39.51, 38.15
 2.380, 39.65, 38.13
 2.385, 39.82, 38.12
 2.390, 39.96, 38.09
 2.395, 40.17, 38.06
 2.400, 40.35, 38.05
 2.405, 40.55, 38.00
 2.410, 40.79, 37.93
 2.415, 41.00, 37.86
 2.420, 41.24, 37.80
 2.425, 41.50, 37.70
 2.430, 41.77, 37.60
 2.435, 42.04, 37.46
 2.440, 42.32, 37.34
 2.445, 42.60, 37.18
 2.450, 42.87, 37.03
 2.455, 43.19, 36.85
 2.460, 43.48, 36.64
 2.465, 43.75, 36.45
 2.470, 44.07, 36.21
 2.475, 44.39, 35.97
 2.480, 44.69, 35.69
 2.485, 45.00, 35.41
 2.490, 45.27, 35.14
 2.495, 45.58, 34.82
 2.500, 45.89, 34.52
 2.505, 46.16, 34.18
 2.510, 46.44, 33.83
 2.515, 46.70, 33.49
 2.520, 46.98, 33.10
 2.525, 47.21, 32.75
 2.530, 47.46, 32.34
 2.535, 47.69, 31.94
 2.540, 47.91, 31.55
 2.545, 48.12, 31.14
 2.550, 48.32, 30.73
 2.555, 48.51, 30.29
 2.560, 48.69, 29.86
 2.565, 48.82, 29.44
 2.570, 48.97, 28.99
 2.575, 49.11, 28.57
 2.580, 49.22, 28.15
 2.585, 49.32, 27.70
 2.590, 49.40, 27.26
 2.595, 49.48, 26.81
 2.600, 49.51, 26.38
 2.605, 49.56, 25.93
 2.610, 49.59, 25.50
 2.615, 49.59, 25.06
 2.620, 49.58, 24.61
 2.625, 49.53, 24.20
 2.630, 49.50, 23.75
 2.635, 49.43, 23.35
 2.640, 49.37, 22.94
 2.645, 49.26, 22.51
 2.650, 49.17, 22.12
 2.655, 49.05, 21.72
 2.660, 48.93, 21.31
 2.665, 48.79, 20.92
 2.670, 48.62, 20.53
 2.675, 48.47, 20.16
 2.680, 48.29, 19.77
 2.685, 48.09, 19.42
 2.690, 47.90, 19.06
 2.695, 47.67, 18.70
 2.700, 47.47, 18.37
 2.705, 47.22, 18.03
 2.710, 46.98, 17.71
 2.715, 46.72, 17.41
 2.720, 46.45, 17.09
 2.725, 46.21, 16.84
 2.730, 45.91, 16.52
 2.735, 45.64, 16.27
 2.740, 45.35, 16.00
 2.745, 45.05, 15.77
 2.750, 44.78, 15.53
 2.755, 44.47, 15.31
 2.760, 44.16, 15.09
 2.765, 43.88, 14.87
 2.770, 43.59, 14.67
 2.775, 43.30, 14.49
 2.780, 43.01, 14.30
 2.785, 42.74, 14.13
 2.790, 42.48, 14.00
 2.795, 42.20, 13.83
 2.800, 41.96, 13.68
 2.805, 41.71, 13.56
 2.810, 41.47, 13.42
 2.815, 41.26, 13.32
 2.820, 41.03, 13.20
 2.825, 40.85, 13.12
 2.830, 40.67, 13.03
 2.835, 40.53, 12.96
 2.840, 40.38, 12.87
 2.845, 40.26, 12.80
 2.850, 40.17, 12.76
 2.855, 40.10, 12.68
 2.860, 40.05, 12.62
 2.865, 40.01, 12.59
 2.870, 40.00, 12.56
 2.875, 40.01, 12.53
 2.880, 40.03, 12.53
 2.885, 40.10, 12.53
 2.890, 40.14, 12.53
 2.895, 40.24, 12.53
 2.900, 40.32, 12.57
 2.905, 40.45, 12.60
 2.910, 40.57, 12.68
 2.915, 40.73, 12.74
 2.920, 40.88, 12.81
 2.925, 41.06, 12.90
 2.930, 41.24, 12.99
 2.935, 41.43, 13.13
 2.940, 41.63, 13.24
 2.945, 41.87, 13.38
 2.950, 42.07, 13.56
 2.955, 42.29, 13.70
 2.960, 42.51, 13.88
 2.965, 42.75, 14.07
 2.970, 43.00, 14.28
 2.975, 43.22, 14.49
 2.980, 43.47, 14.72
 2.985, 43.70, 14.95
 2.990, 43.93, 15.20
 2.995, 44.17, 15.48
 3.000, 44.41, 15.75
 3.005, 44.63, 16.00
 3.010, 44.86, 16.30
 3.015, 45.07, 16.60
 3.020, 45.30, 16.93
 3.025, 45.51, 17.24
 3.030, 45.73, 17.56
 3.035, 45.91, 17.90
 3.040, 46.10, 18.23
 3.045, 46.29, 18.60
 3.050, 46.45, 18.95
 3.055, 46.63, 19.32
 3.060, 46.78, 19.70
 3.065, 46.93, 20.07
 3.070, 47.07, 20.49
 3.075, 47.19, 20.84
 3.080, 47.32, 21.26
 3.085, 47.42, 21.66
 3.090, 47.49, 22.05
 3.095, 47.59, 22.47
 3.100, 47.67, 22.88
 3.105, 47.72, 23.32
 3.110, 47.77, 23.73
 3.115, 47.80, 24.15
 3.120, 47.81, 24.58
 3.125, 47.81, 24.99
 3.130, 47.81, 25.44
 3.135, 47.79, 25.85
 3.140, 47.74, 26.28
 3.145, 47.69, 26.72
 3.150, 47.64, 27.16
 3.155, 47.56, 27.60
 3.160, 47.47, 28.03
 3.165, 47.36, 28.46
 3.170, 47.25, 28.89
 3.175, 47.13, 29.32
 3.180, 46.95, 29.74
 3.185, 46.81, 30.13
 3.190, 46.62, 30.52
 3.195, 46.45, 30.90
 3.200, 46.25, 31.30
 3.205, 46.03, 31.66
 3.210, 45.80, 32.01
 3.215, 45.56, 32.38
 3.220, 45.30, 32.73
 3.225, 45.05, 33.05
 3.230, 44.75, 33.40
 3.235, 44.49, 33.74
 3.240, 44.22, 34.04
 3.245, 43.90, 34.37
 3.250, 43.59, 34.67
 3.255, 43.24, 34.99
 3.260, 42.92, 35.27
 3.265, 42.57, 35.56
 3.270, 42.20, 35.85
 3.275, 41.86, 36.13
 3.280, 41.48, 36.38
 3.285, 41.12, 36.63
 3.290, 40.74, 36.87
 3.295, 40.38, 37.11
 3.300, 40.02, 37.34
 3.305, 39.66, 37.56
 3.310, 39.31, 37.74
 3.315, 38.96, 37.92
 3.320, 38.62, 38.09
 3.325, 38.31, 38.26
 3.330, 37.98, 38.40
 3.335, 37.70, 38.52
 3.340, 37.42, 38.66
 3.345, 37.14, 38.75
 3.350, 36.90, 38.85
 3.355, 36.68, 38.94
 3.360, 36.49, 39.00
 3.365, 36.34, 39.06
 3.370, 36.25, 39.10
 3.375, 36.15, 39.16
 3.380, 36.08, 39.17
 3.385, 36.06, 39.20
 3.390, 36.04, 39.21
 3.395, 36.06, 39.23
 3.400, 36.08, 39.21
 3.405, 36.14, 39.24
 3.410, 36.21, 39.23
 3.415, 36.31, 39.22
 3.420, 36.43, 39.19
 3.425, 36.56, 39.19
 3.430, 36.71, 39.15
 3.435, 36.87, 39.10
 3.440, 37.04, 39.04
 3.445, 37.28, 38.96
 3.450, 37.45, 38.90
 3.455, 37.66, 38.81
 3.460, 37.91, 38.72
 3.465, 38.10, 38.60
 3.470, 38.36, 38.48
 3.475, 38.62, 38.35
 3.480, 38.89, 38.22
 3.485, 39.16, 38.05
 3.490, 39.42, 37.88
 3.495, 39.71, 37.69
 3.500, 39.99, 37.48
 3.505, 40.28, 37.27
 3.510, 40.57, 37.03
 3.515, 40.87, 36.79
 3.520, 41.16, 36.52
 3.525, 41.45, 36.25
 3.530, 41.76, 35.94
 3.535, 42.07, 35.62
 3.540, 42.34, 35.31
 3.545, 42.64, 34.95
 3.550, 42.92, 34.63
 3.555, 43.23, 34.23
 3.560, 43.49, 33.87
 3.565, 43.78, 33.49
 3.570, 44.04, 33.08
 3.575, 44.33, 32.69
 3.580, 44.57, 32.27
 3.585, 44.80, 31.85
 3.590, 45.05, 31.44
 3.595, 45.27, 31.01
 3.600, 45.49, 30.58
 3.605, 45.70, 30.13
 3.610, 45.89, 29.70
 3.615, 46.06, 29.27
 3.620, 46.25, 28.81
 3.625, 46.39, 28.39
 3.630, 46.55, 27.92
 3.635, 46.68, 27.50
 3.640, 46.81, 27.04
 3.645, 46.93, 26.59
 3.650, 47.02, 26.18
 3.655, 47.11, 25.74
 3.660, 47.15, 25.30
 3.665, 47.23, 24.88
 3.670, 47.27, 24.45
 3.675, 47.28, 24.04
 3.680, 47.33, 23.61
 3.685, 47.32, 23.19
 3.690, 47.31, 22.80
 3.695, 47.29, 22.40
 3.700, 47.26, 22.01
 3.705, 47.20, 21.60
 3.710, 47.15, 21.24
 3.715, 47.08, 20.84
 3.720, 46.99, 20.47
 3.725, 46.90, 20.11
 3.730, 46.80, 19.74
 3.735, 46.68, 19.40
 3.740, 46.56, 19.06
 3.745, 46.42, 18.73
 3.750, 46.30, 18.41
 3.755, 46.14, 18.08
 3.760, 45.98, 17.77
 3.765, 45.82, 17.47
 3.770, 45.63, 17.18
 3.775, 45.46, 16.91
 3.780, 45.26, 16.64
 3.785, 45.07, 16.39
 3.790, 44.87, 16.12
 3.795, 44.67, 15.87
 3.800, 44.46, 15.65
 3.805, 44.25, 15.43
 3.810, 44.03, 15.20
 3.815, 43.81, 14.99
 3.820, 43.59, 14.78
 3.825, 43.37, 14.58
 3.830, 43.15, 14.41
 3.835, 42.95, 14.23
 3.840, 42.72, 14.06
 3.845, 42.50, 13.89
 3.850, 42.31, 13.74
 3.855, 42.11, 13.59
 3.860, 41.94, 13.44
 3.865, 41.75, 13.32
 3.870, 41.59, 13.19
 3.875, 41.43, 13.05
 3.880, 41.28, 12.95
 3.885, 41.16, 12.85
 3.890, 41.06, 12.76
 3.895, 40.95, 12.67
 3.900, 40.86, 12.57
 3.905, 40.78, 12.51
 3.910, 40.73, 12.45
 3.915, 40.68, 12.37
 3.920, 40.69, 12.32
 3.925, 40.68, 12.30
 3.930, 40.69, 12.26
 3.935, 40.74, 12.24
 3.940, 40.79, 12.21
 3.945, 40.86, 12.22
 3.950, 40.96, 12.23
 3.955, 41.07, 12.24
 3.960, 41.19, 12.26
 3.965, 41.32, 12.28
 3.970, 41.47, 12.33
 3.975, 41.63, 12.37
 3.980, 41.82, 12.46
 3.985, 41.99, 12.53
 3.990, 42.18, 12.60
 3.995, 42.40, 12.70
 4.000, 42.61, 12.80
 4.005, 42.83, 12.91
 4.010, 43.04, 13.02
 4.015, 43.28, 13.18
 4.020, 43.53, 13.33
 4.025, 43.77, 13.46
 4.030, 44.02, 13.63
 4.035, 44.28, 13.82
 4.040, 44.53, 14.00
 4.045, 44.79, 14.20
 4.050, 45.05, 14.40
 4.055, 45.30, 14.61
 4.060, 45.55, 14.84
 4.065, 45.82, 15.08
 4.070, 46.07, 15.33
 4.075, 46.31, 15.56
 4.080, 46.58, 15.86
 4.085, 46.81, 16.11
 4.090, 47.04, 16.38
 4.095, 47.27, 16.69
 4.100, 47.49, 16.98
 4.105, 47.70, 17.29
 4.110, 47.90, 17.60
 4.115, 48.10, 17.92
 4.120, 48.30, 18.28
 4.125, 48.45, 18.59
 4.130, 48.64, 18.95
 4.135, 48.79, 19.29
 4.140, 48.91, 19.65
 4.145, 49.06, 20.04
 4.150, 49.19, 20.39
 4.155, 49.30, 20.79
 4.160, 49.38, 21.16
 4.165, 49.46, 21.58
 4.170, 49.53, 22.00
 4.175, 49.59, 22.38
 4.180, 49.63, 22.82
 4.185, 49.66, 23.24
 4.190, 49.66, 23.68
 4.195, 49.66, 24.12
 4.200, 49.65, 24.56
 4.205, 49.62, 25.01
 4.210, 49.56, 25.44
 4.215, 49.51, 25.89
 4.220, 49.44, 26.36
 4.225, 49.33, 26.80
 4.230, 49.23, 27.26
 4.235, 49.10, 27.70
 4.240, 48.98, 28.17
 4.245, 48.81, 28.64
 4.250, 48.67, 29.08
 4.255, 48.48, 29.53
 4.260, 48.33, 29.97
 4.265, 48.12, 30.40
 4.270, 47.91, 30.85
 4.275, 47.71, 31.26
 4.280, 47.48, 31.71
 4.285, 47.26, 32.11
 4.290, 47.01, 32.54
 4.295, 46.74, 32.95
 4.300, 46.50, 33.39
 4.305, 46.20, 33.80
 4.310, 45.93, 34.21
 4.315, 45.63, 34.59
 4.320, 45.30, 34.98
 4.325, 44.98, 35.35
 4.330, 44.61, 35.75
 4.335, 44.28, 36.08
 4.340, 43.89, 36.43
 4.345, 43.51, 36.76
 4.350, 43.12, 37.05
 4.355, 42.71, 37.37
 4.360, 42.33, 37.63
 4.365, 41.90, 37.91
 4.370, 41.49, 38.17
 4.375, 41.09, 38.42
 4.380, 40.67, 38.66
 4.385, 40.27, 38.90
 4.390, 39.89, 39.10
 4.395, 39.50, 39.31
 4.400, 39.17, 39.50
 4.405, 38.76, 39.71
 4.410, 38.45, 39.91
 4.415, 38.11, 40.10
 4.420, 37.79, 40.29
 4.425, 37.47, 40.44
 4.430, 37.18, 40.62
 4.435, 36.90, 40.77
 4.440, 36.64, 40.90
 4.445, 36.39, 41.02
 4.450, 36.14, 41.14
 4.455, 35.93, 41.24
 4.460, 35.76, 41.36
 4.465, 35.62, 41.45
 4.470, 35.47, 41.53
 4.475, 35.36, 41.62
 4.480, 35.27, 41.70
 4.485, 35.19, 41.79
 4.490, 35.13, 41.84
 4.495, 35.12, 41.90
 4.500, 35.10, 41.97
 4.505, 35.11, 42.01
 4.510, 35.12, 42.07
 4.515, 35.18, 42.09
 4.520, 35.18, 42.11
 4.525, 35.28, 42.12
 4.530, 35.33, 42.12
 4.535, 35.43, 42.12
 4.540, 35.56, 42.11
 4.545, 35.65, 42.09
 4.550, 35.79, 42.06
 4.555, 35.97, 42.00
 4.560, 36.12, 41.94
 4.565, 36.30, 41.87
 4.570, 36.50, 41.80
 4.575, 36.69, 41.68
 4.580, 36.88, 41.56
 4.585, 37.10, 41.43
 4.590, 37.34, 41.27
 4.595, 37.56, 41.11
 4.600, 37.80, 40.92
 4.605, 38.06, 40.73
 4.610, 38.34, 40.53
 4.615, 38.61, 40.27
 4.620, 38.91, 40.03
 4.625, 39.18, 39.77
 4.630, 39.47, 39.49
 4.635, 39.78, 39.22
 4.640, 40.08, 38.91
 4.645, 40.41, 38.55
 4.650, 40.71, 38.25
 4.655, 41.04, 37.86
 4.660, 41.33, 37.51
 4.665, 41.67, 37.13
 4.670, 41.99, 36.72
 4.675, 42.30, 36.32
 4.680, 42.62, 35.89
 4.685, 42.92, 35.46
 4.690, 43.22, 35.04
 4.695, 43.54, 34.57
 4.700, 43.82, 34.10
 4.705, 44.11, 33.64
 4.710, 44.38, 33.17
 4.715, 44.66, 32.70
 4.720, 44.91, 32.22
 4.725, 45.17, 31.74
 4.730, 45.40, 31.22
 4.735, 45.63, 30.76
 4.740, 45.84, 30.26
 4.745, 46.04, 29.78
 4.750, 46.24, 29.32
 4.755, 46.43, 28.80
 4.760, 46.59, 28.33
 4.765, 46.73, 27.88
 4.770, 46.89, 27.39
 4.775, 47.02, 26.92
 4.780, 47.13, 26.45
 4.785, 47.24, 26.02
 4.790, 47.32, 25.56
 4.795, 47.40, 25.11
 4.800, 47.47, 24.69
 4.805, 47.51, 24.25
 4.810, 47.55, 23.83
 4.815, 47.58, 23.42
 4.820, 47.58, 23.00
 4.825, 47.58, 22.62
 4.830, 47.58, 22.22
 4.835, 47.56, 21.85
 4.840, 47.54, 21.46
 4.845, 47.49, 21.09
 4.850, 47.45, 20.74
 4.855, 47.39, 20.38
 4.860, 47.33, 20.04
 4.865, 47.26, 19.69
 4.870, 47.18, 19.37
 4.875, 47.09, 19.04
 4.880, 46.99, 18.73
 4.885, 46.88, 18.41
 4.890, 46.78, 18.11
 4.895, 46.66, 17.83
 4.900, 46.52, 17.54
 4.905, 46.38, 17.25
 4.910, 46.25, 16.99
 4.915, 46.09, 16.73
 4.920, 45.94, 16.47
 4.925, 45.77, 16.21
 4.930, 45.61, 15.99
 4.935, 45.45, 15.77
 4.940, 45.28, 15.53
 4.945, 45.10, 15.33
 4.950, 44.93, 15.12
 4.955, 44.74, 14.91
 4.960, 44.57, 14.73
 4.965, 44.39, 14.54
 4.970, 44.20, 14.37
 4.975, 44.02, 14.20
 4.980, 43.83, 14.03
 4.985, 43.66, 13.89
 4.990, 43.47, 13.73
 4.995, 43.28, 13.59
 5.000, 43.10, 13.46
 5.005, 42.94, 13.35
 5.010, 42.75, 13.22
 5.015, 42.58, 13.12
 5.020, 42.40, 13.01
 5.025, 42.26, 12.94
 5.030, 42.10, 12.84
 5.035, 41.97, 12.78
 5.040, 41.83, 12.73
 5.045, 41.71, 12.67
 5.050, 41.59, 12.61
 5.055, 41.47, 12.57
 5.060, 41.38, 12.54
 5.065, 41.30, 12.51
 5.070, 41.21, 12.49
 5.075, 41.16, 12.47
 5.080, 41.09, 12.46
 5.085, 41.07, 12.46
 5.090, 41.02, 12.44
 5.095, 41.00, 12.46
 5.100, 41.00, 12.48
 5.105, 40.99, 12.48
 5.110, 41.04, 12.51
 5.115, 41.08, 12.55
 5.120, 41.10, 12.57
 5.125, 41.18, 12.61
 5.130, 41.23, 12.66
 5.135, 41.32, 12.72
 5.140, 41.41, 12.80
 5.145, 41.52, 12.88
 5.150, 41.62, 12.94
 5.155, 41.74, 13.03
 5.160, 41.87, 13.14
 5.165, 42.01, 13.24
 5.170, 42.16, 13.37
 5.175, 42.31, 13.49
 5.180, 42.48, 13.63
 5.185, 42.63, 13.78
 5.190, 42.81, 13.93
 5.195, 43.00, 14.09
 5.200, 43.17, 14.25
 5.205, 43.36, 14.46
 5.210, 43.53, 14.64
 5.215, 43.74, 14.84
 5.220, 43.92, 15.05
 5.225, 44.11, 15.26
 5.230, 44.30, 15.51
 5.235, 44.48, 15.72
 5.240, 44.66, 15.99
 5.245, 44.85, 16.23
 5.250, 45.04, 16.51
 5.255, 45.21, 16.79
 5.260, 45.38, 17.07
 5.265, 45.57, 17.40
 5.270, 45.72, 17.69
 5.275, 45.88, 18.01
 5.280, 46.04, 18.34
 5.285, 46.18, 18.68
 5.290, 46.33, 19.05
 5.295, 46.45, 19.40
 5.300, 46.59, 19.76
 5.305, 46.68, 20.15
 5.310, 46.81, 20.51
 5.315, 46.90, 20.91
 5.320, 46.99, 21.33
 5.325, 47.06, 21.71
 5.330, 47.14, 22.13
 5.335, 47.19, 22.54
 5.340, 47.25, 22.96
 5.345, 47.28, 23.40
 5.350, 47.33, 23.82
 5.355, 47.35, 24.27
 5.360, 47.35, 24.71
 5.365, 47.36, 25.16
 5.370, 47.36, 25.61
 5.375, 47.31, 26.07
 5.380, 47.28, 26.55
 5.385, 47.26, 27.00
 5.390, 47.20, 27.47
 5.395, 47.14, 27.93
 5.400, 47.05, 28.41
 5.405, 46.94, 28.88
 5.410, 46.87, 29.35
 5.415, 46.75, 29.83
 5.420, 46.64, 30.31
 5.425, 46.50, 30.76
 5.430, 46.35, 31.24
 5.435, 46.20, 31.66
 5.440, 46.03, 32.14
 5.445, 45.86, 32.59
 5.450, 45.66, 33.04
 5.455, 45.45, 33.48
 5.460, 45.25, 33.90
 5.465, 45.04, 34.32
 5.470, 44.82, 34.75
 5.475, 44.57, 35.15
 5.480, 44.33, 35.57
 5.485, 44.09, 35.95
 5.490, 43.79, 36.36
 5.495, 43.50, 36.73
 5.500, 43.19, 37.11
 5.505, 42.87, 37.46
 5.510, 42.53, 37.82
 5.515, 42.17, 38.13
 5.520, 41.81, 38.47
 5.525, 41.45, 38.74
 5.530, 41.06, 39.04
 5.535, 40.69, 39.29
 5.540, 40.29, 39.54
 5.545, 39.90, 39.74
 5.550, 39.51, 39.94
 5.555, 39.11, 40.11
 5.560, 38.72, 40.28
 5.565, 38.30, 40.41
 5.570, 37.94, 40.54
 5.575, 37.54, 40.61
 5.580, 37.15, 40.72
 5.585, 36.83, 40.76
 5.590, 36.46, 40.85
 5.595, 36.11, 40.92
 5.600, 35.81, 40.98
 5.605, 35.52, 41.03
 5.610, 35.25, 41.09
 5.615, 35.02, 41.13
 5.620, 34.85, 41.22
 5.625, 34.71, 41.29
 5.630, 34.58, 41.36
 5.635, 34.49, 41.42
 5.640, 34.39, 41.50
 5.645, 34.33, 41.56
 5.650, 34.27, 41.61
 5.655, 34.25, 41.66
 5.660, 34.24, 41.73
 5.665, 34.23, 41.75
 5.670, 34.24, 41.83
 5.675, 34.26, 41.82
 5.680, 34.31, 41.86
 5.685, 34.38, 41.87
 5.690, 34.45, 41.91
 5.695, 34.55, 41.92
 5.700, 34.67, 41.94
 5.705, 34.81, 41.96
 5.710, 34.93, 41.96
 5.715, 35.11, 41.97
 5.720, 35.30, 41.97
 5.725, 35.48, 41.94
 5.730, 35.72, 41.91
 5.735, 35.92, 41.89
 5.740, 36.15, 41.87
 5.745, 36.39, 41.84
 5.750, 36.63, 41.75
 5.755, 36.88, 41.67
 5.760, 37.14, 41.60
 5.765, 37.40, 41.49
 5.770, 37.70, 41.40
 5.775, 37.97, 41.27
 5.780, 38.27, 41.15
 5.785, 38.56, 40.99
 5.790, 38.89, 40.81
 5.795, 39.16, 40.60
 5.800, 39.49, 40.43
 5.805, 39.86, 40.23
 5.810, 40.13, 40.01
 5.815, 40.48, 39.76
 5.820, 40.81, 39.49
 5.825, 41.11, 39.25
 5.830, 41.45, 38.96
 5.835, 41.74, 38.69
 5.840, 42.08, 38.37
 5.845, 42.39, 38.07
 5.850, 42.70, 37.74
 5.855, 43.02, 37.39
 5.860, 43.32, 37.06
 5.865, 43.62, 36.71
 5.870, 43.88, 36.33
 5.875, 44.17, 35.99
 5.880, 44.44, 35.58
 5.885, 44.69, 35.21
 5.890, 44.96, 34.81
 5.895, 45.19, 34.42
 5.900, 45.43, 34.02
 5.905, 45.67, 33.62
 5.910, 45.88, 33.19
 5.915, 46.09, 32.77
 5.920, 46.27, 32.34
 5.925, 46.45, 31.93
 5.930, 46.63, 31.49
 5.935, 46.78, 31.06
 5.940, 46.94, 30.64
 5.945, 47.07, 30.20
 5.950, 47.18, 29.78
 5.955, 47.30, 29.35
 5.960, 47.38, 28.93
 5.965, 47.47, 28.50
 5.970, 47.54, 28.08
 5.975, 47.60, 27.69
 5.980, 47.65, 27.25
 5.985, 47.70, 26.86
 5.990, 47.75, 26.45
 5.995, 47.76, 26.06
 6.000, 47.80, 25.66
 6.005, 47.80, 25.27
 6.010, 47.81, 24.90
 6.015, 47.80, 24.52
 6.020, 47.80, 24.13
 6.025, 47.77, 23.77
 6.030, 47.74, 23.39
 6.035, 47.70, 23.06
 6.040, 47.65, 22.69
 6.045, 47.60, 22.35
 6.050, 47.53, 22.00
 6.055, 47.45, 21.64
 6.060, 47.39, 21.34
 6.065, 47.30, 21.00
 6.070, 47.19, 20.68
 6.075, 47.09, 20.38
 6.080, 46.98, 20.07
 6.085, 46.88, 19.77
 6.090, 46.76, 19.47
 6.095, 46.63, 19.17
 6.100, 46.48, 18.90
 6.105, 46.35, 18.61
 6.110, 46.21, 18.35
 6.115, 46.06, 18.06
 6.120, 45.90, 17.82
 6.125, 45.76, 17.58
 6.130, 45.57, 17.33
 6.135, 45.42, 17.11
 6.140, 45.25, 16.86
 6.145, 45.06, 16.66
 6.150, 44.90, 16.46
 6.155, 44.71, 16.23
 6.160, 44.55, 16.03
 6.165, 44.39, 15.84
 6.170, 44.22, 15.67
 6.175, 44.05, 15.51
 6.180, 43.88, 15.35
 6.185, 43.73, 15.17
 6.190, 43.58, 15.04
 6.195, 43.44, 14.92
 6.200, 43.31, 14.77
 6.205, 43.18, 14.68
 6.210, 43.07, 14.54
 6.215, 42.97, 14.46
 6.220, 42.88, 14.35
 6.225, 42.78, 14.27
 6.230, 42.72, 14.19
 6.235, 42.68, 14.12
 6.240, 42.62, 14.07
 6.245, 42.59, 14.03
 6.250, 42.57, 13.97
 6.255, 42.58, 13.92
 6.260, 42.59, 13.89
 6.265, 42.62, 13.88
 6.270, 42.67, 13.87
 6.275, 42.71, 13.87
 6.280, 42.79, 13.90
 6.285, 42.87, 13.93
 6.290, 42.95, 13.97
 6.295, 43.06, 14.04
 6.300, 43.18, 14.08
 6.305, 43.32, 14.15
 6.310, 43.45, 14.24
 6.315, 43.61, 14.33
 6.320, 43.76, 14.44
 6.325, 43.93, 14.56
 6.330, 44.13, 14.71
 6.335, 44.31, 14.85
 6.340, 44.50, 14.99
 6.345, 44.70, 15.16
 6.350, 44.91, 15.35
 6.355, 45.13, 15.54
 6.360, 45.34, 15.76
 6.365, 45.57, 15.97
 6.370, 45.78, 16.19
 6.375, 46.02, 16.43
 6.380, 46.23, 16.68
 6.385, 46.47, 16.93
 6.390, 46.72, 17.22
 6.395, 46.96, 17.49
 6.400, 47.20, 17.80
 6.405, 47.43, 18.10
 6.410, 47.67, 18.38
 6.415, 47.92, 18.71
 6.420, 48.16, 19.04
 6.425, 48.40, 19.38
 6.430, 48.62, 19.71
 6.435, 48.85, 20.07
 6.440, 49.08, 20.43
 6.445, 49.29, 20.78
 6.450, 49.50, 21.16
 6.455, 49.72, 21.53
 6.460, 49.92, 21.89
 6.465, 50.12, 22.30
 6.470, 50.30, 22.68
 6.475, 50.47, 23.05
 6.480, 50.66, 23.47
 6.485, 50.80, 23.82
 6.490, 50.96, 24.26
 6.495, 51.11, 24.65
 6.500, 51.22, 25.05
 6.505, 51.35, 25.47
 6.510, 51.44, 25.86
 6.515, 51.54, 26.29
 6.520, 51.61, 26.67
 6.525, 51.66, 27.08
 6.530, 51.72, 27.49
 6.535, 51.75, 27.87
 6.540, 51.76, 28.28
 6.545, 51.77, 28.67
 6.550, 51.74, 29.06
 6.555, 51.72, 29.47
 6.560, 51.68, 29.83
 6.565, 51.61, 30.23
 6.570, 51.54, 30.60
 6.575, 51.44, 30.97
 6.580, 51.32, 31.35
 6.585, 51.21, 31.69
 6.590, 51.05, 32.06
 6.595, 50.88, 32.42
 6.600, 50.70, 32.77
 6.605, 50.50, 33.13
 6.610, 50.28, 33.45
 6.615, 50.04, 33.80
 6.620, 49.80, 34.13
 6.625, 49.53, 34.45
 6.630, 49.25, 34.79
 6.635, 48.95, 35.11
 6.640, 48.63, 35.41
 6.645, 48.32, 35.70
 6.650, 47.98, 36.00
 6.655, 47.63, 36.29
 6.660, 47.28, 36.56
 6.665, 46.90, 36.87
 6.670, 46.54, 37.13
 6.675, 46.16, 37.37
 6.680, 45.78, 37.62
 6.685, 45.40, 37.85
 6.690, 44.98, 38.09
 6.695, 44.61, 38.34
 6.700, 44.22, 38.55
 6.705, 43.83, 38.79
 6.710, 43.45, 38.97
 6.715, 43.08, 39.17
 6.720, 42.70, 39.36
 6.725, 42.33, 39.56
 6.730, 41.96, 39.73
 6.735, 41.62, 39.88
 6.740, 41.26, 40.00
 6.745, 40.93, 40.17
 6.750, 40.61, 40.28
 6.755, 40.27, 40.41
 6.760, 40.00, 40.51
 6.765, 39.71, 40.61
 6.770, 39.44, 40.69
 6.775, 39.24, 40.75
 6.780, 39.07, 40.81
 6.785, 38.93, 40.88
 6.790, 38.83, 40.92
 6.795, 38.74, 40.97
 6.800, 38.65, 41.00
 6.805, 38.57, 41.02
 6.810, 38.52, 41.04
 6.815, 38.47, 41.06
 6.820, 38.43, 41.04
 6.825, 38.40, 41.09
 6.830, 38.43, 41.09
 6.835, 38.43, 41.06
 6.840, 38.49, 41.09
 6.845, 38.54, 41.08
 6.850, 38.62, 41.09
 6.855, 38.73, 41.05
 6.860, 38.86, 41.05
 6.865, 39.03, 41.03
 6.870, 39.17, 41.01
 6.875, 39.35, 40.98
 6.880, 39.55, 40.95
 6.885, 39.70, 40.89
 6.890, 39.92, 40.84
 6.895, 40.11, 40.79
 6.900, 40.31, 40.70
 6.905, 40.55, 40.62
 6.910, 40.76, 40.51
 6.915, 41.00, 40.43
 6.920, 41.26, 40.30
 6.925, 41.48, 40.20
 6.930, 41.76, 40.05
 6.935, 41.99, 39.93
 6.940, 42.29, 39.76
 6.945, 42.58, 39.58
 6.950, 42.86, 39.41
 6.955, 43.15, 39.23
 6.960, 43.43, 39.03
 6.965, 43.74, 38.81
 6.970, 44.03, 38.58
 6.975, 44.33, 38.34
 6.980, 44.65, 38.10
 6.985, 44.94, 37.84
 6.990, 45.25, 37.58
 6.995, 45.52, 37.30
 7.000, 45.82, 36.99
 7.005, 46.14, 36.71
 7.010, 46.39, 36.42
 7.015, 46.71, 36.06
 7.020, 46.98, 35.75
 7.025, 47.23, 35.38
 7.030, 47.52, 35.04
 7.035, 47.76, 34.71
 7.040, 48.03, 34.34
 7.045, 48.26, 33.96
 7.050, 48.51, 33.62
 7.055, 48.74, 33.22
 7.060, 48.94, 32.87
 7.065, 49.17, 32.47
 7.070, 49.38, 32.09
 7.075, 49.58, 31.71
 7.080, 49.77, 31.31
 7.085, 49.91, 30.95
 7.090, 50.09, 30.53
 7.095, 50.23, 30.17
 7.100, 50.39, 29.76
 7.105, 50.52, 29.38
 7.110, 50.64, 29.01
 7.115, 50.76, 28.61
 7.120, 50.85, 28.23
 7.125, 50.94, 27.84
 7.130, 51.01, 27.48
 7.135, 51.08, 27.09
 7.140, 51.13, 26.71
 7.145, 51.20, 26.35
 7.150, 51.22, 25.97
 7.155, 51.24, 25.58
 7.160, 51.26, 25.23
 7.165, 51.24, 24.85
 7.170, 51.25, 24.50
 7.175, 51.23, 24.15
 7.180, 51.22, 23.79
 7.185, 51.16, 23.45
 7.190, 51.11, 23.09
 7.195, 51.04, 22.74
 7.200, 50.99, 22.42
 7.205, 50.89, 22.09
 7.210, 50.79, 21.75
 7.215, 50.69, 21.43
 7.220, 50.58, 21.13
 7.225, 50.45, 20.81
 7.230, 50.32, 20.52
 7.235, 50.16, 20.21
 7.240, 50.02, 19.92
 7.245, 49.86, 19.65
 7.250, 49.70, 19.36
 7.255, 49.50, 19.09
 7.260, 49.34, 18.83
 7.265, 49.15, 18.57
 7.270, 48.94, 18.33
 7.275, 48.74, 18.07
 7.280, 48.53, 17.82
 7.285, 48.31, 17.59
 7.290, 48.08, 17.36
 7.295, 47.86, 17.12
 7.300, 47.63, 16.90
 7.305, 47.39, 16.68
 7.310, 47.15, 16.47
 7.315, 46.89, 16.25
 7.320, 46.67, 16.06
 7.325, 46.42, 15.86
 7.330, 46.16, 15.64
 7.335, 45.93, 15.47
 7.340, 45.67, 15.27
 7.345, 45.44, 15.09
 7.350, 45.18, 14.91
 7.355, 44.93, 14.72
 7.360, 44.69, 14.55
 7.365, 44.45, 14.38
 7.370, 44.21, 14.22
 7.375, 43.99, 14.07
 7.380, 43.77, 13.89
 7.385, 43.56, 13.77
 7.390, 43.37, 13.62
 7.395, 43.18, 13.48
 7.400, 43.00, 13.39
 7.405, 42.85, 13.23
 7.410, 42.71, 13.14
 7.415, 42.58, 13.02
 7.420, 42.48, 12.94
 7.425, 42.37, 12.82
 7.430, 42.30, 12.76
 7.435, 42.24, 12.69
 7.440, 42.17, 12.61
 7.445, 42.14, 12.55
 7.450, 42.13, 12.53
 7.455, 42.15, 12.47
 7.460, 42.14, 12.44
 7.465, 42.19, 12.41
 7.470, 42.23, 12.42
 7.475, 42.29, 12.40
 7.480, 42.36, 12.43
 7.485, 42.45, 12.45
 7.490, 42.56, 12.48
 7.495, 42.68, 12.54
 7.500, 42.82, 12.56
 7.505, 42.95, 12.62
 7.510, 43.09, 12.71
 7.515, 43.28, 12.79
 7.520, 43.44, 12.89
 7.525, 43.62, 12.99
 7.530, 43.84, 13.12
 7.535, 44.03, 13.22
 7.540, 44.24, 13.38
 7.545, 44.46, 13.52
 7.550, 44.68, 13.67
 7.555, 44.90, 13.85
 7.560, 45.14, 14.01
 7.565, 45.38, 14.22
 7.570, 45.62, 14.42
 7.575, 45.88, 14.63
 7.580, 46.12, 14.86
 7.585, 46.37, 15.09
 7.590, 46.63, 15.33
 7.595, 46.88, 15.57
 7.600, 47.13, 15.85
 7.605, 47.41, 16.10
 7.610, 47.65, 16.39
 7.615, 47.91, 16.68
 7.620, 48.15, 16.97
 7.625, 48.41, 17.28
 7.630, 48.65, 17.60
 7.635, 48.88, 17.91
 7.640, 49.15, 18.24
 7.645, 49.37, 18.58
 7.650, 49.60, 18.94
 7.655, 49.82, 19.28
 7.660, 50.03, 19.63
 7.665, 50.25, 19.99
 7.670, 50.45, 20.36
 7.675, 50.63, 20.73
 7.680, 50.81, 21.10
 7.685, 50.98, 21.47
 7.690, 51.14, 21.86
 7.695, 51.30, 22.23
 7.700, 51.45, 22.63
 7.705, 51.57, 23.03
 7.710, 51.68, 23.40
 7.715, 51.79, 23.81
 7.720, 51.90, 24.19
 7.725, 51.98, 24.59
 7.730, 52.06, 25.00
 7.735, 52.10, 25.38
 7.740, 52.14, 25.80
 7.745, 52.17, 26.19
 7.750, 52.18, 26.58
 7.755, 52.18, 26.98
 7.760, 52.17, 27.38
 7.765, 52.14, 27.78
 7.770, 52.09, 28.15
 7.775, 52.04, 28.55
 7.780, 51.96, 28.94
 7.785, 51.89, 29.30
 7.790, 51.77, 29.69
 7.795, 51.67, 30.06
 7.800, 51.52, 30.44
 7.805, 51.36, 30.81
 7.810, 51.21, 31.15
 7.815, 51.02, 31.53
 7.820, 50.83, 31.86
 7.825, 50.63, 32.20
 7.830, 50.41, 32.56
 7.835, 50.17, 32.89
 7.840, 49.93, 33.22
 7.845, 49.69, 33.56
 7.850, 49.42, 33.87
 7.855, 49.14, 34.20
 7.860, 48.88, 34.51
 7.865, 48.60, 34.81
 7.870, 48.28, 35.11
 7.875, 47.97, 35.41
 7.880, 47.67, 35.68
 7.885, 47.33, 35.97
 7.890, 46.99, 36.22
 7.895, 46.67, 36.47
 7.900, 46.31, 36.72
 7.905, 45.97, 36.93
 7.910, 45.59, 37.14
 7.915, 45.22, 37.35
 7.920, 44.87, 37.55
 7.925, 44.49, 37.73
 7.930, 44.11, 37.91
 7.935, 43.72, 38.09
 7.940, 43.34, 38.24
 7.945, 42.95, 38.37
 7.950, 42.56, 38.52
 7.955, 42.16, 38.68
 7.960, 41.79, 38.78
 7.965, 41.40, 38.89
 7.970, 41.04, 38.97
 7.975, 40.67, 39.10
 7.980, 40.32, 39.16
 7.985, 39.97, 39.23
 7.990, 39.64, 39.34
 7.995, 39.35, 39.39
 8.000, 39.05, 39.45
 8.005, 38.78, 39.52
 8.010, 38.57, 39.57
 8.015, 38.34, 39.61
 8.020, 38.17, 39.65
 8.025, 38.00, 39.69
 8.030, 37.88, 39.76
 8.035, 37.77, 39.80
 8.040, 37.67, 39.83
 8.045, 37.60, 39.84
 8.050, 37.58, 39.87
 8.055, 37.57, 39.91
 8.060, 37.56, 39.95
 8.065, 37.57, 39.94
 8.070, 37.64, 39.97
 8.075, 37.68, 39.99
 8.080, 37.76, 39.99
 8.085, 37.88, 40.00
 8.090, 37.99, 40.00
 8.095, 38.08, 39.98
 8.100, 38.22, 39.98
 8.105, 38.38, 39.94
 8.110, 38.53, 39.89
 8.115, 38.74, 39.85
 8.120, 38.92, 39.83
 8.125, 39.12, 39.78
 8.130, 39.36, 39.69
 8.135, 39.57, 39.60
 8.140, 39.83, 39.51
 8.145, 40.08, 39.41
 8.150, 40.34, 39.32
 8.155, 40.63, 39.19
 8.160, 40.90, 39.08
 8.165, 41.19, 38.92
 8.170, 41.48, 38.76
 8.175, 41.78, 38.62
 8.180, 42.11, 38.44
 8.185, 42.42, 38.24
 8.190, 42.75, 38.04
 8.195, 43.10, 37.83
 8.200, 43.43, 37.59
 8.205, 43.80, 37.37
 8.210, 44.16, 37.12
 8.215, 44.52, 36.86
 8.220, 44.87, 36.58
 8.225, 45.23, 36.30
 8.230, 45.60, 36.00
 8.235, 45.94, 35.69
 8.240, 46.31, 35.36
 8.245, 46.66, 35.04
 8.250, 46.99, 34.69
 8.255, 47.35, 34.35
 8.260, 47.64, 33.99
 8.265, 48.01, 33.61
 8.270, 48.30, 33.24
 8.275, 48.61, 32.84
 8.280, 48.93, 32.45
 8.285, 49.18, 32.05
 8.290, 49.49, 31.61
 8.295, 49.74, 31.24
 8.300, 49.98, 30.81
 8.305, 50.24, 30.40
 8.310, 50.42, 29.99
 8.315, 50.62, 29.55
 8.320, 50.80, 29.14
 8.325, 50.96, 28.71
 8.330, 51.12, 28.31
 8.335, 51.24, 27.90
 8.340, 51.35, 27.47
 8.345, 51.45, 27.07
 8.350, 51.52, 26.64
 8.355, 51.60, 26.24
 8.360, 51.65, 25.85
 8.365, 51.70, 25.42
 8.370, 51.71, 25.01
 8.375, 51.71, 24.63
 8.380, 51.71, 24.25
 8.385, 51.67, 23.85
 8.390, 51.64, 23.47
 8.395, 51.58, 23.09
 8.400, 51.52, 22.71
 8.405, 51.45, 22.35
 8.410, 51.34, 21.99
 8.415, 51.24, 21.62
 8.420, 51.12, 21.29
 8.425, 51.00, 20.94
 8.430, 50.86, 20.59
 8.435, 50.70, 20.29
 8.440, 50.54, 19.95
 8.445, 50.36, 19.65
 8.450, 50.18, 19.33
 8.455, 50.00, 19.04
 8.460, 49.80, 18.76
 8.465, 49.59, 18.46
 8.470, 49.38, 18.20
 8.475, 49.15, 17.92
 8.480, 48.92, 17.68
 8.485, 48.69, 17.41
 8.490, 48.42, 17.15
 8.495, 48.19, 16.92
 8.500, 47.95, 16.70
 8.505, 47.68, 16.47
 8.510, 47.43, 16.25
 8.515, 47.19, 16.03
 8.520, 46.92, 15.85
 8.525, 46.66, 15.66
 8.530, 46.43, 15.47
 8.535, 46.18, 15.31
 8.540, 45.92, 15.13
 8.545, 45.69, 14.95
 8.550, 45.45, 14.80
 8.555, 45.22, 14.66
 8.560, 45.00, 14.50
 8.565, 44.77, 14.35
 8.570, 44.56, 14.23
 8.575, 44.36, 14.08
 8.580, 44.17, 13.95
 8.585, 43.98, 13.84
 8.590, 43.79, 13.72
 8.595, 43.65, 13.62
 8.600, 43.51, 13.50
 8.605, 43.37, 13.40
 8.610, 43.26, 13.30
 8.615, 43.16, 13.21
 8.620, 43.09, 13.13
 8.625, 43.00, 13.05
 8.630, 42.97, 12.98
 8.635, 42.91, 12.95
 8.640, 42.90, 12.89
 8.645, 42.90, 12.87
 8.650, 42.92, 12.80
 8.655, 42.97, 12.79
 8.660, 43.01, 12.78
 8.665, 43.09, 12.78
 8.670, 43.16, 12.80
 8.675, 43.26, 12.83
 8.680, 43.36, 12.88
 8.685, 43.49, 12.95
 8.690, 43.63, 12.98
 8.695, 43.76, 13.08
 8.700, 43.93, 13.18
 8.705, 44.10, 13.28
 8.710, 44.26, 13.41
 8.715, 44.46, 13.51
 8.720, 44.64, 13.64
 8.725, 44.82, 13.82
 8.730, 45.03, 13.97
 8.735, 45.24, 14.16
 8.740, 45.46, 14.36
 8.745, 45.67, 14.56
 8.750, 45.89, 14.79
 8.755, 46.11, 15.03
 8.760, 46.33, 15.27
 8.765, 46.57, 15.55
 8.770, 46.77, 15.81
 8.775, 47.02, 16.09
 8.780, 47.23, 16.40
 8.785, 47.45, 16.71
 8.790, 47.69, 17.07
 8.795, 47.89, 17.37
 8.800, 48.12, 17.73
 8.805, 48.30, 18.12
 8.810, 48.51, 18.46
 8.815, 48.72, 18.87
 8.820, 48.90, 19.25
 8.825, 49.07, 19.66
 8.830, 49.27, 20.08
 8.835, 49.42, 20.50
 8.840, 49.60, 20.96
 8.845, 49.73, 21.39
 8.850, 49.90, 21.86
 8.855, 50.03, 22.30
 8.860, 50.15, 22.78
 8.865, 50.27, 23.27
 8.870, 50.37, 23.73
 8.875, 50.48, 24.24
 8.880, 50.57, 24.75
 8.885, 50.66, 25.23
 8.890, 50.71, 25.77
 8.895, 50.79, 26.25
 8.900, 50.81, 26.78
 8.905, 50.86, 27.30
 8.910, 50.88, 27.82
 8.915, 50.89, 28.34
 8.920, 50.89, 28.86
 8.925, 50.88, 29.39
 8.930, 50.85, 29.89
 8.935, 50.80, 30.41
 8.940, 50.75, 30.94
 8.945, 50.68, 31.42
 8.950, 50.59, 31.93
 8.955, 50.48, 32.42
 8.960, 50.37, 32.90
 8.965, 50.23, 33.39
 8.970, 50.09, 33.84
 8.975, 49.90, 34.32
 8.980, 49.73, 34.76
 8.985, 49.54, 35.19
 8.990, 49.30, 35.62
 8.995, 49.08, 36.01
 9.000, 48.79, 36.42
 9.005, 48.54, 36.75
 9.010, 48.25, 37.11
 9.015, 47.98, 37.44
 9.020, 47.68, 37.72
 9.025, 47.36, 38.03
 9.030, 47.06, 38.27
 9.035, 46.73, 38.53
 9.040, 46.42, 38.81
 9.045, 46.10, 39.03
 9.050, 45.75, 39.26
 9.055, 45.42, 39.48
 9.060, 45.06, 39.67
 9.065, 44.68, 39.86
 9.070, 44.33, 40.04
 9.075, 43.93, 40.21
 9.080, 43.56, 40.37
 9.085, 43.18, 40.51
 9.090, 42.76, 40.66
 9.095, 42.38, 40.77
 9.100, 41.95, 40.89
 9.105, 41.53, 41.00
 9.110, 41.13, 41.09
 9.115, 40.71, 41.17
 9.120, 40.32, 41.26
 9.125, 39.92, 41.33
 9.130, 39.55, 41.42
 9.135, 39.17, 41.46
 9.140, 38.77, 41.49
 9.145, 38.42, 41.52
 9.150, 38.07, 41.54
 9.155, 37.73, 41.58
 9.160, 37.37, 41.58
 9.165, 37.03, 41.59
 9.170, 36.71, 41.57
 9.175, 36.40, 41.54
 9.180, 36.14, 41.51
 9.185, 35.85, 41.46
 9.190, 35.59, 41.43
 9.195, 35.33, 41.43
 9.200, 35.22, 41.35
 9.205, 34.88, 41.42
 9.210, 34.73, 41.38
 9.215, 35.15, 41.20
 9.220, 35.10, 41.20
 9.225, 34.93, 41.20
 9.230, 34.77, 41.20
 9.235, 34.58, 41.26
 9.240, 34.53, 41.27
 9.245, 34.52, 41.30
 9.250, 34.55, 41.35
 9.255, 34.59, 41.38
 9.260, 34.70, 41.38
 9.265, 34.79, 41.40
 9.270, 34.86, 41.41
 9.275, 34.95, 41.40
 9.280, 35.03, 41.41
 9.285, 35.12, 41.40
 9.290, 35.23, 41.42
 9.295, 35.31, 41.41
 9.300, 35.40, 41.40
 9.305, 35.52, 41.42
 9.310, 35.62, 41.40
 9.315, 35.75, 41.39
 9.320, 35.90, 41.38
 9.325, 36.04, 41.34
 9.330, 36.18, 41.28
 9.335, 36.36, 41.25
 9.340, 36.56, 41.20
 9.345, 36.75, 41.16
 9.350, 36.97, 41.06
 9.355, 37.19, 40.99
 9.360, 37.43, 40.88
 9.365, 37.71, 40.80
 9.370, 37.95, 40.69
 9.375, 38.23, 40.55
 9.380, 38.48, 40.40
 9.385, 38.78, 40.23
 9.390, 39.06, 40.08
 9.395, 39.35, 39.89
 9.400, 39.67, 39.68
 9.405, 39.98, 39.48
 9.410, 40.24, 39.23
 9.415, 40.55, 38.99
 9.420, 40.84, 38.73
 9.425, 41.13, 38.48
 9.430, 41.43, 38.18
 9.435, 41.73, 37.88
 9.440, 42.05, 37.57
 9.445, 42.33, 37.26
 9.450, 42.64, 36.93
 9.455, 42.92, 36.56
 9.460, 43.19, 36.24
 9.465, 43.46, 35.85
 9.470, 43.74, 35.51
 9.475, 44.00, 35.14
 9.480, 44.27, 34.76
 9.485, 44.51, 34.38
 9.490, 44.76, 33.99
 9.495, 44.98, 33.62
 9.500, 45.22, 33.23
 9.505, 45.42, 32.86
 9.510, 45.62, 32.47
 9.515, 45.83, 32.05
 9.520, 46.01, 31.69
 9.525, 46.20, 31.28
 9.530, 46.34, 30.91
 9.535, 46.50, 30.52
 9.540, 46.65, 30.12
 9.545, 46.75, 29.75
 9.550, 46.88, 29.34
 9.555, 46.99, 28.97
 9.560, 47.09, 28.58
 9.565, 47.19, 28.17
 9.570, 47.26, 27.81
 9.575, 47.34, 27.41
 9.580, 47.40, 27.05
 9.585, 47.43, 26.65
 9.590, 47.46, 26.28
 9.595, 47.49, 25.89
 9.600, 47.51, 25.52
 9.605, 47.51, 25.13
 9.610, 47.49, 24.78
 9.615, 47.47, 24.40
 9.620, 47.42, 24.06
 9.625, 47.41, 23.69
 9.630, 47.35, 23.34
 9.635, 47.30, 22.97
 9.640, 47.21, 22.62
 9.645, 47.16, 22.29
 9.650, 47.06, 21.94
 9.655, 46.98, 21.60
 9.660, 46.87, 21.29
 9.665, 46.75, 20.93
 9.670, 46.63, 20.63
 9.675, 46.49, 20.29
 9.680, 46.34, 19.98
 9.685, 46.22, 19.66
 9.690, 46.04, 19.35
 9.695, 45.89, 19.06
 9.700, 45.73, 18.75
 9.705, 45.56, 18.46
 9.710, 45.37, 18.18
 9.715, 45.20, 17.91
 9.720, 45.02, 17.62
 9.725, 44.82, 17.36
 9.730, 44.62, 17.10
 9.735, 44.44, 16.87
 9.740, 44.25, 16.62
 9.745, 44.07, 16.38
 9.750, 43.86, 16.14
 9.755, 43.69, 15.91
 9.760, 43.50, 15.69
 9.765, 43.29, 15.48
 9.770, 43.11, 15.28
 9.775, 42.93, 15.09
 9.780, 42.75, 14.92
 9.785, 42.58, 14.72
 9.790, 42.42, 14.55
 9.795, 42.25, 14.40
 9.800, 42.10, 14.26
 9.805, 41.97, 14.09
 9.810, 41.85, 13.98
 9.815, 41.72, 13.84
 9.820, 41.63, 13.73
 9.825, 41.54, 13.63
 9.830, 41.48, 13.52
 9.835, 41.41, 13.43
 9.840, 41.37, 13.38
 9.845, 41.34, 13.28
 9.850, 41.32, 13.22
 9.855, 41.32, 13.18
 9.860, 41.33, 13.15
 9.865, 41.36, 13.10
 9.870, 41.40, 13.08
 9.875, 41.46, 13.06
 9.880, 41.54, 13.07
 9.885, 41.61, 13.08
 9.890, 41.71, 13.11
 9.895, 41.81, 13.14
 9.900, 41.95, 13.19
 9.905, 42.07, 13.24
 9.910, 42.21, 13.30
 9.915, 42.37, 13.40
 9.920, 42.52, 13.47
 9.925, 42.70, 13.58
 9.930, 42.85, 13.68
 9.935, 43.03, 13.81
 9.940, 43.21, 13.93
 9.945, 43.38, 14.07
 9.950, 43.60, 14.24
 9.955, 43.79, 14.43
 9.960, 43.97, 14.56
 9.965, 44.19, 14.77
 9.970, 44.37, 14.97
 9.975, 44.58, 15.19
 9.980, 44.80, 15.41
 9.985, 44.99, 15.64
 9.990, 45.20, 15.88
 9.995, 45.40, 16.13
10.000, 45.60, 16.41
10.005, 45.80, 16.70
10.010, 46.01, 16.97
10.015, 46.20, 17.28
10.020, 46.39, 17.58
10.025, 46.58, 17.89
10.030, 46.76, 18.22
10.035, 46.93, 18.55
10.040, 47.11, 18.91
10.045, 47.29, 19.24
10.050, 47.46, 19.62
10.055, 47.64, 19.99
10.060, 47.78, 20.36
10.065, 47.94, 20.74
10.070, 48.07, 21.13
10.075, 48.21, 21.56
10.080, 48.34, 21.93
10.085, 48.45, 22.33
10.090, 48.57, 22.77
10.095, 48.67, 23.20
10.100, 48.78, 23.63
10.105, 48.85, 24.04
10.110, 48.92, 24.47
10.115, 48.99, 24.90
10.120, 49.03, 25.32
10.125, 49.09, 25.74
10.130, 49.11, 26.17
10.135, 49.12, 26.58
10.140, 49.14, 27.01
10.145, 49.13, 27.40
10.150, 49.12, 27.83
10.155, 49.10, 28.21
10.160, 49.08, 28.61
10.165, 49.04, 29.01
10.170, 48.99, 29.36
10.175, 48.93, 29.76
10.180, 48.84, 30.12
10.185, 48.76, 30.47
10.190, 48.66, 30.84
10.195, 48.56, 31.17
10.200, 48.42, 31.53
10.205, 48.28, 31.84
10.210, 48.15, 32.16
10.215, 47.98, 32.49
10.220, 47.84, 32.79
10.225, 47.64, 33.11
10.230, 47.47, 33.38
10.235, 47.29, 33.67
10.240, 47.07, 33.94
10.245, 46.85, 34.19
10.250, 46.64, 34.44
10.255, 46.43, 34.70
10.260, 46.19, 34.92
10.265, 45.92, 35.14
10.270, 45.69, 35.36
10.275, 45.38, 35.56
10.280, 45.13, 35.76
10.285, 44.83, 35.94
10.290, 44.51, 36.13
10.295, 44.24, 36.29
10.300, 43.89, 36.47
10.305, 43.59, 36.61
10.310, 43.25, 36.78
10.315, 42.93, 36.92
10.320, 42.59, 37.05
10.325, 42.25, 37.19
10.330, 41.92, 37.33
10.335, 41.58, 37.44
10.340, 41.26, 37.60
10.345, 40.93, 37.67
10.350, 40.60, 37.79
10.355, 40.27, 37.87
10.360, 39.95, 37.99
10.365, 39.63, 38.06
10.370, 39.31, 38.15
10.375, 39.01, 38.25
10.380, 38.73, 38.30
10.385, 38.45, 38.35
10.390, 38.20, 38.40
10.395, 37.98, 38.47
10.400, 37.75, 38.49
10.405, 37.58, 38.53
10.410, 37.43, 38.58
10.415, 37.28, 38.60
10.420, 37.17, 38.64
10.425, 37.05, 38.65
10.430, 36.93, 38.66
10.435, 36.86, 38.67
10.440, 36.79, 38.70
10.445, 36.75, 38.71
10.450, 36.74, 38.72
10.455, 36.75, 38.74
10.460, 36.72, 38.72
10.465, 36.75, 38.73
10.470, 36.77, 38.75
10.475, 36.85, 38.72
10.480, 36.91, 38.73
10.485, 36.96, 38.71
10.490, 37.04, 38.71
10.495, 37.13, 38.70
10.500, 37.24, 38.68
10.505, 37.34, 38.65
10.510, 37.45, 38.59
10.515, 37.60, 38.54
10.520, 37.72, 38.50
10.525, 37.87, 38.46
10.530, 38.01, 38.38
10.535, 38.13, 38.28
10.540, 38.32, 38.24
10.545, 38.47, 38.11
10.550, 38.66, 38.03
10.555, 38.85, 37.90
10.560, 39.05, 37.82
10.565, 39.25, 37.66
10.570, 39.45, 37.57
10.575, 39.68, 37.39
10.580, 39.89, 37.25
10.585, 40.13, 37.11
10.590, 40.35, 36.93
10.595, 40.61, 36.76
10.600, 40.89, 36.56
10.605, 41.11, 36.37
10.610, 41.37, 36.18
10.615, 41.67, 35.95
10.620, 41.90, 35.75
10.625, 42.19, 35.51
10.630, 42.45, 35.26
10.635, 42.73, 35.04
10.640, 43.00, 34.80
10.645, 43.28, 34.52
10.650, 43.56, 34.25
10.655, 43.83, 33.96
10.660, 44.10, 33.69
10.665, 44.35, 33.41
10.670, 44.62, 33.12
10.675, 44.89, 32.80
10.680, 45.13, 32.49
10.685, 45.37, 32.19
10.690, 45.64, 31.85
10.695, 45.86, 31.54
10.700, 46.08, 31.20
10.705, 46.31, 30.87
10.710, 46.52, 30.55
10.715, 46.75, 30.20
10.720, 46.94, 29.88
10.725, 47.13, 29.52
10.730, 47.31, 29.17
10.735, 47.48, 28.84
10.740, 47.66, 28.50
10.745, 47.81, 28.16
10.750, 47.93, 27.82
10.755, 48.08, 27.48
10.760, 48.21, 27.14
10.765, 48.31, 26.79
10.770, 48.41, 26.47
10.775, 48.49, 26.12
10.780, 48.57, 25.79
10.785, 48.64, 25.48
10.790, 48.69, 25.12
10.795, 48.74, 24.83
10.800, 48.77, 24.49
10.805, 48.78, 24.16
10.810, 48.79, 23.86
10.815, 48.82, 23.53
10.820, 48.79, 23.23
10.825, 48.78, 22.91
10.830, 48.74, 22.62
10.835, 48.72, 22.32
10.840, 48.64, 22.02
10.845, 48.61, 21.73
10.850, 48.51, 21.42
10.855, 48.43, 21.15
10.860, 48.35, 20.85
10.865, 48.25, 20.57
10.870, 48.14, 20.32
10.875, 48.03, 20.03
10.880, 47.88, 19.78
10.885, 47.76, 19.51
10.890, 47.62, 19.25
10.895, 47.47, 19.02
10.900, 47.32, 18.76
10.905, 47.17, 18.50
10.910, 46.98, 18.24
10.915, 46.81, 18.03
10.920, 46.65, 17.79
10.925, 46.45, 17.56
10.930, 46.27, 17.33
10.935, 46.08, 17.11
10.940, 45.89, 16.89
10.945, 45.68, 16.68
10.950, 45.48, 16.46
10.955, 45.28, 16.26
10.960, 45.10, 16.07
10.965, 44.89, 15.88
10.970, 44.69, 15.70
10.975, 44.48, 15.53
10.980, 44.29, 15.36
10.985, 44.09, 15.17
10.990, 43.89, 15.03
10.995, 43.70, 14.90
11.000, 43.51, 14.72
11.005, 43.33, 14.58
11.010, 43.16, 14.45
11.015, 42.99, 14.29
11.020, 42.82, 14.17
11.025, 42.67, 14.05
11.030, 42.53, 13.93
11.035, 42.40, 13.82
11.040, 42.25, 13.68
11.045, 42.15, 13.60
11.050, 42.04, 13.48
11.055, 41.94, 13.41
11.060, 41.88, 13.31
11.065, 41.81, 13.22
11.070, 41.75, 13.17
11.075, 41.70, 13.10
11.080, 41.68, 13.03
11.085, 41.68, 12.98
11.090, 41.67, 12.96
11.095, 41.68, 12.90
11.100, 41.70, 12.88
11.105, 41.73, 12.85
11.110, 41.81, 12.83
11.115, 41.87, 12.82
11.120, 41.94, 12.83
11.125, 42.05, 12.84
11.130, 42.15, 12.88
11.135, 42.28, 12.90
11.140, 42.41, 12.96
11.145, 42.56, 12.99
11.150, 42.72, 13.05
11.155, 42.87, 13.13
11.160, 43.05, 13.20
11.165, 43.22, 13.31
11.170, 43.40, 13.39
11.175, 43.61, 13.49
11.180, 43.81, 13.63
11.185, 44.03, 13.77
11.190, 44.24, 13.90
11.195, 44.46, 14.06
11.200, 44.69, 14.23
11.205, 44.91, 14.37
11.210, 45.13, 14.55
11.215, 45.37, 14.76
11.220, 45.60, 14.95
11.225, 45.84, 15.19
11.230, 46.10, 15.40
11.235, 46.33, 15.63
11.240, 46.56, 15.89
11.245, 46.78, 16.14
11.250, 47.04, 16.42
11.255, 47.28, 16.69
11.260, 47.52, 16.99
11.265, 47.74, 17.30
11.270, 47.96, 17.59
11.275, 48.19, 17.92
11.280, 48.40, 18.25
11.285, 48.59, 18.59
11.290, 48.82, 18.94
11.295, 49.00, 19.28
11.300, 49.17, 19.65
11.305, 49.35, 20.01
11.310, 49.53, 20.39
11.315, 49.71, 20.77
11.320, 49.85, 21.15
11.325, 50.02, 21.56
11.330, 50.14, 21.94
11.335, 50.27, 22.34
11.340, 50.38, 22.75
11.345, 50.49, 23.15
11.350, 50.60, 23.55
11.355, 50.69, 23.96
11.360, 50.76, 24.34
11.365, 50.85, 24.78
11.370, 50.90, 25.15
11.375, 50.94, 25.57
11.380, 50.99, 25.96
11.385, 51.01, 26.35
11.390, 51.03, 26.75
11.395, 51.02, 27.12
11.400, 51.03, 27.51
11.405, 51.02, 27.88
11.410, 50.97, 28.26
11.415, 50.96, 28.62
11.420, 50.91, 28.96
11.425, 50.85, 29.33
11.430, 50.79, 29.65
11.435, 50.70, 29.99
11.440, 50.63, 30.33
11.445, 50.53, 30.63
11.450, 50.41, 30.95
11.455, 50.31, 31.24
11.460, 50.18, 31.53
11.465, 50.03, 31.83
11.470, 49.91, 32.09
11.475, 49.74, 32.37
11.480, 49.59, 32.61
11.485, 49.40, 32.89
11.490, 49.23, 33.14
11.495, 49.04, 33.36
11.500, 48.83, 33.59
11.505, 48.63, 33.82
11.510, 48.43, 34.06
11.515, 48.21, 34.27
11.520, 47.99, 34.48
11.525, 47.74, 34.69
11.530, 47.52, 34.91
11.535, 47.27, 35.10
11.540, 47.02, 35.27
11.545, 46.75, 35.46
11.550, 46.49, 35.65
11.555, 46.24, 35.81
11.560, 45.94, 35.99
11.565, 45.70, 36.12
11.570, 45.41, 36.26
11.575, 45.11, 36.41
11.580, 44.83, 36.54
11.585, 44.54, 36.65
11.590, 44.27, 36.76
11.595, 43.96, 36.85
11.600, 43.69, 36.97
11.605, 43.42, 37.03
11.610, 43.14, 37.13
11.615, 42.86, 37.18
11.620, 42.57, 37.26
11.625, 42.30, 37.35
11.630, 42.02, 37.40
11.635, 41.76, 37.45
11.640, 41.48, 37.47
11.645, 41.22, 37.53
11.650, 40.96, 37.59
11.655, 40.72, 37.62
11.660, 40.45, 37.66
11.665, 40.20, 37.68
11.670, 39.96, 37.70
11.675, 39.70, 37.75
11.680, 39.51, 37.77
11.685, 39.27, 37.80
11.690, 39.05, 37.82
11.695, 38.87, 37.83
11.700, 38.67, 37.84
11.705, 38.48, 37.84
11.710, 38.30, 37.88
11.715, 38.13, 37.86
11.720, 37.98, 37.89
11.725, 37.84, 37.90
11.730, 37.72, 37.90
11.735, 37.59, 37.91
11.740, 37.50, 37.92
11.745, 37.39, 37.92
11.750, 37.31, 37.93
11.755, 37.26, 37.96
11.760, 37.22, 37.95
11.765, 37.19, 37.94
11.770, 37.17, 37.96
11.775, 37.18, 37.96
11.780, 37.20, 37.95
11.785, 37.26, 37.95
11.790, 37.29, 37.94
11.795, 37.36, 37.93
11.800, 37.45, 37.90
11.805, 37.54, 37.86
11.810, 37.66, 37.83
11.815, 37.79, 37.83
11.820, 37.93, 37.78
11.825, 38.07, 37.69
11.830, 38.25, 37.64
11.835, 38.44, 37.59
11.840, 38.64, 37.47
11.845, 38.85, 37.40
11.850, 39.08, 37.28
11.855, 39.34, 37.17
11.860, 39.58, 37.02
11.865, 39.84, 36.89
11.870, 40.09, 36.74
11.875, 40.37, 36.54
11.880, 40.63, 36.36
11.885, 40.91, 36.14
11.890, 41.21, 35.91
11.895, 41.46, 35.70
11.900, 41.75, 35.44
11.905, 42.00, 35.17
11.910, 42.28, 34.88
11.915, 42.54, 34.59
11.920, 42.81, 34.28
11.925, 43.07, 33.95
11.930, 43.33, 33.62
11.935, 43.58, 33.27
11.940, 43.83, 32.91
11.945, 44.09, 32.57
11.950, 44.34, 32.18
11.955, 44.58, 31.82
11.960, 44.82, 31.44
11.965, 45.06, 31.05
11.970, 45.27, 30.68
11.975, 45.51, 30.26
11.980, 45.72, 29.89
11.985, 45.93, 29.48
11.990, 46.10, 29.11
11.995, 46.28, 28.72
12.000, 46.47, 28.31
12.005, 46.60, 27.95
12.010, 46.74, 27.55
12.015, 46.90, 27.16
12.020, 47.04, 26.79
12.025, 47.14, 26.37
12.030, 47.26, 26.03
12.035, 47.36, 25.64
12.040, 47.46, 25.26
12.045, 47.54, 24.89
12.050, 47.59, 24.51
12.055, 47.67, 24.16
12.060, 47.71, 23.78
12.065, 47.77, 23.40
12.070, 47.79, 23.06
12.075, 47.80, 22.67
12.080, 47.82, 22.33
12.085, 47.82, 21.99
12.090, 47.82, 21.63
12.095, 47.81, 21.31
12.100, 47.78, 20.94
12.105, 47.76, 20.63
12.110, 47.70, 20.29
12.115, 47.65, 19.97
12.120, 47.60, 19.66
12.125, 47.52, 19.36
12.130, 47.44, 19.05
12.135, 47.36, 18.74
12.140, 47.25, 18.45
12.145, 47.15, 18.15
12.150, 47.02, 17.87
12.155, 46.90, 17.59
12.160, 46.77, 17.31
12.165, 46.65, 17.05
12.170, 46.50, 16.77
12.175, 46.33, 16.50
12.180, 46.19, 16.26
12.185, 46.01, 16.00
12.190, 45.84, 15.76
12.195, 45.67, 15.53
12.200, 45.47, 15.30
12.205, 45.30, 15.10
12.210, 45.12, 14.87
12.215, 44.91, 14.65
12.220, 44.72, 14.46
12.225, 44.52, 14.27
12.230, 44.35, 14.07
12.235, 44.14, 13.89
12.240, 43.95, 13.72
12.245, 43.76, 13.58
12.250, 43.58, 13.41
12.255, 43.39, 13.26
12.260, 43.19, 13.12
12.265, 43.05, 12.97
12.270, 42.87, 12.81
12.275, 42.74, 12.70
12.280, 42.59, 12.56
12.285, 42.45, 12.45
12.290, 42.33, 12.32
12.295, 42.21, 12.22
12.300, 42.11, 12.12
12.305, 42.05, 12.03
12.310, 41.97, 11.94
12.315, 41.91, 11.88
12.320, 41.85, 11.81
12.325, 41.83, 11.72
12.330, 41.79, 11.69
12.335, 41.78, 11.65
12.340, 41.76, 11.62
12.345, 41.78, 11.59
12.350, 41.82, 11.57
12.355, 41.84, 11.58
12.360, 41.90, 11.56
12.365, 41.97, 11.60
12.370, 42.07, 11.61
12.375, 42.17, 11.64
12.380, 42.28, 11.70
12.385, 42.39, 11.74
12.390, 42.53, 11.82
12.395, 42.68, 11.89
12.400, 42.83, 11.97
12.405, 42.99, 12.07
12.410, 43.16, 12.17
12.415, 43.34, 12.30
12.420, 43.50, 12.43
12.425, 43.69, 12.57
12.430, 43.87, 12.71
12.435, 44.06, 12.87
12.440, 44.24, 13.04
12.445, 44.44, 13.21
12.450, 44.64, 13.40
12.455, 44.82, 13.60
12.460, 45.02, 13.81
12.465, 45.22, 14.04
12.470, 45.41, 14.26
12.475, 45.61, 14.52
12.480, 45.79, 14.76
12.485, 46.00, 15.03
12.490, 46.18, 15.30
12.495, 46.36, 15.55
12.500, 46.55, 15.87
12.505, 46.71, 16.16
12.510, 46.89, 16.45
12.515, 47.07, 16.79
12.520, 47.23, 17.10
12.525, 47.38, 17.45
12.530, 47.54, 17.76
12.535, 47.69, 18.12
12.540, 47.82, 18.51
12.545, 47.95, 18.86
12.550, 48.09, 19.25
12.555, 48.21, 19.62
12.560, 48.32, 20.04
12.565, 48.43, 20.42
12.570, 48.50, 20.81
12.575, 48.59, 21.24
12.580, 48.66, 21.62
12.585, 48.73, 22.05
12.590, 48.78, 22.48
12.595, 48.82, 22.90
12.600, 48.88, 23.36
12.605, 48.88, 23.78
12.610, 48.90, 24.23
12.615, 48.90, 24.70
12.620, 48.89, 25.13
12.625, 48.89, 25.61
12.630, 48.86, 26.07
12.635, 48.81, 26.55
12.640, 48.77, 27.02
12.645, 48.69, 27.47
12.650, 48.63, 27.96
12.655, 48.55, 28.43
12.660, 48.43, 28.91
12.665, 48.33, 29.40
12.670, 48.21, 29.87
12.675, 48.08, 30.35
12.680, 47.94, 30.79
12.685, 47.78, 31.27
12.690, 47.62, 31.75
12.695, 47.44, 32.18
12.700, 47.24, 32.65
12.705, 47.03, 33.06
12.710, 46.81, 33.50
12.715, 46.59, 33.90
12.720, 46.34, 34.29
12.725, 46.09, 34.68
12.730, 45.85, 35.04
12.735, 45.54, 35.42
12.740, 45.24, 35.75
12.745, 44.98, 36.08
12.750, 44.65, 36.40
12.755, 44.35, 36.69
12.760, 44.00, 36.97
12.765, 43.66, 37.24
12.770, 43.33, 37.50
12.775, 42.97, 37.74
12.780, 42.61, 37.94
12.785, 42.23, 38.16
12.790, 41.87, 38.34
12.795, 41.48, 38.53
12.800, 41.11, 38.71
12.805, 40.73, 38.84
12.810, 40.31, 38.99
12.815, 39.90, 39.14
12.820, 39.52, 39.26
12.825, 39.08, 39.37
12.830, 38.69, 39.48
12.835, 38.27, 39.57
12.840, 37.87, 39.66
12.845, 37.45, 39.76
12.850, 37.05, 39.84
12.855, 36.69, 39.93
12.860, 36.27, 40.00
12.865, 35.90, 40.07
12.870, 35.55, 40.14
12.875, 35.19, 40.22
12.880, 34.85, 40.28
12.885, 34.54, 40.32
12.890, 34.25, 40.36
12.895, 34.00, 40.42
12.900, 33.73, 40.44
12.905, 33.53, 40.48
12.910, 33.34, 40.50
12.915, 33.19, 40.53
12.920, 33.05, 40.55
12.925, 32.95, 40.59
12.930, 32.87, 40.62
12.935, 32.79, 40.64
12.940, 32.71, 40.66
12.945, 32.65, 40.66
12.950, 32.60, 40.67
12.955, 32.56, 40.70
12.960, 32.53, 40.70
12.965, 32.56, 40.71
12.970, 32.54, 40.70
12.975, 32.59, 40.70
12.980, 32.65, 40.70
12.985, 32.70, 40.70
12.990, 32.77, 40.69
12.995, 32.85, 40.70
13.000, 32.95, 40.69
13.005, 33.07, 40.67
13.010, 33.22, 40.66
13.015, 33.33, 40.61
13.020, 33.48, 40.58
13.025, 33.64, 40.52
13.030, 33.80, 40.49
13.035, 33.97, 40.43
13.040, 34.18, 40.35
13.045, 34.34, 40.26
13.050, 34.59, 40.17
13.055, 34.77, 40.10
13.060, 35.05, 39.97
13.065, 35.28, 39.87
13.070, 35.54, 39.72
13.075, 35.83, 39.57
13.080, 36.09, 39.43
13.085, 36.38, 39.25
13.090, 36.73, 39.06
13.095, 37.01, 38.87
13.100, 37.34, 38.67
13.105, 37.65, 38.43
13.110, 37.96, 38.23
13.115, 38.31, 37.99
13.120, 38.63, 37.75
13.125, 38.96, 37.47
13.130, 39.30, 37.20
13.135, 39.62, 36.94
13.140, 39.95, 36.64
13.145, 40.26, 36.34
13.150, 40.61, 36.02
13.155, 40.93, 35.70
13.160, 41.26, 35.36
13.165, 41.58, 35.01
13.170, 41.90, 34.67
13.175, 42.23, 34.30
13.180, 42.53, 33.95
13.185, 42.84, 33.57
13.190, 43.15, 33.19
13.195, 43.43, 32.83
13.200, 43.72, 32.45
13.205, 44.01, 32.07
13.210, 44.27, 31.70
13.215, 44.55, 31.29
13.220, 44.79, 30.91
13.225, 45.03, 30.51
13.230, 45.26, 30.13
13.235, 45.48, 29.72
13.240, 45.68, 29.32
13.245, 45.88, 28.94
13.250, 46.08, 28.54
13.255, 46.25, 28.17
13.260, 46.41, 27.78
13.265, 46.57, 27.40
13.270, 46.70, 27.04
13.275, 46.84, 26.64
13.280, 46.94, 26.29
13.285, 47.05, 25.91
13.290, 47.15, 25.54
13.295, 47.23, 25.18
13.300, 47.31, 24.83
13.305, 47.37, 24.49
13.310, 47.42, 24.14
13.315, 47.46, 23.80
13.320, 47.49, 23.48
13.325, 47.50, 23.13
13.330, 47.51, 22.81
13.335, 47.50, 22.48
13.340, 47.48, 22.17
13.345, 47.44, 21.87
13.350, 47.41, 21.56
13.355, 47.36, 21.26
13.360, 47.29, 20.96
13.365, 47.21, 20.65
13.370, 47.13, 20.39
13.375, 47.03, 20.08
13.380, 46.93, 19.80
13.385, 46.81, 19.53
13.390, 46.67, 19.24
13.395, 46.55, 18.98
13.400, 46.38, 18.70
13.405, 46.23, 18.45
13.410, 46.07, 18.17
13.415, 45.89, 17.93
13.420, 45.69, 17.69
13.425, 45.49, 17.42
13.430, 45.30, 17.18
13.435, 45.09, 16.94
13.440, 44.87, 16.71
13.445, 44.67, 16.50
13.450, 44.42, 16.25
13.455, 44.21, 16.04
13.460, 43.96, 15.84
13.465, 43.73, 15.63
13.470, 43.51, 15.44
13.475, 43.28, 15.25
13.480, 43.08, 15.09
13.485, 42.85, 14.92
13.490, 42.64, 14.74
13.495, 42.44, 14.59
13.500, 42.24, 14.45
13.505, 42.09, 14.31
13.510, 41.91, 14.20
13.515, 41.76, 14.06
13.520, 41.63, 13.95
13.525, 41.49, 13.85
13.530, 41.39, 13.77
13.535, 41.31, 13.69
13.540, 41.23, 13.62
13.545, 41.17, 13.56
13.550, 41.13, 13.49
13.555, 41.09, 13.47
13.560, 41.09, 13.45
13.565, 41.07, 13.42
13.570, 41.10, 13.42
13.575, 41.12, 13.43
13.580, 41.18, 13.45
13.585, 41.23, 13.48
13.590, 41.32, 13.53
13.595, 41.41, 13.58
13.600, 41.51, 13.66
13.605, 41.62, 13.75
13.610, 41.75, 13.84
13.615, 41.88, 13.95
13.620, 42.03, 14.06
13.625, 42.20, 14.23
13.630, 42.35, 14.34
13.635, 42.52, 14.50
13.640, 42.70, 14.69
13.645, 42.87, 14.88
13.650, 43.06, 15.07
13.655, 43.25, 15.28
13.660, 43.43, 15.50
13.665, 43.62, 15.73
13.670, 43.82, 15.98
13.675, 44.01, 16.22
13.680, 44.17, 16.49
13.685, 44.37, 16.78
13.690, 44.57, 17.07
13.695, 44.72, 17.35
13.700, 44.91, 17.66
13.705, 45.07, 17.95
13.710, 45.24, 18.29
13.715, 45.41, 18.62
13.720, 45.55, 18.96
13.725, 45.71, 19.31
13.730, 45.84, 19.65
13.735, 45.99, 20.03
13.740, 46.10, 20.39
13.745, 46.21, 20.74
13.750, 46.33, 21.15
13.755, 46.42, 21.53
13.760, 46.50, 21.92
13.765, 46.59, 22.33
13.770, 46.65, 22.71
13.775, 46.71, 23.12
13.780, 46.75, 23.53
13.785, 46.80, 23.96
13.790, 46.83, 24.39
13.795, 46.82, 24.79
13.800, 46.83, 25.23
13.805, 46.82, 25.63
13.810, 46.81, 26.05
13.815, 46.77, 26.48
13.820, 46.71, 26.90
13.825, 46.64, 27.31
13.830, 46.59, 27.71
13.835, 46.49, 28.11
13.840, 46.39, 28.50
13.845, 46.28, 28.87
13.850, 46.16, 29.26
13.855, 46.04, 29.59
13.860, 45.91, 29.94
13.865, 45.74, 30.26
13.870, 45.60, 30.56
13.875, 45.40, 30.89
13.880, 45.24, 31.18
13.885, 45.06, 31.44
13.890, 44.85, 31.71
13.895, 44.65, 31.99
13.900, 44.45, 32.23
13.905, 44.24, 32.47
13.910, 44.00, 32.73
13.915, 43.80, 32.94
13.920, 43.55, 33.16
13.925, 43.31, 33.37
13.930, 43.07, 33.57
13.935, 42.81, 33.77
13.940, 42.56, 33.98
13.945, 42.31, 34.14
13.950, 42.03, 34.31
13.955, 41.79, 34.47
13.960, 41.51, 34.64
13.965, 41.28, 34.78
13.970, 41.02, 34.95
13.975, 40.74, 35.11
13.980, 40.50, 35.27
13.985, 40.24, 35.42
13.990, 40.00, 35.57
13.995, 39.76, 35.74
14.000, 39.50, 35.89
14.005, 39.26, 36.05
14.010, 39.02, 36.19
14.015, 38.80, 36.34
14.020, 38.56, 36.48
14.025, 38.32, 36.64
14.030, 38.07, 36.80
14.035, 37.85, 36.95
14.040, 37.60, 37.10
14.045, 37.38, 37.24
14.050, 37.13, 37.40
14.055, 36.90, 37.51
14.060, 36.65, 37.68
14.065, 36.46, 37.80
14.070, 36.21, 37.92
14.075, 36.00, 38.04
14.080, 35.79, 38.16
14.085, 35.57, 38.26
14.090, 35.37, 38.37
14.095, 35.20, 38.47
14.100, 35.01, 38.55
14.105, 34.85, 38.65
14.110, 34.70, 38.74
14.115, 34.54, 38.84
14.120, 34.43, 38.93
14.125, 34.33, 38.99
14.130, 34.26, 39.05
14.135, 34.18, 39.14
14.140, 34.11, 39.19
14.145, 34.07, 39.24
14.150, 34.07, 39.29
14.155, 34.07, 39.34
14.160, 34.05, 39.35
14.165, 34.08, 39.38
14.170, 34.09, 39.38
14.175, 34.17, 39.38
14.180, 34.26, 39.38
14.185, 34.34, 39.36
14.190, 34.45, 39.35
14.195, 34.56, 39.31
14.200, 34.72, 39.27
14.205, 34.85, 39.20
14.210, 35.04, 39.17
14.215, 35.23, 39.10
14.220, 35.42, 39.03
14.225, 35.63, 38.96
14.230, 35.84, 38.86
14.235, 36.08, 38.74
14.240, 36.34, 38.67
14.245, 36.57, 38.53
14.250, 36.83, 38.39
14.255, 37.10, 38.27
14.260, 37.37, 38.09
14.265, 37.67, 37.94
14.270, 37.93, 37.77
14.275, 38.21, 37.57
14.280, 38.49, 37.38
14.285, 38.79, 37.15
14.290, 39.07, 36.92
14.295, 39.35, 36.69
14.300, 39.66, 36.41
14.305, 39.94, 36.16
14.310, 40.23, 35.87
14.315, 40.53, 35.59
14.320, 40.81, 35.29
14.325, 41.10, 34.98
14.330, 41.39, 34.67
14.335, 41.68, 34.34
14.340, 41.97, 34.01
14.345, 42.24, 33.69
14.350, 42.50, 33.35
14.355, 42.79, 33.01
14.360, 43.05, 32.65
14.365, 43.28, 32.31
14.370, 43.53, 31.98
14.375, 43.79, 31.60
14.380, 44.01, 31.25
14.385, 44.22, 30.89
14.390, 44.43, 30.55
14.395, 44.62, 30.16
14.400, 44.82, 29.79
14.405, 44.97, 29.46
14.410, 45.15, 29.10
14.415, 45.28, 28.73
14.420, 45.41, 28.39
14.425, 45.54, 28.03
14.430, 45.66, 27.70
14.435, 45.76, 27.35
14.440, 45.87, 26.99
14.445, 45.96, 26.67
14.450, 46.03, 26.31
14.455, 46.09, 25.98
14.460, 46.15, 25.63
14.465, 46.18, 25.31
14.470, 46.22, 24.97
14.475, 46.25, 24.65
14.480, 46.26, 24.32
14.485, 46.27, 23.98
14.490, 46.26, 23.67
14.495, 46.25, 23.35
14.500, 46.21, 23.07
14.505, 46.17, 22.75
14.510, 46.15, 22.45
14.515, 46.10, 22.14
14.520, 46.02, 21.83
14.525, 45.97, 21.55
14.530, 45.89, 21.28
14.535, 45.79, 20.98
14.540, 45.70, 20.71
14.545, 45.61, 20.45
14.550, 45.50, 20.16
14.555, 45.39, 19.90
14.560, 45.27, 19.64
14.565, 45.14, 19.41
14.570, 45.01, 19.15
14.575, 44.88, 18.90
14.580, 44.73, 18.67
14.585, 44.58, 18.41
14.590, 44.44, 18.17
14.595, 44.26, 17.95
14.600, 44.11, 17.73
14.605, 43.93, 17.52
14.610, 43.77, 17.29
14.615, 43.59, 17.09
14.620, 43.40, 16.89
14.625, 43.22, 16.69
14.630, 43.05, 16.50
14.635, 42.86, 16.29
14.640, 42.69, 16.11
14.645, 42.51, 15.95
14.650, 42.31, 15.76
14.655, 42.15, 15.58
14.660, 41.96, 15.41
14.665, 41.78, 15.24
14.670, 41.62, 15.10
14.675, 41.44, 14.93
14.680, 41.30, 14.80
14.685, 41.13, 14.68
14.690, 40.98, 14.55
14.695, 40.86, 14.44
14.700, 40.70, 14.31
14.705, 40.57, 14.23
14.710, 40.45, 14.13
14.715, 40.35, 14.05
14.720, 40.27, 13.96
14.725, 40.19, 13.88
14.730, 40.12, 13.83
14.735, 40.05, 13.77
14.740, 40.00, 13.73
14.745, 39.98, 13.68
14.750, 39.93, 13.64
14.755, 39.92, 13.62
14.760, 39.92, 13.62
14.765, 39.95, 13.62
14.770, 39.99, 13.62
14.775, 40.03, 13.62
14.780, 40.10, 13.66
14.785, 40.14, 13.66
14.790, 40.23, 13.70
14.795, 40.33, 13.78
14.800, 40.44, 13.82
14.805, 40.54, 13.88
14.810, 40.66, 13.99
14.815, 40.79, 14.06
14.820, 40.91, 14.15
14.825, 41.07, 14.26
14.830, 41.22, 14.35
14.835, 41.38, 14.49
14.840, 41.53, 14.64
14.845, 41.69, 14.74
14.850, 41.87, 14.91
14.855, 42.05, 15.08
14.860, 42.22, 15.23
14.865, 42.39, 15.42
14.870, 42.58, 15.58
14.875, 42.76, 15.78
14.880, 42.95, 16.00
14.885, 43.15, 16.21
14.890, 43.33, 16.42
14.895, 43.50, 16.65
14.900, 43.70, 16.88
14.905, 43.86, 17.10
14.910, 44.05, 17.38
14.915, 44.24, 17.62
14.920, 44.39, 17.89
14.925, 44.57, 18.16
14.930, 44.73, 18.41
14.935, 44.90, 18.72
14.940, 45.03, 18.98
14.945, 45.17, 19.25
14.950, 45.34, 19.55
14.955, 45.46, 19.84
14.960, 45.59, 20.13
14.965, 45.72, 20.42
14.970, 45.83, 20.71
14.975, 45.95, 21.01
14.980, 46.05, 21.29
14.985, 46.16, 21.59
14.990, 46.27, 21.87
14.995, 46.37, 22.16
15.000, 46.47, 22.45
15.005, 46.55, 22.73
15.010, 46.63, 23.02
15.015, 46.72, 23.31
15.020, 46.79, 23.58
15.025, 46.87, 23.87
15.030, 46.92, 24.14
15.035, 46.99, 24.42
15.040, 47.05, 24.70
15.045, 47.09, 24.97
15.050, 47.14, 25.26
15.055, 47.17, 25.51
15.060, 47.19, 25.81
15.065, 47.22, 26.07
15.070, 47.25, 26.33
15.075, 47.25, 26.60
15.080, 47.25, 26.84
15.085, 47.27, 27.11
15.090, 47.27, 27.35
15.095, 47.25, 27.59
15.100, 47.26, 27.87
15.105, 47.25, 28.10
15.110, 47.22, 28.35
15.115, 47.19, 28.61
15.120, 47.14, 28.85
15.125, 47.09, 29.10
15.130, 47.02, 29.33
15.135, 46.96, 29.59
15.140, 46.90, 29.82
15.145, 46.81, 30.07
15.150, 46.71, 30.30
15.155, 46.60, 30.52
15.160, 46.51, 30.78
15.165, 46.40, 31.01
15.170, 46.30, 31.25
15.175, 46.18, 31.48
15.180, 46.06, 31.69
15.185, 45.93, 31.94
15.190, 45.80, 32.16
15.195, 45.65, 32.39
15.200, 45.50, 32.63
15.205, 45.36, 32.85
15.210, 45.17, 33.09
15.215, 45.01, 33.32
15.220, 44.82, 33.55
15.225, 44.64, 33.80
15.230, 44.43, 34.02
15.235, 44.21, 34.28
15.240, 44.01, 34.50
15.245, 43.79, 34.73
15.250, 43.59, 34.99
15.255, 43.36, 35.22
15.260, 43.11, 35.47
15.265, 42.87, 35.70
15.270, 42.64, 35.94
15.275, 42.39, 36.17
15.280, 42.16, 36.40
15.285, 41.87, 36.62
15.290, 41.64, 36.80
15.295, 41.37, 36.99
15.300, 41.09, 37.20
15.305, 40.85, 37.36
15.310, 40.56, 37.54
15.315, 40.30, 37.68
15.320, 40.01, 37.81
15.325, 39.70, 37.95
15.330, 39.42, 38.08
15.335, 39.14, 38.21
15.340, 38.85, 38.28
15.345, 38.59, 38.38
15.350, 38.30, 38.50
15.355, 38.04, 38.53
15.360, 37.78, 38.59
15.365, 37.57, 38.69
15.370, 37.33, 38.72
15.375, 37.14, 38.78
15.380, 36.97, 38.83
15.385, 36.81, 38.88
15.390, 36.67, 38.92
15.395, 36.56, 38.95
15.400, 36.48, 38.99
15.405, 36.41, 39.05
15.410, 36.37, 39.09
15.415, 36.36, 39.11
15.420, 36.36, 39.16
15.425, 36.37, 39.17
15.430, 36.40, 39.18
15.435, 36.46, 39.22
15.440, 36.51, 39.23
15.445, 36.59, 39.24
15.450, 36.68, 39.26
15.455, 36.78, 39.26
15.460, 36.88, 39.25
15.465, 36.99, 39.23
15.470, 37.11, 39.24
15.475, 37.23, 39.20
15.480, 37.35, 39.18
15.485, 37.51, 39.15
15.490, 37.66, 39.09
15.495, 37.82, 39.05
15.500, 38.01, 38.96
15.505, 38.19, 38.92
15.510, 38.37, 38.81
15.515, 38.59, 38.74
15.520, 38.77, 38.63
15.525, 39.01, 38.51
15.530, 39.23, 38.40
15.535, 39.49, 38.26
15.540, 39.74, 38.11
15.545, 39.97, 37.97
15.550, 40.26, 37.80
15.555, 40.50, 37.63
15.560, 40.80, 37.43
15.565, 41.09, 37.23
15.570, 41.35, 37.01
15.575, 41.67, 36.79
15.580, 41.93, 36.57
15.585, 42.23, 36.33
15.590, 42.53, 36.07
15.595, 42.81, 35.79
15.600, 43.10, 35.50
15.605, 43.40, 35.24
15.610, 43.69, 34.93
15.615, 43.97, 34.62
15.620, 44.27, 34.32
15.625, 44.56, 33.98
15.630, 44.83, 33.64
15.635, 45.10, 33.28
15.640, 45.38, 32.93
15.645, 45.62, 32.58
15.650, 45.87, 32.20
15.655, 46.09, 31.84
15.660, 46.33, 31.46
15.665, 46.53, 31.10
15.670, 46.74, 30.73
15.675, 46.95, 30.33
15.680, 47.09, 29.98
15.685, 47.26, 29.59
15.690, 47.42, 29.21
15.695, 47.55, 28.83
15.700, 47.67, 28.44
15.705, 47.79, 28.06
15.710, 47.88, 27.67
15.715, 47.95, 27.30
15.720, 48.01, 26.92
15.725, 48.06, 26.54
15.730, 48.11, 26.16
15.735, 48.14, 25.80
15.740, 48.14, 25.42
15.745, 48.15, 25.06
15.750, 48.13, 24.67
15.755, 48.11, 24.32
15.760, 48.07, 23.95
15.765, 48.03, 23.60
15.770, 47.97, 23.26
15.775, 47.89, 22.89
15.780, 47.80, 22.55
15.785, 47.70, 22.21
15.790, 47.60, 21.86
15.795, 47.46, 21.53
15.800, 47.32, 21.18
15.805, 47.18, 20.87
15.810, 47.00, 20.54
15.815, 46.85, 20.23
15.820, 46.67, 19.92
15.825, 46.47, 19.62
15.830, 46.30, 19.35
15.835, 46.10, 19.05
15.840, 45.89, 18.78
15.845, 45.67, 18.52
15.850, 45.46, 18.24
15.855, 45.24, 18.00
15.860, 45.00, 17.73
15.865, 44.77, 17.50
15.870, 44.53, 17.28
15.875, 44.28, 17.05
15.880, 44.05, 16.84
15.885, 43.82, 16.62
15.890, 43.60, 16.46
15.895, 43.37, 16.27
15.900, 43.15, 16.09
15.905, 42.94, 15.97
15.910, 42.72, 15.81
15.915, 42.52, 15.66
15.920, 42.32, 15.55
15.925, 42.13, 15.41
15.930, 41.96, 15.33
15.935, 41.78, 15.21
15.940, 41.64, 15.14
15.945, 41.51, 15.03
15.950, 41.37, 14.94
15.955, 41.26, 14.90
15.960, 41.16, 14.85
15.965, 41.09, 14.78
15.970, 41.04, 14.73
15.975, 40.98, 14.70
15.980, 40.97, 14.68
15.985, 40.95, 14.65
15.990, 40.95, 14.65
15.995, 40.97, 14.66
16.000, 41.01, 14.67
16.005, 41.09, 14.68
16.010, 41.14, 14.71
16.015, 41.22, 14.73
16.020, 41.32, 14.78
16.025, 41.45, 14.86
16.030, 41.57, 14.92
16.035, 41.73, 15.00
16.040, 41.88, 15.10
16.045, 42.05, 15.19
16.050, 42.20, 15.32
16.055, 42.40, 15.42
16.060, 42.58, 15.57
16.065, 42.77, 15.72
16.070, 42.97, 15.86
16.075, 43.18, 16.02
16.080, 43.39, 16.20
16.085, 43.60, 16.40
16.090, 43.83, 16.61
16.095, 44.04, 16.82
16.100, 44.26, 17.05
16.105, 44.47, 17.28
16.110, 44.68, 17.50
16.115, 44.88, 17.74
16.120, 45.09, 18.01
16.125, 45.30, 18.27
16.130, 45.49, 18.56
16.135, 45.68, 18.84
16.140, 45.89, 19.12
16.145, 46.08, 19.43
16.150, 46.25, 19.75
16.155, 46.43, 20.06
16.160, 46.59, 20.38
16.165, 46.76, 20.72
16.170, 46.89, 21.04
16.175, 47.02, 21.39
16.180, 47.15, 21.73
16.185, 47.26, 22.09
16.190, 47.35, 22.44
16.195, 47.45, 22.79
16.200, 47.52, 23.17
16.205, 47.60, 23.52
16.210, 47.67, 23.90
16.215, 47.71, 24.26
16.220, 47.74, 24.64
16.225, 47.77, 25.04
16.230, 47.78, 25.41
16.235, 47.79, 25.81
16.240, 47.80, 26.19
16.245, 47.77, 26.59
16.250, 47.72, 27.00
16.255, 47.69, 27.40
16.260, 47.62, 27.83
16.265, 47.55, 28.22
16.270, 47.47, 28.64
16.275, 47.36, 29.07
16.280, 47.26, 29.48
16.285, 47.14, 29.92
16.290, 47.00, 30.36
16.295, 46.85, 30.77
16.300, 46.70, 31.22
16.305, 46.53, 31.65
16.310, 46.35, 32.09
16.315, 46.18, 32.50
16.320, 45.98, 32.95
16.325, 45.77, 33.40
16.330, 45.56, 33.82
16.335, 45.33, 34.27
16.340, 45.08, 34.71
16.345, 44.83, 35.14
16.350, 44.58, 35.59
16.355, 44.31, 35.99
16.360, 44.01, 36.43
16.365, 43.74, 36.82
16.370, 43.42, 37.23
16.375, 43.10, 37.60
16.380, 42.79, 37.97
16.385, 42.43, 38.32
16.390, 42.09, 38.66
16.395, 41.71, 38.97
16.400, 41.32, 39.28
16.405, 40.95, 39.55
16.410, 40.54, 39.80
16.415, 40.15, 40.01
16.420, 39.75, 40.22
16.425, 39.30, 40.39
16.430, 38.91, 40.54
16.435, 38.43, 40.69
16.440, 38.00, 40.83
16.445, 37.54, 40.94
16.450, 37.10, 41.04
16.455, 36.65, 41.11
16.460, 36.18, 41.18
16.465, 35.75, 41.23
16.470, 35.30, 41.26
16.475, 34.84, 41.31
16.480, 34.45, 41.33
16.485, 34.04, 41.34
16.490, 33.68, 41.36
16.495, 33.32, 41.35
16.500, 32.98, 41.33
16.505, 32.72, 41.31
16.510, 32.43, 41.32
16.515, 32.16, 41.32
16.520, 32.01, 41.31
16.525, 31.87, 41.34
16.530, 31.76, 41.35
16.535, 31.73, 41.38
16.540, 31.62, 41.42
16.545, 31.69, 41.45
16.550, 31.73, 41.51
16.555, 31.76, 41.52
16.560, 31.81, 41.56
16.565, 31.88, 41.58
16.570, 31.92, 41.57
16.575, 31.99, 41.60
16.580, 32.04, 41.58
16.585, 32.08, 41.58
16.590, 32.17, 41.57
16.595, 32.21, 41.54
16.600, 32.27, 41.53
16.605, 32.37, 41.52
16.610, 32.46, 41.48
16.615, 32.52, 41.46
16.620, 32.66, 41.44
16.625, 32.77, 41.41
16.630, 32.92, 41.38
16.635, 33.07, 41.33
16.640, 33.24, 41.28
16.645, 33.42, 41.24
16.650, 33.60, 41.20
16.655, 33.80, 41.11
16.660, 34.03, 41.04
16.665, 34.26, 40.98
16.670, 34.50, 40.90
16.675, 34.76, 40.79
16.680, 34.99, 40.68
16.685, 35.28, 40.57
16.690, 35.57, 40.43
16.695, 35.80, 40.31
16.700, 36.14, 40.15
16.705, 36.41, 40.01
16.710, 36.70, 39.86
16.715, 37.00, 39.69
16.720, 37.32, 39.50
16.725, 37.66, 39.27
16.730, 37.97, 39.07
16.735, 38.33, 38.86
16.740, 38.65, 38.62
16.745, 39.00, 38.38
16.750, 39.33, 38.10
16.755, 39.66, 37.84
16.760, 39.99, 37.57
16.765, 40.31, 37.27
16.770, 40.63, 36.95
16.775, 40.97, 36.63
16.780, 41.27, 36.31
16.785, 41.57, 35.99
16.790, 41.88, 35.64
16.795, 42.14, 35.32
16.800, 42.44, 34.95
16.805, 42.71, 34.60
16.810, 42.99, 34.22
16.815, 43.23, 33.87
16.820, 43.49, 33.50
16.825, 43.74, 33.10
16.830, 43.94, 32.75
16.835, 44.16, 32.36
16.840, 44.38, 31.98
16.845, 44.57, 31.60
16.850, 44.77, 31.18
16.855, 44.93, 30.83
16.860, 45.11, 30.40
16.865, 45.24, 30.02
16.870, 45.40, 29.63
16.875, 45.52, 29.22
16.880, 45.64, 28.85
16.885, 45.74, 28.45
16.890, 45.83, 28.07
16.895, 45.90, 27.67
16.900, 45.99, 27.28
16.905, 46.03, 26.90
16.910, 46.09, 26.52
16.915, 46.12, 26.12
16.920, 46.15, 25.74
16.925, 46.16, 25.34
16.930, 46.16, 24.98
16.935, 46.16, 24.57
16.940, 46.11, 24.19
16.945, 46.10, 23.81
16.950, 46.06, 23.44
16.955, 46.00, 23.07
16.960, 45.92, 22.67
16.965, 45.86, 22.31
16.970, 45.78, 21.94
16.975, 45.66, 21.56
16.980, 45.55, 21.21
16.985, 45.44, 20.86
16.990, 45.28, 20.50
16.995, 45.14, 20.16
17.000, 45.00, 19.82
17.005, 44.82, 19.47
17.010, 44.65, 19.15
17.015, 44.47, 18.83
17.020, 44.28, 18.51
17.025, 44.07, 18.18
17.030, 43.88, 17.89
17.035, 43.67, 17.56
17.040, 43.47, 17.27
17.045, 43.22, 16.96
17.050, 42.97, 16.66
17.055, 42.74, 16.40
17.060, 42.50, 16.09
17.065, 42.27, 15.85
17.070, 41.99, 15.59
17.075, 41.76, 15.36
17.080, 41.52, 15.14
17.085, 41.24, 14.92
17.090, 41.00, 14.71
17.095, 40.77, 14.50
17.100, 40.52, 14.29
17.105, 40.29, 14.13
17.110, 40.06, 13.96
17.115, 39.84, 13.81
17.120, 39.64, 13.64
17.125, 39.44, 13.52
17.130, 39.25, 13.40
17.135, 39.10, 13.26
17.140, 38.95, 13.17
17.145, 38.81, 13.04
17.150, 38.70, 12.97
17.155, 38.60, 12.91
17.160, 38.52, 12.82
17.165, 38.49, 12.78
17.170, 38.47, 12.74
17.175, 38.45, 12.72
17.180, 38.47, 12.71
17.185, 38.50, 12.70
17.190, 38.54, 12.70
17.195, 38.61, 12.73
17.200, 38.70, 12.75
17.205, 38.80, 12.79
17.210, 38.93, 12.84
17.215, 39.06, 12.91
17.220, 39.21, 12.98
17.225, 39.36, 13.05
17.230, 39.56, 13.16
17.235, 39.70, 13.26
17.240, 39.90, 13.39
17.245, 40.11, 13.49
17.250, 40.31, 13.64
17.255, 40.52, 13.80
17.260, 40.73, 13.96
17.265, 40.94, 14.11
17.270, 41.16, 14.30
17.275, 41.38, 14.50
17.280, 41.61, 14.69
17.285, 41.85, 14.91
17.290, 42.07, 15.13
17.295, 42.31, 15.36
17.300, 42.55, 15.61
17.305, 42.78, 15.86
17.310, 43.04, 16.12
17.315, 43.27, 16.40
17.320, 43.49, 16.66
17.325, 43.74, 16.96
17.330, 43.98, 17.26
17.335, 44.22, 17.59
17.340, 44.45, 17.89
17.345, 44.66, 18.20
17.350, 44.89, 18.54
17.355, 45.11, 18.87
17.360, 45.32, 19.22
17.365, 45.51, 19.56
17.370, 45.71, 19.91
17.375, 45.90, 20.29
17.380, 46.08, 20.62
17.385, 46.26, 20.99
17.390, 46.42, 21.35
17.395, 46.58, 21.71
17.400, 46.74, 22.11
17.405, 46.87, 22.46
17.410, 46.99, 22.86
17.415, 47.12, 23.22
17.420, 47.23, 23.61
17.425, 47.33, 23.99
17.430, 47.41, 24.38
17.435, 47.48, 24.75
17.440, 47.54, 25.13
17.445, 47.59, 25.50
17.450, 47.64, 25.90
17.455, 47.67, 26.26
17.460, 47.69, 26.64
17.465, 47.69, 27.01
17.470, 47.68, 27.37
17.475, 47.68, 27.75
17.480, 47.64, 28.11
17.485, 47.60, 28.48
17.490, 47.55, 28.84
17.495, 47.48, 29.20
17.500, 47.40, 29.58
17.505, 47.31, 29.92
17.510, 47.20, 30.29
17.515, 47.09, 30.63
17.520, 46.96, 30.98
17.525, 46.82, 31.33
17.530, 46.68, 31.66
17.535, 46.51, 31.99
17.540, 46.33, 32.31
17.545, 46.17, 32.62
17.550, 45.98, 32.92
17.555, 45.78, 33.22
17.560, 45.55, 33.51
17.565, 45.36, 33.80
17.570, 45.12, 34.07
17.575, 44.89, 34.34
17.580, 44.67, 34.62
17.585, 44.42, 34.86
17.590, 44.18, 35.11
17.595, 43.94, 35.34
17.600, 43.70, 35.59
17.605, 43.44, 35.79
17.610, 43.18, 36.02
17.615, 42.94, 36.24
17.620, 42.65, 36.42
17.625, 42.39, 36.61
17.630, 42.12, 36.80
17.635, 41.82, 36.99
17.640, 41.55, 37.17
17.645, 41.22, 37.32
17.650, 40.92, 37.46
17.655, 40.61, 37.62
17.660, 40.28, 37.79
17.665, 39.95, 37.91
17.670, 39.62, 38.06
17.675, 39.29, 38.18
17.680, 38.93, 38.29
17.685, 38.56, 38.45
17.690, 38.24, 38.54
17.695, 37.90, 38.65
17.700, 37.57, 38.75
17.705, 37.24, 38.82
17.710, 36.89, 38.91
17.715, 36.60, 38.96
17.720, 36.26, 38.99
17.725, 35.97, 39.03
17.730, 35.72, 39.06
17.735, 35.48, 39.11
17.740, 35.27, 39.12
17.745, 35.08, 39.16
17.750, 34.93, 39.20
17.755, 34.80, 39.20
17.760, 34.66, 39.25
17.765, 34.50, 39.28
17.770, 34.43, 39.31
17.775, 34.32, 39.36
17.780, 34.26, 39.39
17.785, 34.23, 39.46
17.790, 34.22, 39.49
17.795, 34.22, 39.57
17.800, 34.23, 39.62
17.805, 34.26, 39.63
17.810, 34.31, 39.69
17.815, 34.36, 39.76
17.820, 34.42, 39.82
17.825, 34.46, 39.86
17.830, 34.54, 39.88
17.835, 34.55, 39.93
17.840, 34.61, 39.96
17.845, 34.64, 39.96
17.850, 34.68, 39.99
17.855, 34.75, 40.01
17.860, 34.82, 39.99
17.865, 34.89, 40.01
17.870, 34.99, 39.99
17.875, 35.09, 39.97
17.880, 35.22, 39.94
17.885, 35.37, 39.91
17.890, 35.52, 39.88
17.895, 35.66, 39.83
17.900, 35.87, 39.77
17.905, 36.06, 39.71
17.910, 36.27, 39.64
17.915, 36.45, 39.57
17.920, 36.68, 39.50
17.925, 36.94, 39.42
17.930, 37.19, 39.30
17.935, 37.46, 39.16
17.940, 37.72, 39.04
17.945, 38.02, 38.90
17.950, 38.31, 38.74
17.955, 38.60, 38.57
17.960, 38.94, 38.39
17.965, 39.26, 38.21
17.970, 39.57, 37.97
17.975, 39.91, 37.77
17.980, 40.22, 37.51
17.985, 40.57, 37.25
17.990, 40.89, 36.98
17.995, 41.22, 36.71
18.000, 41.56, 36.39
18.005, 41.88, 36.08
18.010, 42.21, 35.75
18.015, 42.53, 35.42
18.020, 42.82, 35.05
18.025, 43.12, 34.71
18.030, 43.43, 34.35
18.035, 43.73, 33.95
18.040, 43.99, 33.56
18.045, 44.28, 33.17
18.050, 44.55, 32.76
18.055, 44.79, 32.38
18.060, 45.03, 31.95
18.065, 45.26, 31.55
18.070, 45.46, 31.14
18.075, 45.69, 30.72
18.080, 45.88, 30.30
18.085, 46.06, 29.88
18.090, 46.21, 29.47
18.095, 46.36, 29.05
18.100, 46.51, 28.61
18.105, 46.62, 28.22
18.110, 46.73, 27.80
18.115, 46.82, 27.39
18.120, 46.91, 26.99
18.125, 46.97, 26.57
18.130, 47.02, 26.17
18.135, 47.06, 25.76
18.140, 47.09, 25.38
18.145, 47.10, 24.98
18.150, 47.09, 24.59
18.155, 47.07, 24.22
18.160, 47.05, 23.83
18.165, 47.01, 23.47
18.170, 46.96, 23.09
18.175, 46.90, 22.72
18.180, 46.81, 22.35
18.185, 46.75, 21.99
18.190, 46.65, 21.65
18.195, 46.55, 21.30
18.200, 46.44, 20.94
18.205, 46.31, 20.61
18.210, 46.17, 20.27
18.215, 46.02, 19.97
18.220, 45.88, 19.62
18.225, 45.69, 19.32
18.230, 45.55, 19.02
18.235, 45.36, 18.67
18.240, 45.20, 18.39
18.245, 45.00, 18.11
18.250, 44.79, 17.83
18.255, 44.58, 17.55
18.260, 44.36, 17.27
18.265, 44.15, 17.02
18.270, 43.92, 16.74
18.275, 43.69, 16.50
18.280, 43.46, 16.25
18.285, 43.21, 16.02
18.290, 42.98, 15.80
18.295, 42.75, 15.56
18.300, 42.51, 15.35
18.305, 42.28, 15.15
18.310, 42.02, 14.94
18.315, 41.78, 14.73
18.320, 41.55, 14.56
18.325, 41.32, 14.38
18.330, 41.09, 14.24
18.335, 40.87, 14.06
18.340, 40.66, 13.92
18.345, 40.46, 13.80
18.350, 40.27, 13.65
18.355, 40.08, 13.55
18.360, 39.91, 13.43
18.365, 39.77, 13.38
18.370, 39.63, 13.29
18.375, 39.52, 13.20
18.380, 39.42, 13.16
18.385, 39.33, 13.10
18.390, 39.27, 13.06
18.395, 39.21, 13.02
18.400, 39.19, 12.99
18.405, 39.18, 12.98
18.410, 39.18, 12.98
18.415, 39.18, 12.98
18.420, 39.20, 12.98
18.425, 39.26, 13.01
18.430, 39.33, 13.04
18.435, 39.42, 13.10
18.440, 39.52, 13.15
18.445, 39.64, 13.20
18.450, 39.75, 13.28
18.455, 39.89, 13.38
18.460, 40.03, 13.46
18.465, 40.21, 13.57
18.470, 40.35, 13.68
18.475, 40.55, 13.83
18.480, 40.73, 13.97
18.485, 40.93, 14.10
18.490, 41.12, 14.27
18.495, 41.32, 14.45
18.500, 41.52, 14.65
18.505, 41.74, 14.82
18.510, 41.95, 15.03
18.515, 42.17, 15.23
18.520, 42.37, 15.49
18.525, 42.60, 15.75
18.530, 42.81, 15.98
18.535, 43.03, 16.23
18.540, 43.25, 16.51
18.545, 43.46, 16.79
18.550, 43.67, 17.08
18.555, 43.86, 17.38
18.560, 44.06, 17.70
18.565, 44.27, 18.01
18.570, 44.47, 18.33
18.575, 44.67, 18.68
18.580, 44.82, 19.00
18.585, 45.02, 19.36
18.590, 45.19, 19.69
18.595, 45.34, 20.06
18.600, 45.48, 20.42
18.605, 45.62, 20.77
18.610, 45.77, 21.16
18.615, 45.88, 21.54
18.620, 46.00, 21.92
18.625, 46.10, 22.31
18.630, 46.19, 22.68
18.635, 46.28, 23.09
18.640, 46.34, 23.46
18.645, 46.42, 23.84
18.650, 46.47, 24.23
18.655, 46.53, 24.61
18.660, 46.57, 25.00
18.665, 46.59, 25.36
18.670, 46.61, 25.74
18.675, 46.63, 26.11
18.680, 46.62, 26.48
18.685, 46.62, 26.85
18.690, 46.61, 27.20
18.695, 46.60, 27.58
18.700, 46.57, 27.94
18.705, 46.52, 28.27
18.710, 46.49, 28.63
18.715, 46.44, 28.96
18.720, 46.38, 29.30
18.725, 46.31, 29.65
18.730, 46.23, 29.96
18.735, 46.13, 30.28
18.740, 46.05, 30.60
18.745, 45.94, 30.92
18.750, 45.82, 31.23
18.755, 45.71, 31.52
18.760, 45.57, 31.81
18.765, 45.44, 32.09
18.770, 45.29, 32.38
18.775, 45.12, 32.66
18.780, 45.00, 32.91
18.785, 44.80, 33.18
18.790, 44.66, 33.43
18.795, 44.48, 33.70
18.800, 44.32, 33.98
18.805, 44.13, 34.24
18.810, 43.93, 34.50
18.815, 43.73, 34.73
18.820, 43.53, 35.00
18.825, 43.30, 35.26
18.830, 43.07, 35.50
18.835, 42.78, 35.76
18.840, 42.54, 36.00
18.845, 42.22, 36.25
18.850, 41.94, 36.51
18.855, 41.65, 36.73
18.860, 41.29, 36.95
18.865, 40.98, 37.19
18.870, 40.62, 37.43
18.875, 40.27, 37.66
18.880, 39.92, 37.85
18.885, 39.53, 38.07
18.890, 39.16, 38.29
18.895, 38.77, 38.48
18.900, 38.38, 38.70
18.905, 37.98, 38.89
18.910, 37.58, 39.09
18.915, 37.20, 39.26
18.920, 36.76, 39.43
18.925, 36.37, 39.62
18.930, 35.96, 39.75
18.935, 35.53, 39.93
18.940, 35.15, 40.10
18.945, 34.74, 40.23
18.950, 34.37, 40.33
18.955, 33.99, 40.46
18.960, 33.59, 40.54
18.965, 33.25, 40.65
18.970, 32.91, 40.73
18.975, 32.60, 40.80
18.980, 32.32, 40.86
18.985, 32.03, 40.93
18.990, 31.80, 40.97
18.995, 31.59, 41.02
19.000, 31.38, 41.05
19.005, 31.23, 41.11
19.010, 31.07, 41.13
19.015, 30.95, 41.17
19.020, 30.79, 41.19
19.025, 30.73, 41.19
19.030, 30.64, 41.22
19.035, 30.58, 41.24
19.040, 30.56, 41.27
19.045, 30.55, 41.27
19.050, 30.50, 41.27
19.055, 30.54, 41.30
19.060, 30.55, 41.31
19.065, 30.58, 41.31
19.070, 30.58, 41.32
19.075, 30.60, 41.33
19.080, 30.66, 41.32
19.085, 30.69, 41.31
19.090, 30.70, 41.29
19.095, 30.78, 41.29
19.100, 30.79, 41.26
19.105, 30.88, 41.21
19.110, 30.98, 41.20
19.115, 31.09, 41.18
19.120, 31.17, 41.11
19.125, 31.29, 41.08
19.130, 31.42, 41.02
19.135, 31.56, 40.96
19.140, 31.70, 40.92
19.145, 31.87, 40.85
19.150, 32.04, 40.80
19.155, 32.23, 40.72
19.160, 32.41, 40.64
19.165, 32.60, 40.56
19.170, 32.83, 40.48
19.175, 33.06, 40.40
19.180, 33.30, 40.30
19.185, 33.56, 40.19
19.190, 33.84, 40.10
19.195, 34.11, 39.95
19.200, 34.37, 39.86
19.205, 34.67, 39.71
19.210, 35.00, 39.55
19.215, 35.33, 39.43
19.220, 35.64, 39.24
19.225, 35.97, 39.07
19.230, 36.30, 38.88
19.235, 36.64, 38.68
19.240, 36.99, 38.49
19.245, 37.34, 38.27
19.250, 37.70, 38.04
19.255, 38.04, 37.84
19.260, 38.43, 37.58
19.265, 38.78, 37.32
19.270, 39.13, 37.03
19.275, 39.46, 36.74
19.280, 39.81, 36.48
19.285, 40.17, 36.14
19.290, 40.50, 35.86
19.295, 40.81, 35.53
19.300, 41.17, 35.18
19.305, 41.46, 34.86
19.310, 41.80, 34.50
19.315, 42.10, 34.15
19.320, 42.40, 33.79
19.325, 42.69, 33.40
19.330, 42.96, 33.04
19.335, 43.25, 32.67
19.340, 43.49, 32.29
19.345, 43.71, 31.91
19.350, 43.95, 31.51
19.355, 44.15, 31.15
19.360, 44.36, 30.74
19.365, 44.56, 30.35
19.370, 44.73, 29.98
19.375, 44.90, 29.58
19.380, 45.04, 29.19
19.385, 45.20, 28.81
19.390, 45.32, 28.40
19.395, 45.42, 28.04
19.400, 45.54, 27.62
19.405, 45.63, 27.26
19.410, 45.70, 26.87
19.415, 45.77, 26.48
19.420, 45.83, 26.10
19.425, 45.88, 25.71
19.430, 45.89, 25.35
19.435, 45.91, 24.95
19.440, 45.92, 24.60
19.445, 45.91, 24.20
19.450, 45.90, 23.85
19.455, 45.87, 23.51
19.460, 45.82, 23.13
19.465, 45.77, 22.80
19.470, 45.71, 22.45
19.475, 45.65, 22.10
19.480, 45.55, 21.77
19.485, 45.46, 21.42
19.490, 45.36, 21.10
19.495, 45.24, 20.76
19.500, 45.13, 20.43
19.505, 45.00, 20.12
19.510, 44.85, 19.81
19.515, 44.69, 19.48
19.520, 44.57, 19.19
19.525, 44.39, 18.89
19.530, 44.23, 18.60
19.535, 44.04, 18.31
19.540, 43.86, 18.03
19.545, 43.67, 17.74
19.550, 43.49, 17.50
19.555, 43.29, 17.25
19.560, 43.08, 16.97
19.565, 42.91, 16.74
19.570, 42.71, 16.52
19.575, 42.50, 16.30
19.580, 42.31, 16.09
19.585, 42.11, 15.90
19.590, 41.94, 15.73
19.595, 41.76, 15.56
19.600, 41.59, 15.38
19.605, 41.42, 15.22
19.610, 41.25, 15.09
19.615, 41.12, 14.95
19.620, 40.96, 14.85
19.625, 40.83, 14.73
19.630, 40.71, 14.62
19.635, 40.57, 14.51
19.640, 40.47, 14.43
19.645, 40.37, 14.34
19.650, 40.28, 14.29
19.655, 40.22, 14.24
19.660, 40.16, 14.16
19.665, 40.11, 14.10
19.670, 40.08, 14.07
19.675, 40.05, 14.06
19.680, 40.06, 14.05
19.685, 40.07, 14.03
19.690, 40.11, 14.04
19.695, 40.14, 14.05
19.700, 40.20, 14.06
19.705, 40.28, 14.07
19.710, 40.36, 14.11
19.715, 40.45, 14.17
19.720, 40.57, 14.25
19.725, 40.68, 14.29
19.730, 40.81, 14.37
19.735, 40.97, 14.48
19.740, 41.10, 14.57
19.745, 41.26, 14.69
19.750, 41.43, 14.80
19.755, 41.59, 14.94
19.760, 41.77, 15.10
19.765, 41.96, 15.22
19.770, 42.12, 15.42
19.775, 42.31, 15.58
19.780, 42.51, 15.76
19.785, 42.70, 15.96
19.790, 42.86, 16.16
19.795, 43.07, 16.38
19.800, 43.27, 16.62
19.805, 43.45, 16.83
19.810, 43.63, 17.07
19.815, 43.81, 17.30
19.820, 44.01, 17.56
19.825, 44.18, 17.82
19.830, 44.36, 18.10
19.835, 44.54, 18.37
19.840, 44.70, 18.68
19.845, 44.86, 18.97
19.850, 45.01, 19.27
19.855, 45.14, 19.57
19.860, 45.28, 19.89
19.865, 45.39, 20.20
19.870, 45.51, 20.50
19.875, 45.62, 20.82
19.880, 45.70, 21.14
19.885, 45.78, 21.46
19.890, 45.87, 21.77
19.895, 45.94, 22.09
19.900, 46.00, 22.41
19.905, 46.05, 22.69
19.910, 46.08, 23.04
19.915, 46.13, 23.33
19.920, 46.15, 23.65
19.925, 46.17, 23.96
19.930, 46.19, 24.26
19.935, 46.19, 24.58
19.940, 46.18, 24.85
19.945, 46.17, 25.15
19.950, 46.17, 25.46
19.955, 46.16, 25.73
19.960, 46.11, 26.03
19.965, 46.07, 26.31
19.970, 46.04, 26.59
19.975, 45.97, 26.88
19.980, 45.92, 27.15
19.985, 45.84, 27.45
19.990, 45.77, 27.73
19.995, 45.70, 28.01
20.000, 45.62, 28.28
