 0.000, 24.95,  5.03
 0.005, 24.95,  5.05
 0.010, 24.96,  5.04
 0.015, 24.97,  5.08
 0.020, 25.01,  5.09
 0.025, 25.07,  5.08
 0.030, 25.10,  5.11
 0.035, 25.16,  5.13
 0.040, 25.19,  5.14
 0.045, 25.26,  5.18
 0.050, 25.30,  5.24
 0.055, 25.35,  5.30
 0.060, 25.41,  5.36
 0.065, 25.49,  5.44
 0.070, 25.58,  5.52
 0.075, 25.68,  5.60
 0.080, 25.80,  5.70
 0.085, 25.94,  5.78
 0.090, 26.08,  5.87
 0.095, 26.26,  5.94
 0.100, 26.40,  6.00
 0.105, 26.57,  6.09
 0.110, 26.69,  6.15
 0.115, 26.80,  6.23
 0.120, 26.86,  6.32
 0.125, 26.91,  6.36
 0.130, 26.91,  6.41
 0.135, 26.91,  6.45
 0.140, 26.90,  6.48
 0.145, 26.85,  6.50
 0.150, 26.79,  6.50
 0.155, 26.70,  6.46
 0.160, 26.59,  6.42
 0.165, 26.50,  6.38
 0.170, 26.39,  6.33
 0.175, 26.29,  6.29
 0.180, 26.19,  6.19
 0.185, 26.10,  6.12
 0.190, 26.02,  6.05
 0.195, 25.93,  5.94
 0.200, 25.85,  5.85
 0.205, 25.81,  5.74
 0.210, 25.73,  5.64
 0.215, 25.70,  5.52
 0.220, 25.70,  5.41
 0.225, 25.70,  5.30
 0.230, 25.68,  5.17
 0.235, 25.70,  5.06
 0.240, 25.71,  4.94
 0.245, 25.72,  4.83
 0.250, 25.75,  4.71
 0.255, 25.82,  4.64
 0.260, 25.86,  4.51
 0.265, 25.93,  4.43
 0.270, 26.03,  4.36
 0.275, 26.10,  4.29
 0.280, 26.19,  4.23
 0.285, 26.28,  4.18
 0.290, 26.38,  4.13
 0.295, 26.48,  4.09
 0.300, 26.60,  4.07
 0.305, 26.72,  4.05
 0.310, 26.83,  4.06
 0.315, 26.95,  4.07
 0.320, 27.05,  4.10
 0.325, 27.14,  4.12
 0.330, 27.22,  4.17
 0.335, 27.25,  4.21
 0.340, 27.27,  4.24
 0.345, 27.25,  4.31
 0.350, 27.20,  4.36
 0.355, 27.11,  4.43
 0.360, 26.99,  4.45
 0.365, 26.81,  4.52
 0.370, 26.62,  4.56
 0.375, 26.45,  4.60
 0.380, 26.25,  4.63
 0.385, 26.11,  4.63
 0.390, 25.95,  4.65
 0.395, 25.83,  4.64
 0.400, 25.77,  4.64
 0.405, 25.71,  4.64
 0.410, 25.70,  4.63
 0.415, 25.68,  4.63
 0.420, 25.68,  4.63
 0.425, 25.70,  4.64
 0.430, 25.70,  4.66
 0.435, 25.72,  4.66
 0.440, 25.74,  4.69
 0.445, 25.75,  4.70
 0.450, 25.81,  4.72
 0.455, 25.83,  4.74
 0.460, 25.88,  4.75
 0.465, 25.93,  4.75
 0.470, 26.00,  4.77
 0.475, 26.07,  4.78
 0.480, 26.14,  4.78
 0.485, 26.24,  4.79
 0.490, 26.30,  4.83
 0.495, 26.37,  4.85
 0.500, 26.45,  4.90
 0.505, 26.52,  4.96
 0.510, 26.58,  5.05
 0.515, 26.68,  5.09
 0.520, 26.78,  5.19
 0.525, 26.90,  5.25
 0.530, 27.03,  5.30
 0.535, 27.17,  5.35
 0.540, 27.31,  5.41
 0.545, 27.41,  5.47
 0.550, 27.49,  5.51
 0.555, 27.51,  5.53
 0.560, 27.51,  5.55
 0.565, 27.48,  5.57
 0.570, 27.43,  5.58
 0.575, 27.36,  5.56
 0.580, 27.29,  5.54
 0.585, 27.17,  5.52
 0.590, 27.06,  5.48
 0.595, 26.95,  5.40
 0.600, 26.84,  5.33
 0.605, 26.73,  5.27
 0.610, 26.65,  5.17
 0.615, 26.58,  5.07
 0.620, 26.50,  4.96
 0.625, 26.45,  4.86
 0.630, 26.39,  4.74
 0.635, 26.36,  4.61
 0.640, 26.36,  4.49
 0.645, 26.35,  4.37
 0.650, 26.36,  4.25
 0.655, 26.39,  4.14
 0.660, 26.44,  4.01
 0.665, 26.50,  3.94
 0.670, 26.58,  3.82
 0.675, 26.65,  3.78
 0.680, 26.73,  3.69
 0.685, 26.81,  3.64
 0.690, 26.93,  3.59
 0.695, 27.03,  3.56
 0.700, 27.16,  3.54
 0.705, 27.29,  3.53
 0.710, 27.43,  3.53
 0.715, 27.56,  3.54
 0.720, 27.70,  3.56
 0.725, 27.82,  3.58
 0.730, 27.93,  3.61
 0.735, 28.03,  3.67
 0.740, 28.09,  3.72
 0.745, 28.13,  3.77
 0.750, 28.14,  3.80
 0.755, 28.10,  3.85
 0.760, 28.03,  3.89
 0.765, 27.93,  3.92
 0.770, 27.79,  3.96
 0.775, 27.66,  3.97
 0.780, 27.48,  3.98
 0.785, 27.32,  3.99
 0.790, 27.15,  3.98
 0.795, 27.01,  3.97
 0.800, 26.90,  3.93
 0.805, 26.79,  3.91
 0.810, 26.70,  3.88
 0.815, 26.68,  3.86
 0.820, 26.60,  3.83
 0.825, 26.58,  3.81
 0.830, 26.54,  3.79
 0.835, 26.50,  3.79
 0.840, 26.48,  3.77
 0.845, 26.46,  3.79
 0.850, 26.44,  3.79
 0.855, 26.42,  3.79
 0.860, 26.41,  3.78
 0.865, 26.40,  3.77
 0.870, 26.38,  3.77
 0.875, 26.38,  3.75
 0.880, 26.41,  3.75
 0.885, 26.46,  3.75
 0.890, 26.48,  3.75
 0.895, 26.51,  3.77
 0.900, 26.54,  3.79
 0.905, 26.58,  3.79
 0.910, 26.63,  3.84
 0.915, 26.68,  3.88
 0.920, 26.72,  3.94
 0.925, 26.78,  4.01
 0.930, 26.83,  4.10
 0.935, 26.91,  4.18
 0.940, 27.01,  4.25
 0.945, 27.11,  4.38
 0.950, 27.23,  4.46
 0.955, 27.35,  4.55
 0.960, 27.49,  4.65
 0.965, 27.62,  4.74
 0.970, 27.77,  4.84
 0.975, 27.88,  4.94
 0.980, 27.96,  5.07
 0.985, 28.03,  5.15
 0.990, 28.05,  5.25
 0.995, 28.04,  5.31
 1.000, 27.99,  5.37
 1.005, 27.90,  5.42
 1.010, 27.78,  5.48
 1.015, 27.63,  5.49
 1.020, 27.47,  5.49
 1.025, 27.31,  5.47
 1.030, 27.15,  5.46
 1.035, 27.01,  5.39
 1.040, 26.88,  5.34
 1.045, 26.76,  5.30
 1.050, 26.67,  5.22
 1.055, 26.58,  5.12
 1.060, 26.49,  5.03
 1.065, 26.44,  4.93
 1.070, 26.37,  4.83
 1.075, 26.36,  4.72
 1.080, 26.31,  4.63
 1.085, 26.28,  4.50
 1.090, 26.26,  4.41
 1.095, 26.27,  4.29
 1.100, 26.31,  4.20
 1.105, 26.35,  4.12
 1.110, 26.39,  4.03
 1.115, 26.47,  3.98
 1.120, 26.55,  3.91
 1.125, 26.61,  3.87
 1.130, 26.71,  3.83
 1.135, 26.83,  3.81
 1.140, 26.93,  3.80
 1.145, 27.04,  3.80
 1.150, 27.13,  3.82
 1.155, 27.23,  3.84
 1.160, 27.32,  3.88
 1.165, 27.38,  3.90
 1.170, 27.44,  3.94
 1.175, 27.47,  3.97
 1.180, 27.50,  4.00
 1.185, 27.53,  4.01
 1.190, 27.49,  4.07
 1.195, 27.45,  4.10
 1.200, 27.36,  4.15
 1.205, 27.23,  4.19
 1.210, 27.11,  4.22
 1.215, 26.96,  4.25
 1.220, 26.80,  4.31
 1.225, 26.67,  4.32
 1.230, 26.54,  4.35
 1.235, 26.42,  4.35
 1.240, 26.31,  4.38
 1.245, 26.24,  4.41
 1.250, 26.14,  4.41
 1.255, 26.10,  4.44
 1.260, 26.05,  4.44
 1.265, 26.02,  4.45
 1.270, 25.99,  4.46
 1.275, 25.96,  4.46
 1.280, 25.96,  4.47
 1.285, 25.96,  4.48
 1.290, 25.96,  4.47
 1.295, 25.98,  4.46
 1.300, 26.01,  4.46
 1.305, 26.02,  4.44
 1.310, 26.05,  4.44
 1.315, 26.09,  4.42
 1.320, 26.14,  4.40
 1.325, 26.16,  4.37
 1.330, 26.24,  4.34
 1.335, 26.27,  4.34
 1.340, 26.35,  4.32
 1.345, 26.39,  4.33
 1.350, 26.47,  4.31
 1.355, 26.52,  4.34
 1.360, 26.57,  4.37
 1.365, 26.63,  4.41
 1.370, 26.71,  4.42
 1.375, 26.80,  4.43
 1.380, 26.90,  4.45
 1.385, 27.02,  4.47
 1.390, 27.13,  4.52
 1.395, 27.25,  4.53
 1.400, 27.32,  4.56
 1.405, 27.37,  4.60
 1.410, 27.40,  4.59
 1.415, 27.39,  4.61
 1.420, 27.39,  4.62
 1.425, 27.35,  4.62
 1.430, 27.32,  4.64
 1.435, 27.28,  4.64
 1.440, 27.22,  4.64
 1.445, 27.14,  4.63
 1.450, 27.10,  4.61
 1.455, 27.02,  4.61
 1.460, 26.97,  4.58
 1.465, 26.90,  4.54
 1.470, 26.86,  4.51
 1.475, 26.81,  4.48
 1.480, 26.77,  4.45
 1.485, 26.72,  4.38
 1.490, 26.69,  4.32
 1.495, 26.69,  4.26
 1.500, 26.67,  4.20
 1.505, 26.67,  4.13
 1.510, 26.68,  4.09
 1.515, 26.70,  4.01
 1.520, 26.72,  3.95
 1.525, 26.79,  3.89
 1.530, 26.83,  3.83
 1.535, 26.90,  3.79
 1.540, 26.97,  3.77
 1.545, 27.03,  3.73
 1.550, 27.12,  3.67
 1.555, 27.21,  3.66
 1.560, 27.27,  3.62
 1.565, 27.34,  3.61
 1.570, 27.44,  3.59
 1.575, 27.53,  3.58
 1.580, 27.59,  3.59
 1.585, 27.66,  3.62
 1.590, 27.68,  3.65
 1.595, 27.71,  3.68
 1.600, 27.69,  3.71
 1.605, 27.65,  3.74
 1.610, 27.55,  3.76
 1.615, 27.43,  3.79
 1.620, 27.29,  3.79
 1.625, 27.12,  3.82
 1.630, 26.93,  3.82
 1.635, 26.77,  3.82
 1.640, 26.61,  3.80
 1.645, 26.47,  3.77
 1.650, 26.36,  3.77
 1.655, 26.27,  3.71
 1.660, 26.20,  3.69
 1.665, 26.14,  3.66
 1.670, 26.14,  3.61
 1.675, 26.11,  3.60
 1.680, 26.08,  3.58
 1.685, 26.08,  3.57
 1.690, 26.07,  3.57
 1.695, 26.07,  3.55
 1.700, 26.07,  3.53
 1.705, 26.09,  3.54
 1.710, 26.12,  3.53
 1.715, 26.14,  3.53
 1.720, 26.16,  3.52
 1.725, 26.22,  3.52
 1.730, 26.26,  3.53
 1.735, 26.34,  3.52
 1.740, 26.38,  3.54
 1.745, 26.46,  3.53
 1.750, 26.50,  3.55
 1.755, 26.57,  3.57
 1.760, 26.63,  3.58
 1.765, 26.69,  3.63
 1.770, 26.74,  3.67
 1.775, 26.81,  3.73
 1.780, 26.90,  3.77
 1.785, 27.01,  3.83
 1.790, 27.12,  3.89
 1.795, 27.23,  3.97
 1.800, 27.40,  4.01
 1.805, 27.55,  4.07
 1.810, 27.71,  4.11
 1.815, 27.84,  4.17
 1.820, 28.00,  4.20
 1.825, 28.11,  4.26
 1.830, 28.20,  4.31
 1.835, 28.24,  4.34
 1.840, 28.24,  4.39
 1.845, 28.21,  4.40
 1.850, 28.17,  4.43
 1.855, 28.08,  4.42
 1.860, 27.96,  4.44
 1.865, 27.82,  4.44
 1.870, 27.67,  4.42
 1.875, 27.55,  4.41
 1.880, 27.40,  4.38
 1.885, 27.25,  4.31
 1.890, 27.13,  4.26
 1.895, 27.02,  4.20
 1.900, 26.92,  4.16
 1.905, 26.80,  4.09
 1.910, 26.72,  4.02
 1.915, 26.64,  3.93
 1.920, 26.58,  3.82
 1.925, 26.50,  3.75
 1.930, 26.47,  3.67
 1.935, 26.45,  3.57
 1.940, 26.42,  3.49
 1.945, 26.40,  3.39
 1.950, 26.40,  3.31
 1.955, 26.44,  3.23
 1.960, 26.45,  3.15
 1.965, 26.49,  3.07
 1.970, 26.55,  3.01
 1.975, 26.59,  2.93
 1.980, 26.67,  2.89
 1.985, 26.73,  2.82
 1.990, 26.80,  2.76
 1.995, 26.89,  2.72
 2.000, 26.97,  2.70
 2.005, 27.03,  2.68
 2.010, 27.13,  2.66
 2.015, 27.23,  2.68
 2.020, 27.33,  2.68
 2.025, 27.41,  2.70
 2.030, 27.49,  2.71
 2.035, 27.55,  2.76
 2.040, 27.60,  2.78
 2.045, 27.64,  2.83
 2.050, 27.65,  2.89
 2.055, 27.60,  2.93
 2.060, 27.55,  3.00
 2.065, 27.43,  3.05
 2.070, 27.32,  3.13
 2.075, 27.18,  3.16
 2.080, 27.01,  3.23
 2.085, 26.87,  3.27
 2.090, 26.69,  3.31
 2.095, 26.55,  3.34
 2.100, 26.40,  3.36
 2.105, 26.28,  3.37
 2.110, 26.16,  3.38
 2.115, 26.08,  3.38
 2.120, 26.03,  3.40
 2.125, 25.99,  3.39
 2.130, 25.95,  3.41
 2.135, 25.95,  3.43
 2.140, 25.94,  3.46
 2.145, 25.97,  3.48
 2.150, 26.00,  3.51
 2.155, 26.02,  3.54
 2.160, 26.04,  3.56
 2.165, 26.06,  3.60
 2.170, 26.12,  3.61
 2.175, 26.15,  3.64
 2.180, 26.22,  3.68
 2.185, 26.28,  3.72
 2.190, 26.36,  3.76
 2.195, 26.43,  3.79
 2.200, 26.48,  3.85
 2.205, 26.57,  3.91
 2.210, 26.63,  3.98
 2.215, 26.70,  4.05
 2.220, 26.79,  4.12
 2.225, 26.84,  4.20
 2.230, 26.91,  4.28
 2.235, 27.00,  4.36
 2.240, 27.10,  4.44
 2.245, 27.21,  4.50
 2.250, 27.30,  4.58
 2.255, 27.40,  4.66
 2.260, 27.49,  4.75
 2.265, 27.56,  4.83
 2.270, 27.61,  4.88
 2.275, 27.60,  4.97
 2.280, 27.56,  5.03
 2.285, 27.49,  5.07
 2.290, 27.42,  5.09
 2.295, 27.29,  5.12
 2.300, 27.14,  5.14
 2.305, 26.99,  5.15
 2.310, 26.81,  5.14
 2.315, 26.64,  5.10
 2.320, 26.47,  5.07
 2.325, 26.32,  5.04
 2.330, 26.16,  4.99
 2.335, 26.03,  4.92
 2.340, 25.89,  4.87
 2.345, 25.78,  4.80
 2.350, 25.69,  4.71
 2.355, 25.59,  4.65
 2.360, 25.50,  4.58
 2.365, 25.47,  4.49
 2.370, 25.40,  4.44
 2.375, 25.38,  4.36
 2.380, 25.36,  4.27
 2.385, 25.34,  4.21
 2.390, 25.34,  4.15
 2.395, 25.36,  4.06
 2.400, 25.37,  4.02
 2.405, 25.39,  3.96
 2.410, 25.44,  3.87
 2.415, 25.49,  3.84
 2.420, 25.58,  3.77
 2.425, 25.65,  3.73
 2.430, 25.74,  3.70
 2.435, 25.84,  3.67
 2.440, 25.94,  3.65
 2.445, 26.07,  3.64
 2.450, 26.20,  3.63
 2.455, 26.33,  3.65
 2.460, 26.45,  3.65
 2.465, 26.56,  3.68
 2.470, 26.67,  3.71
 2.475, 26.78,  3.76
 2.480, 26.82,  3.80
 2.485, 26.88,  3.87
 2.490, 26.89,  3.90
 2.495, 26.85,  3.99
 2.500, 26.81,  4.03
 2.505, 26.69,  4.09
 2.510, 26.57,  4.17
 2.515, 26.42,  4.22
 2.520, 26.26,  4.27
 2.525, 26.08,  4.32
 2.530, 25.92,  4.34
 2.535, 25.76,  4.37
 2.540, 25.61,  4.41
 2.545, 25.49,  4.42
 2.550, 25.38,  4.42
 2.555, 25.29,  4.42
 2.560, 25.27,  4.41
 2.565, 25.24,  4.43
 2.570, 25.22,  4.43
 2.575, 25.21,  4.45
 2.580, 25.23,  4.46
 2.585, 25.26,  4.49
 2.590, 25.27,  4.51
 2.595, 25.29,  4.55
 2.600, 25.31,  4.58
 2.605, 25.34,  4.61
 2.610, 25.38,  4.64
 2.615, 25.42,  4.67
 2.620, 25.49,  4.70
 2.625, 25.51,  4.72
 2.630, 25.59,  4.77
 2.635, 25.63,  4.80
 2.640, 25.72,  4.86
 2.645, 25.80,  4.90
 2.650, 25.84,  4.95
 2.655, 25.93,  5.05
 2.660, 26.02,  5.09
 2.665, 26.06,  5.18
 2.670, 26.15,  5.27
 2.675, 26.24,  5.35
 2.680, 26.33,  5.44
 2.685, 26.44,  5.51
 2.690, 26.57,  5.57
 2.695, 26.69,  5.65
 2.700, 26.81,  5.71
 2.705, 26.94,  5.76
 2.710, 27.01,  5.82
 2.715, 27.04,  5.88
 2.720, 27.03,  5.91
 2.725, 27.02,  5.92
 2.730, 26.97,  5.95
 2.735, 26.89,  5.95
 2.740, 26.79,  5.96
 2.745, 26.68,  5.94
 2.750, 26.54,  5.91
 2.755, 26.40,  5.88
 2.760, 26.26,  5.81
 2.765, 26.14,  5.75
 2.770, 26.03,  5.69
 2.775, 25.92,  5.60
 2.780, 25.82,  5.52
 2.785, 25.73,  5.45
 2.790, 25.67,  5.35
 2.795, 25.61,  5.26
 2.800, 25.58,  5.16
 2.805, 25.50,  5.07
 2.810, 25.50,  4.96
 2.815, 25.49,  4.86
 2.820, 25.49,  4.75
 2.825, 25.50,  4.65
 2.830, 25.50,  4.54
 2.835, 25.54,  4.46
 2.840, 25.60,  4.37
 2.845, 25.63,  4.27
 2.850, 25.71,  4.21
 2.855, 25.81,  4.11
 2.860, 25.92,  4.04
 2.865, 26.01,  3.99
 2.870, 26.14,  3.94
 2.875, 26.27,  3.90
 2.880, 26.42,  3.86
 2.885, 26.58,  3.84
 2.890, 26.71,  3.83
 2.895, 26.90,  3.82
 2.900, 27.02,  3.83
 2.905, 27.19,  3.83
 2.910, 27.34,  3.87
 2.915, 27.44,  3.91
 2.920, 27.56,  3.96
 2.925, 27.65,  4.01
 2.930, 27.68,  4.06
 2.935, 27.67,  4.10
 2.940, 27.64,  4.17
 2.945, 27.56,  4.22
 2.950, 27.45,  4.25
 2.955, 27.31,  4.29
 2.960, 27.14,  4.33
 2.965, 26.95,  4.37
 2.970, 26.79,  4.40
 2.975, 26.61,  4.41
 2.980, 26.47,  4.42
 2.985, 26.36,  4.41
 2.990, 26.25,  4.39
 2.995, 26.21,  4.36
 3.000, 26.16,  4.34
 3.005, 26.14,  4.33
 3.010, 26.14,  4.32
 3.015, 26.13,  4.31
 3.020, 26.13,  4.32
 3.025, 26.13,  4.32
 3.030, 26.13,  4.34
 3.035, 26.14,  4.33
 3.040, 26.13,  4.34
 3.045, 26.13,  4.34
 3.050, 26.14,  4.36
 3.055, 26.15,  4.36
 3.060, 26.16,  4.37
 3.065, 26.20,  4.38
 3.070, 26.24,  4.38
 3.075, 26.28,  4.37
 3.080, 26.35,  4.39
 3.085, 26.38,  4.38
 3.090, 26.46,  4.39
 3.095, 26.48,  4.42
 3.100, 26.54,  4.44
 3.105, 26.57,  4.45
 3.110, 26.60,  4.50
 3.115, 26.67,  4.53
 3.120, 26.71,  4.60
 3.125, 26.80,  4.64
 3.130, 26.88,  4.69
 3.135, 26.98,  4.76
 3.140, 27.07,  4.83
 3.145, 27.22,  4.88
 3.150, 27.34,  4.93
 3.155, 27.50,  4.99
 3.160, 27.66,  5.04
 3.165, 27.78,  5.09
 3.170, 27.92,  5.12
 3.175, 28.00,  5.18
 3.180, 28.08,  5.25
 3.185, 28.14,  5.29
 3.190, 28.16,  5.31
 3.195, 28.14,  5.33
 3.200, 28.09,  5.36
 3.205, 28.03,  5.39
 3.210, 27.93,  5.37
 3.215, 27.81,  5.37
 3.220, 27.68,  5.34
 3.225, 27.57,  5.31
 3.230, 27.45,  5.27
 3.235, 27.34,  5.24
 3.240, 27.24,  5.17
 3.245, 27.15,  5.10
 3.250, 27.07,  5.06
 3.255, 27.00,  4.97
 3.260, 26.94,  4.89
 3.265, 26.90,  4.83
 3.270, 26.83,  4.73
 3.275, 26.80,  4.64
 3.280, 26.77,  4.55
 3.285, 26.73,  4.46
 3.290, 26.71,  4.40
 3.295, 26.70,  4.31
 3.300, 26.71,  4.22
 3.305, 26.72,  4.14
 3.310, 26.78,  4.07
 3.315, 26.80,  3.99
 3.320, 26.88,  3.92
 3.325, 26.92,  3.86
 3.330, 27.02,  3.81
 3.335, 27.12,  3.77
 3.340, 27.22,  3.75
 3.345, 27.34,  3.73
 3.350, 27.45,  3.71
 3.355, 27.62,  3.71
 3.360, 27.75,  3.71
 3.365, 27.88,  3.73
 3.370, 28.03,  3.77
 3.375, 28.17,  3.79
 3.380, 28.31,  3.81
 3.385, 28.43,  3.87
 3.390, 28.52,  3.94
 3.395, 28.63,  3.98
 3.400, 28.69,  4.04
 3.405, 28.71,  4.12
 3.410, 28.69,  4.15
 3.415, 28.64,  4.20
 3.420, 28.57,  4.21
 3.425, 28.43,  4.24
 3.430, 28.28,  4.27
 3.435, 28.09,  4.29
 3.440, 27.92,  4.32
 3.445, 27.74,  4.33
 3.450, 27.58,  4.34
 3.455, 27.44,  4.34
 3.460, 27.34,  4.33
 3.465, 27.25,  4.33
 3.470, 27.16,  4.35
 3.475, 27.10,  4.34
 3.480, 27.04,  4.36
 3.485, 27.00,  4.40
 3.490, 26.93,  4.41
 3.495, 26.89,  4.43
 3.500, 26.84,  4.44
 3.505, 26.79,  4.46
 3.510, 26.74,  4.47
 3.515, 26.69,  4.48
 3.520, 26.65,  4.51
 3.525, 26.60,  4.50
 3.530, 26.58,  4.52
 3.535, 26.58,  4.52
 3.540, 26.57,  4.53
 3.545, 26.58,  4.53
 3.550, 26.58,  4.54
 3.555, 26.58,  4.57
 3.560, 26.59,  4.59
 3.565, 26.61,  4.64
 3.570, 26.63,  4.66
 3.575, 26.61,  4.70
 3.580, 26.62,  4.78
 3.585, 26.63,  4.85
 3.590, 26.67,  4.91
 3.595, 26.68,  5.01
 3.600, 26.75,  5.09
 3.605, 26.80,  5.18
 3.610, 26.91,  5.28
 3.615, 27.01,  5.37
 3.620, 27.12,  5.46
 3.625, 27.24,  5.52
 3.630, 27.36,  5.61
 3.635, 27.45,  5.69
 3.640, 27.49,  5.74
 3.645, 27.48,  5.82
 3.650, 27.45,  5.87
 3.655, 27.40,  5.91
 3.660, 27.29,  5.91
 3.665, 27.19,  5.94
 3.670, 27.04,  5.94
 3.675, 26.90,  5.94
 3.680, 26.73,  5.92
 3.685, 26.59,  5.89
 3.690, 26.47,  5.83
 3.695, 26.35,  5.79
 3.700, 26.24,  5.73
 3.705, 26.14,  5.68
 3.710, 26.04,  5.59
 3.715, 25.98,  5.53
 3.720, 25.90,  5.44
 3.725, 25.83,  5.34
 3.730, 25.78,  5.23
 3.735, 25.73,  5.13
 3.740, 25.71,  5.03
 3.745, 25.70,  4.90
 3.750, 25.70,  4.81
 3.755, 25.70,  4.67
 3.760, 25.72,  4.58
 3.765, 25.77,  4.46
 3.770, 25.82,  4.39
 3.775, 25.89,  4.28
 3.780, 25.94,  4.22
 3.785, 26.05,  4.13
 3.790, 26.14,  4.05
 3.795, 26.24,  4.01
 3.800, 26.35,  3.94
 3.805, 26.47,  3.89
 3.810, 26.60,  3.86
 3.815, 26.72,  3.84
 3.820, 26.89,  3.80
 3.825, 27.01,  3.81
 3.830, 27.13,  3.83
 3.835, 27.23,  3.86
 3.840, 27.34,  3.88
 3.845, 27.42,  3.93
 3.850, 27.46,  3.99
 3.855, 27.50,  4.04
 3.860, 27.48,  4.11
 3.865, 27.44,  4.19
 3.870, 27.35,  4.25
 3.875, 27.22,  4.31
 3.880, 27.05,  4.39
 3.885, 26.89,  4.44
 3.890, 26.70,  4.47
 3.895, 26.47,  4.52
 3.900, 26.30,  4.56
 3.905, 26.10,  4.58
 3.910, 25.93,  4.61
 3.915, 25.80,  4.62
 3.920, 25.70,  4.62
 3.925, 25.61,  4.61
 3.930, 25.56,  4.61
 3.935, 25.56,  4.61
 3.940, 25.55,  4.63
 3.945, 25.58,  4.63
 3.950, 25.60,  4.65
 3.955, 25.61,  4.68
 3.960, 25.61,  4.71
 3.965, 25.63,  4.73
 3.970, 25.63,  4.77
 3.975, 25.68,  4.80
 3.980, 25.71,  4.81
 3.985, 25.74,  4.83
 3.990, 25.81,  4.88
 3.995, 25.85,  4.91
 4.000, 25.92,  4.94
 4.005, 25.97,  5.01
 4.010, 26.03,  5.04
 4.015, 26.09,  5.09
 4.020, 26.15,  5.15
 4.025, 26.18,  5.23
 4.030, 26.25,  5.30
 4.035, 26.28,  5.41
 4.040, 26.36,  5.50
 4.045, 26.43,  5.59
 4.050, 26.52,  5.68
 4.055, 26.65,  5.75
 4.060, 26.78,  5.86
 4.065, 26.91,  5.93
 4.070, 27.02,  6.01
 4.075, 27.07,  6.09
 4.080, 27.08,  6.14
 4.085, 27.02,  6.17
 4.090, 26.93,  6.20
 4.095, 26.80,  6.21
 4.100, 26.69,  6.22
 4.105, 26.52,  6.23
 4.110, 26.36,  6.22
 4.115, 26.22,  6.21
 4.120, 26.09,  6.18
 4.125, 25.98,  6.18
 4.130, 25.87,  6.13
 4.135, 25.79,  6.10
 4.140, 25.71,  6.06
 4.145, 25.63,  6.00
 4.150, 25.59,  5.95
 4.155, 25.51,  5.89
 4.160, 25.48,  5.81
 4.165, 25.44,  5.74
 4.170, 25.41,  5.66
 4.175, 25.38,  5.57
 4.180, 25.40,  5.46
 4.185, 25.39,  5.37
 4.190, 25.44,  5.28
 4.195, 25.49,  5.18
 4.200, 25.52,  5.08
 4.205, 25.60,  4.99
 4.210, 25.69,  4.91
 4.215, 25.76,  4.82
 4.220, 25.86,  4.72
 4.225, 25.95,  4.65
 4.230, 26.08,  4.58
 4.235, 26.22,  4.51
 4.240, 26.35,  4.44
 4.245, 26.48,  4.40
 4.250, 26.64,  4.35
 4.255, 26.80,  4.33
 4.260, 26.99,  4.32
 4.265, 27.14,  4.31
 4.270, 27.30,  4.33
 4.275, 27.43,  4.36
 4.280, 27.56,  4.41
 4.285, 27.66,  4.46
 4.290, 27.69,  4.54
 4.295, 27.69,  4.61
 4.300, 27.65,  4.68
 4.305, 27.55,  4.75
 4.310, 27.40,  4.81
 4.315, 27.23,  4.85
 4.320, 27.04,  4.88
 4.325, 26.82,  4.92
 4.330, 26.61,  4.96
 4.335, 26.41,  4.99
 4.340, 26.24,  5.00
 4.345, 26.06,  4.99
 4.350, 25.93,  4.97
 4.355, 25.83,  4.97
 4.360, 25.75,  4.96
 4.365, 25.71,  4.94
 4.370, 25.70,  4.93
 4.375, 25.70,  4.93
 4.380, 25.68,  4.94
 4.385, 25.70,  4.94
 4.390, 25.68,  4.95
 4.395, 25.69,  4.97
 4.400, 25.69,  4.97
 4.405, 25.66,  4.97
 4.410, 25.64,  4.97
 4.415, 25.63,  4.96
 4.420, 25.61,  4.95
 4.425, 25.61,  4.94
 4.430, 25.61,  4.95
 4.435, 25.61,  4.94
 4.440, 25.61,  4.95
 4.445, 25.61,  4.96
 4.450, 25.62,  4.98
 4.455, 25.65,  4.99
 4.460, 25.64,  5.02
 4.465, 25.67,  5.01
 4.470, 25.66,  5.05
 4.475, 25.69,  5.09
 4.480, 25.70,  5.10
 4.485, 25.72,  5.14
 4.490, 25.78,  5.23
 4.495, 25.86,  5.28
 4.500, 25.96,  5.34
 4.505, 26.08,  5.39
 4.510, 26.22,  5.45
 4.515, 26.35,  5.52
 4.520, 26.47,  5.56
 4.525, 26.57,  5.63
 4.530, 26.64,  5.68
 4.535, 26.66,  5.70
 4.540, 26.65,  5.71
 4.545, 26.59,  5.70
 4.550, 26.51,  5.70
 4.555, 26.40,  5.68
 4.560, 26.28,  5.66
 4.565, 26.15,  5.60
 4.570, 26.02,  5.55
 4.575, 25.89,  5.50
 4.580, 25.75,  5.44
 4.585, 25.65,  5.37
 4.590, 25.59,  5.31
 4.595, 25.50,  5.25
 4.600, 25.43,  5.19
 4.605, 25.39,  5.10
 4.610, 25.32,  5.02
 4.615, 25.28,  4.96
 4.620, 25.26,  4.87
 4.625, 25.20,  4.78
 4.630, 25.18,  4.68
 4.635, 25.16,  4.60
 4.640, 25.16,  4.50
 4.645, 25.15,  4.42
 4.650, 25.18,  4.35
 4.655, 25.18,  4.25
 4.660, 25.20,  4.19
 4.665, 25.27,  4.11
 4.670, 25.30,  4.04
 4.675, 25.37,  3.99
 4.680, 25.44,  3.95
 4.685, 25.51,  3.89
 4.690, 25.61,  3.84
 4.695, 25.71,  3.81
 4.700, 25.82,  3.77
 4.705, 25.93,  3.76
 4.710, 26.05,  3.73
 4.715, 26.18,  3.74
 4.720, 26.35,  3.73
 4.725, 26.47,  3.75
 4.730, 26.63,  3.77
 4.735, 26.79,  3.77
 4.740, 26.91,  3.80
 4.745, 27.03,  3.84
 4.750, 27.15,  3.90
 4.755, 27.23,  3.97
 4.760, 27.31,  4.01
 4.765, 27.34,  4.10
 4.770, 27.34,  4.19
 4.775, 27.32,  4.23
 4.780, 27.25,  4.29
 4.785, 27.19,  4.35
 4.790, 27.08,  4.39
 4.795, 26.96,  4.43
 4.800, 26.84,  4.44
 4.805, 26.69,  4.45
 4.810, 26.57,  4.44
 4.815, 26.45,  4.44
 4.820, 26.35,  4.42
 4.825, 26.25,  4.41
 4.830, 26.20,  4.38
 4.835, 26.15,  4.36
 4.840, 26.11,  4.37
 4.845, 26.06,  4.35
 4.850, 26.02,  4.35
 4.855, 25.95,  4.36
 4.860, 25.90,  4.38
 4.865, 25.83,  4.39
 4.870, 25.80,  4.40
 4.875, 25.72,  4.40
 4.880, 25.69,  4.42
 4.885, 25.61,  4.41
 4.890, 25.58,  4.42
 4.895, 25.51,  4.42
 4.900, 25.50,  4.42
 4.905, 25.45,  4.43
 4.910, 25.42,  4.43
 4.915, 25.41,  4.43
 4.920, 25.40,  4.44
 4.925, 25.40,  4.46
 4.930, 25.40,  4.49
 4.935, 25.40,  4.52
 4.940, 25.42,  4.56
 4.945, 25.44,  4.59
 4.950, 25.46,  4.64
 4.955, 25.48,  4.66
 4.960, 25.50,  4.72
 4.965, 25.53,  4.79
 4.970, 25.60,  4.84
 4.975, 25.64,  4.90
 4.980, 25.72,  4.97
 4.985, 25.83,  5.04
 4.990, 25.95,  5.12
 4.995, 26.09,  5.19
 5.000, 26.24,  5.25
 5.005, 26.37,  5.32
 5.010, 26.52,  5.38
 5.015, 26.65,  5.46
 5.020, 26.79,  5.51
 5.025, 26.87,  5.54
 5.030, 26.94,  5.59
 5.035, 26.97,  5.62
 5.040, 26.97,  5.65
 5.045, 26.97,  5.64
 5.050, 26.91,  5.63
 5.055, 26.86,  5.62
 5.060, 26.77,  5.61
 5.065, 26.68,  5.59
 5.070, 26.58,  5.55
 5.075, 26.48,  5.52
 5.080, 26.37,  5.49
 5.085, 26.28,  5.46
 5.090, 26.21,  5.41
 5.095, 26.14,  5.38
 5.100, 26.06,  5.33
 5.105, 25.99,  5.29
 5.110, 25.93,  5.24
 5.115, 25.89,  5.19
 5.120, 25.85,  5.11
 5.125, 25.82,  5.07
 5.130, 25.79,  4.99
 5.135, 25.76,  4.93
 5.140, 25.76,  4.87
 5.145, 25.75,  4.81
 5.150, 25.76,  4.73
 5.155, 25.78,  4.66
 5.160, 25.81,  4.62
 5.165, 25.84,  4.53
 5.170, 25.91,  4.45
 5.175, 25.94,  4.42
 5.180, 26.02,  4.34
 5.185, 26.11,  4.30
 5.190, 26.19,  4.23
 5.195, 26.26,  4.19
 5.200, 26.38,  4.13
 5.205, 26.49,  4.07
 5.210, 26.61,  4.03
 5.215, 26.74,  4.00
 5.220, 26.86,  4.00
 5.225, 27.01,  3.97
 5.230, 27.13,  3.96
 5.235, 27.23,  3.97
 5.240, 27.37,  3.98
 5.245, 27.49,  4.00
 5.250, 27.58,  4.03
 5.255, 27.66,  4.08
 5.260, 27.70,  4.14
 5.265, 27.71,  4.21
 5.270, 27.67,  4.27
 5.275, 27.60,  4.35
 5.280, 27.48,  4.42
 5.285, 27.34,  4.48
 5.290, 27.20,  4.55
 5.295, 27.02,  4.60
 5.300, 26.85,  4.64
 5.305, 26.68,  4.65
 5.310, 26.51,  4.67
 5.315, 26.37,  4.69
 5.320, 26.24,  4.69
 5.325, 26.14,  4.68
 5.330, 26.05,  4.68
 5.335, 26.02,  4.66
 5.340, 25.99,  4.65
 5.345, 25.98,  4.66
 5.350, 25.99,  4.64
 5.355, 25.99,  4.65
 5.360, 26.02,  4.66
 5.365, 26.03,  4.66
 5.370, 26.03,  4.66
 5.375, 26.06,  4.65
 5.380, 26.09,  4.65
 5.385, 26.11,  4.66
 5.390, 26.14,  4.66
 5.395, 26.18,  4.65
 5.400, 26.22,  4.66
 5.405, 26.25,  4.65
 5.410, 26.31,  4.66
 5.415, 26.36,  4.65
 5.420, 26.41,  4.66
 5.425, 26.47,  4.67
 5.430, 26.50,  4.69
 5.435, 26.56,  4.72
 5.440, 26.60,  4.75
 5.445, 26.64,  4.80
 5.450, 26.70,  4.85
 5.455, 26.77,  4.90
 5.460, 26.85,  4.98
 5.465, 26.94,  5.05
 5.470, 27.07,  5.09
 5.475, 27.18,  5.16
 5.480, 27.31,  5.24
 5.485, 27.43,  5.28
 5.490, 27.55,  5.34
 5.495, 27.62,  5.41
 5.500, 27.68,  5.47
 5.505, 27.69,  5.51
 5.510, 27.68,  5.54
 5.515, 27.63,  5.57
 5.520, 27.54,  5.59
 5.525, 27.45,  5.60
 5.530, 27.33,  5.61
 5.535, 27.21,  5.62
 5.540, 27.06,  5.60
 5.545, 26.93,  5.58
 5.550, 26.82,  5.54
 5.555, 26.72,  5.51
 5.560, 26.62,  5.48
 5.565, 26.53,  5.44
 5.570, 26.44,  5.39
 5.575, 26.36,  5.33
 5.580, 26.29,  5.28
 5.585, 26.24,  5.22
 5.590, 26.19,  5.14
 5.595, 26.15,  5.07
 5.600, 26.13,  4.99
 5.605, 26.12,  4.91
 5.610, 26.11,  4.85
 5.615, 26.12,  4.77
 5.620, 26.14,  4.67
 5.625, 26.15,  4.62
 5.630, 26.19,  4.54
 5.635, 26.25,  4.45
 5.640, 26.31,  4.41
 5.645, 26.38,  4.33
 5.650, 26.48,  4.26
 5.655, 26.57,  4.22
 5.660, 26.68,  4.18
 5.665, 26.78,  4.13
 5.670, 26.91,  4.10
 5.675, 27.03,  4.10
 5.680, 27.20,  4.08
 5.685, 27.34,  4.09
 5.690, 27.46,  4.07
 5.695, 27.61,  4.10
 5.700, 27.76,  4.10
 5.705, 27.88,  4.15
 5.710, 27.99,  4.19
 5.715, 28.11,  4.25
 5.720, 28.19,  4.33
 5.725, 28.20,  4.40
 5.730, 28.19,  4.45
 5.735, 28.14,  4.49
 5.740, 28.05,  4.57
 5.745, 27.92,  4.58
 5.750, 27.76,  4.62
 5.755, 27.56,  4.64
 5.760, 27.36,  4.65
 5.765, 27.17,  4.66
 5.770, 26.98,  4.65
 5.775, 26.82,  4.66
 5.780, 26.68,  4.64
 5.785, 26.58,  4.64
 5.790, 26.52,  4.63
 5.795, 26.47,  4.63
 5.800, 26.43,  4.63
 5.805, 26.37,  4.63
 5.810, 26.35,  4.65
 5.815, 26.31,  4.65
 5.820, 26.24,  4.66
 5.825, 26.18,  4.66
 5.830, 26.11,  4.65
 5.835, 26.05,  4.66
 5.840, 25.99,  4.65
 5.845, 25.93,  4.65
 5.850, 25.89,  4.66
 5.855, 25.86,  4.66
 5.860, 25.84,  4.65
 5.865, 25.81,  4.66
 5.870, 25.83,  4.66
 5.875, 25.84,  4.67
 5.880, 25.84,  4.69
 5.885, 25.85,  4.70
 5.890, 25.86,  4.70
 5.895, 25.87,  4.73
 5.900, 25.87,  4.77
 5.905, 25.88,  4.80
 5.910, 25.90,  4.85
 5.915, 25.92,  4.88
 5.920, 25.93,  4.97
 5.925, 25.96,  5.02
 5.930, 26.02,  5.09
 5.935, 26.10,  5.18
 5.940, 26.17,  5.27
 5.945, 26.28,  5.34
 5.950, 26.38,  5.42
 5.955, 26.52,  5.51
 5.960, 26.65,  5.57
 5.965, 26.77,  5.63
 5.970, 26.90,  5.70
 5.975, 26.98,  5.75
 5.980, 27.05,  5.82
 5.985, 27.07,  5.85
 5.990, 27.05,  5.86
 5.995, 27.00,  5.86
 6.000, 26.92,  5.86
 6.005, 26.82,  5.84
 6.010, 26.70,  5.80
 6.015, 26.59,  5.78
 6.020, 26.47,  5.73
 6.025, 26.36,  5.67
 6.030, 26.26,  5.61
 6.035, 26.18,  5.54
 6.040, 26.12,  5.50
 6.045, 26.05,  5.40
 6.050, 26.02,  5.32
 6.055, 25.97,  5.26
 6.060, 25.93,  5.17
 6.065, 25.92,  5.08
 6.070, 25.90,  5.00
 6.075, 25.90,  4.89
 6.080, 25.89,  4.80
 6.085, 25.91,  4.69
 6.090, 25.92,  4.61
 6.095, 25.93,  4.49
 6.100, 25.98,  4.41
 6.105, 26.03,  4.31
 6.110, 26.08,  4.21
 6.115, 26.15,  4.11
 6.120, 26.25,  4.02
 6.125, 26.34,  3.96
 6.130, 26.43,  3.88
 6.135, 26.55,  3.80
 6.140, 26.67,  3.76
 6.145, 26.79,  3.68
 6.150, 26.91,  3.62
 6.155, 27.07,  3.58
 6.160, 27.22,  3.56
 6.165, 27.38,  3.56
 6.170, 27.56,  3.54
 6.175, 27.73,  3.56
 6.180, 27.92,  3.56
 6.185, 28.08,  3.57
 6.190, 28.25,  3.61
 6.195, 28.41,  3.67
 6.200, 28.53,  3.74
 6.205, 28.63,  3.79
 6.210, 28.69,  3.88
 6.215, 28.70,  3.96
 6.220, 28.69,  4.01
 6.225, 28.64,  4.06
 6.230, 28.53,  4.12
 6.235, 28.40,  4.14
 6.240, 28.25,  4.14
 6.245, 28.08,  4.16
 6.250, 27.90,  4.15
 6.255, 27.72,  4.14
 6.260, 27.55,  4.12
 6.265, 27.41,  4.10
 6.270, 27.29,  4.06
 6.275, 27.23,  4.05
 6.280, 27.15,  4.03
 6.285, 27.12,  4.03
 6.290, 27.08,  4.03
 6.295, 27.03,  4.05
 6.300, 27.00,  4.06
 6.305, 26.92,  4.08
 6.310, 26.89,  4.10
 6.315, 26.81,  4.10
 6.320, 26.75,  4.12
 6.325, 26.68,  4.11
 6.330, 26.62,  4.13
 6.335, 26.56,  4.12
 6.340, 26.50,  4.13
 6.345, 26.46,  4.13
 6.350, 26.42,  4.16
 6.355, 26.40,  4.15
 6.360, 26.37,  4.16
 6.365, 26.37,  4.19
 6.370, 26.37,  4.20
 6.375, 26.38,  4.21
 6.380, 26.38,  4.25
 6.385, 26.38,  4.28
 6.390, 26.37,  4.32
 6.395, 26.37,  4.37
 6.400, 26.37,  4.41
 6.405, 26.35,  4.44
 6.410, 26.36,  4.52
 6.415, 26.36,  4.59
 6.420, 26.39,  4.67
 6.425, 26.44,  4.75
 6.430, 26.50,  4.83
 6.435, 26.59,  4.92
 6.440, 26.69,  4.98
 6.445, 26.81,  5.06
 6.450, 26.92,  5.13
 6.455, 27.04,  5.20
 6.460, 27.13,  5.27
 6.465, 27.23,  5.32
 6.470, 27.29,  5.38
 6.475, 27.31,  5.43
 6.480, 27.29,  5.47
 6.485, 27.27,  5.46
 6.490, 27.23,  5.49
 6.495, 27.16,  5.48
 6.500, 27.10,  5.47
 6.505, 27.01,  5.47
 6.510, 26.92,  5.44
 6.515, 26.83,  5.42
 6.520, 26.76,  5.37
 6.525, 26.69,  5.34
 6.530, 26.63,  5.30
 6.535, 26.58,  5.25
 6.540, 26.53,  5.21
 6.545, 26.47,  5.15
 6.550, 26.46,  5.08
 6.555, 26.42,  5.04
 6.560, 26.39,  4.97
 6.565, 26.39,  4.89
 6.570, 26.36,  4.82
 6.575, 26.36,  4.75
 6.580, 26.37,  4.67
 6.585, 26.38,  4.59
 6.590, 26.42,  4.52
 6.595, 26.46,  4.44
 6.600, 26.48,  4.38
 6.605, 26.55,  4.31
 6.610, 26.61,  4.24
 6.615, 26.69,  4.19
 6.620, 26.78,  4.12
 6.625, 26.84,  4.06
 6.630, 26.96,  4.00
 6.635, 27.06,  3.96
 6.640, 27.16,  3.92
 6.645, 27.28,  3.89
 6.650, 27.41,  3.85
 6.655, 27.54,  3.83
 6.660, 27.67,  3.81
 6.665, 27.81,  3.80
 6.670, 27.95,  3.80
 6.675, 28.08,  3.80
 6.680, 28.21,  3.83
 6.685, 28.32,  3.85
 6.690, 28.43,  3.89
 6.695, 28.52,  3.93
 6.700, 28.59,  3.97
 6.705, 28.64,  4.00
 6.710, 28.64,  4.04
 6.715, 28.64,  4.07
 6.720, 28.59,  4.14
 6.725, 28.52,  4.15
 6.730, 28.42,  4.17
 6.735, 28.30,  4.19
 6.740, 28.16,  4.22
 6.745, 28.03,  4.20
 6.750, 27.92,  4.21
 6.755, 27.80,  4.20
 6.760, 27.71,  4.20
 6.765, 27.60,  4.19
 6.770, 27.54,  4.20
 6.775, 27.48,  4.19
 6.780, 27.42,  4.22
 6.785, 27.34,  4.20
 6.790, 27.28,  4.22
 6.795, 27.21,  4.23
 6.800, 27.13,  4.25
 6.805, 27.05,  4.25
 6.810, 27.00,  4.27
 6.815, 26.90,  4.27
 6.820, 26.81,  4.29
 6.825, 26.75,  4.31
 6.830, 26.68,  4.31
 6.835, 26.60,  4.29
 6.840, 26.57,  4.32
 6.845, 26.49,  4.30
 6.850, 26.46,  4.32
 6.855, 26.42,  4.33
 6.860, 26.39,  4.33
 6.865, 26.36,  4.33
 6.870, 26.35,  4.36
 6.875, 26.34,  4.36
 6.880, 26.31,  4.41
 6.885, 26.29,  4.43
 6.890, 26.26,  4.43
 6.895, 26.26,  4.48
 6.900, 26.25,  4.51
 6.905, 26.24,  4.58
 6.910, 26.25,  4.60
 6.915, 26.25,  4.66
 6.920, 26.27,  4.73
 6.925, 26.35,  4.80
 6.930, 26.39,  4.90
 6.935, 26.47,  4.98
 6.940, 26.57,  5.07
 6.945, 26.67,  5.14
 6.950, 26.75,  5.23
 6.955, 26.86,  5.31
 6.960, 26.92,  5.40
 6.965, 26.96,  5.48
 6.970, 26.99,  5.53
 6.975, 26.98,  5.58
 6.980, 26.97,  5.64
 6.985, 26.92,  5.67
 6.990, 26.86,  5.71
 6.995, 26.79,  5.72
 7.000, 26.70,  5.72
 7.005, 26.61,  5.72
 7.010, 26.53,  5.74
 7.015, 26.42,  5.72
 7.020, 26.35,  5.70
 7.025, 26.25,  5.66
 7.030, 26.16,  5.62
 7.035, 26.13,  5.56
 7.040, 26.04,  5.50
 7.045, 26.01,  5.44
 7.050, 25.95,  5.36
 7.055, 25.93,  5.29
 7.060, 25.92,  5.21
 7.065, 25.92,  5.09
 7.070, 25.91,  5.01
 7.075, 25.92,  4.92
 7.080, 25.93,  4.84
 7.085, 25.97,  4.72
 7.090, 26.03,  4.64
 7.095, 26.07,  4.55
 7.100, 26.14,  4.45
 7.105, 26.24,  4.34
 7.110, 26.34,  4.29
 7.115, 26.44,  4.22
 7.120, 26.56,  4.15
 7.125, 26.69,  4.09
 7.130, 26.85,  4.03
 7.135, 27.01,  4.01
 7.140, 27.17,  3.98
 7.145, 27.34,  3.96
 7.150, 27.51,  3.92
 7.155, 27.68,  3.92
 7.160, 27.83,  3.93
 7.165, 27.96,  3.97
 7.170, 28.08,  4.00
 7.175, 28.14,  4.05
 7.180, 28.17,  4.13
 7.185, 28.13,  4.18
 7.190, 28.05,  4.21
 7.195, 27.91,  4.25
 7.200, 27.76,  4.30
 7.205, 27.55,  4.33
 7.210, 27.34,  4.36
 7.215, 27.13,  4.38
 7.220, 26.91,  4.40
 7.225, 26.74,  4.41
 7.230, 26.58,  4.40
 7.235, 26.45,  4.36
 7.240, 26.35,  4.34
 7.245, 26.26,  4.32
 7.250, 26.22,  4.31
 7.255, 26.16,  4.29
 7.260, 26.15,  4.29
 7.265, 26.15,  4.28
 7.270, 26.15,  4.31
 7.275, 26.14,  4.31
 7.280, 26.13,  4.32
 7.285, 26.12,  4.32
 7.290, 26.08,  4.33
 7.295, 26.07,  4.34
 7.300, 26.07,  4.36
 7.305, 26.08,  4.36
 7.310, 26.08,  4.37
 7.315, 26.10,  4.36
 7.320, 26.14,  4.38
 7.325, 26.15,  4.40
 7.330, 26.18,  4.42
 7.335, 26.22,  4.44
 7.340, 26.24,  4.47
 7.345, 26.26,  4.51
 7.350, 26.28,  4.58
 7.355, 26.31,  4.64
 7.360, 26.36,  4.70
 7.365, 26.41,  4.78
 7.370, 26.48,  4.85
 7.375, 26.58,  4.94
 7.380, 26.69,  5.05
 7.385, 26.80,  5.12
 7.390, 26.96,  5.20
 7.395, 27.09,  5.30
 7.400, 27.22,  5.36
 7.405, 27.31,  5.46
 7.410, 27.40,  5.52
 7.415, 27.43,  5.58
 7.420, 27.43,  5.64
 7.425, 27.40,  5.67
 7.430, 27.34,  5.70
 7.435, 27.24,  5.71
 7.440, 27.12,  5.72
 7.445, 27.01,  5.71
 7.450, 26.85,  5.71
 7.455, 26.72,  5.67
 7.460, 26.58,  5.62
 7.465, 26.47,  5.59
 7.470, 26.37,  5.54
 7.475, 26.27,  5.50
 7.480, 26.20,  5.45
 7.485, 26.15,  5.37
 7.490, 26.10,  5.30
 7.495, 26.06,  5.23
 7.500, 26.03,  5.14
 7.505, 26.01,  5.06
 7.510, 25.98,  4.95
 7.515, 25.98,  4.87
 7.520, 25.97,  4.77
 7.525, 25.99,  4.67
 7.530, 26.01,  4.58
 7.535, 26.03,  4.49
 7.540, 26.06,  4.43
 7.545, 26.13,  4.32
 7.550, 26.18,  4.24
 7.555, 26.26,  4.18
 7.560, 26.34,  4.09
 7.565, 26.42,  4.00
 7.570, 26.51,  3.95
 7.575, 26.61,  3.89
 7.580, 26.74,  3.85
 7.585, 26.88,  3.80
 7.590, 26.99,  3.78
 7.595, 27.12,  3.75
 7.600, 27.25,  3.76
 7.605, 27.39,  3.76
 7.610, 27.53,  3.75
 7.615, 27.65,  3.76
 7.620, 27.76,  3.77
 7.625, 27.86,  3.79
 7.630, 27.93,  3.85
 7.635, 27.97,  3.93
 7.640, 27.97,  3.99
 7.645, 27.96,  4.05
 7.650, 27.88,  4.12
 7.655, 27.77,  4.19
 7.660, 27.63,  4.23
 7.665, 27.47,  4.30
 7.670, 27.29,  4.34
 7.675, 27.11,  4.39
 7.680, 26.89,  4.43
 7.685, 26.69,  4.43
 7.690, 26.52,  4.44
 7.695, 26.35,  4.42
 7.700, 26.24,  4.42
 7.705, 26.14,  4.40
 7.710, 26.06,  4.34
 7.715, 26.03,  4.33
 7.720, 26.02,  4.31
 7.725, 26.01,  4.29
 7.730, 25.99,  4.27
 7.735, 25.99,  4.26
 7.740, 25.97,  4.27
 7.745, 25.95,  4.27
 7.750, 25.94,  4.28
 7.755, 25.93,  4.27
 7.760, 25.92,  4.28
 7.765, 25.91,  4.28
 7.770, 25.90,  4.27
 7.775, 25.90,  4.26
 7.780, 25.91,  4.24
 7.785, 25.93,  4.25
 7.790, 25.93,  4.24
 7.795, 25.95,  4.24
 7.800, 25.98,  4.23
 7.805, 26.02,  4.23
 7.810, 26.03,  4.25
 7.815, 26.05,  4.27
 7.820, 26.07,  4.30
 7.825, 26.12,  4.35
 7.830, 26.15,  4.40
 7.835, 26.21,  4.44
 7.840, 26.26,  4.52
 7.845, 26.36,  4.61
 7.850, 26.47,  4.66
 7.855, 26.58,  4.74
 7.860, 26.71,  4.81
 7.865, 26.86,  4.88
 7.870, 27.01,  4.95
 7.875, 27.12,  5.04
 7.880, 27.26,  5.09
 7.885, 27.34,  5.16
 7.890, 27.38,  5.22
 7.895, 27.38,  5.28
 7.900, 27.36,  5.29
 7.905, 27.31,  5.32
 7.910, 27.23,  5.35
 7.915, 27.11,  5.36
 7.920, 27.00,  5.37
 7.925, 26.85,  5.37
 7.930, 26.71,  5.33
 7.935, 26.60,  5.32
 7.940, 26.48,  5.28
 7.945, 26.36,  5.25
 7.950, 26.26,  5.19
 7.955, 26.17,  5.15
 7.960, 26.09,  5.09
 7.965, 26.03,  5.04
 7.970, 25.93,  4.95
 7.975, 25.92,  4.88
 7.980, 25.85,  4.80
 7.985, 25.82,  4.71
 7.990, 25.80,  4.63
 7.995, 25.77,  4.55
 8.000, 25.76,  4.46
 8.005, 25.76,  4.37
 8.010, 25.80,  4.27
 8.015, 25.82,  4.21
 8.020, 25.86,  4.13
 8.025, 25.93,  4.04
 8.030, 25.98,  3.99
 8.035, 26.05,  3.91
 8.040, 26.12,  3.86
 8.045, 26.17,  3.80
 8.050, 26.25,  3.75
 8.055, 26.35,  3.69
 8.060, 26.45,  3.66
 8.065, 26.57,  3.62
 8.070, 26.67,  3.59
 8.075, 26.78,  3.58
 8.080, 26.89,  3.58
 8.085, 27.01,  3.59
 8.090, 27.13,  3.61
 8.095, 27.24,  3.61
 8.100, 27.32,  3.66
 8.105, 27.36,  3.70
 8.110, 27.36,  3.76
 8.115, 27.36,  3.80
 8.120, 27.31,  3.85
 8.125, 27.21,  3.90
 8.130, 27.07,  3.99
 8.135, 26.92,  4.00
 8.140, 26.76,  4.01
 8.145, 26.57,  4.07
 8.150, 26.37,  4.09
 8.155, 26.19,  4.11
 8.160, 26.03,  4.10
 8.165, 25.92,  4.08
 8.170, 25.81,  4.07
 8.175, 25.71,  4.07
 8.180, 25.67,  4.03
 8.185, 25.62,  4.02
 8.190, 25.62,  4.01
 8.195, 25.61,  4.01
 8.200, 25.61,  4.02
 8.205, 25.60,  4.02
 8.210, 25.60,  4.02
 8.215, 25.60,  4.02
 8.220, 25.59,  4.01
 8.225, 25.57,  4.01
 8.230, 25.56,  4.01
 8.235, 25.55,  4.00
 8.240, 25.56,  4.00
 8.245, 25.59,  3.99
 8.250, 25.61,  3.99
 8.255, 25.62,  3.99
 8.260, 25.65,  4.00
 8.265, 25.70,  4.01
 8.270, 25.72,  4.03
 8.275, 25.75,  4.06
 8.280, 25.80,  4.10
 8.285, 25.82,  4.15
 8.290, 25.88,  4.22
 8.295, 25.94,  4.28
 8.300, 26.02,  4.37
 8.305, 26.13,  4.44
 8.310, 26.25,  4.52
 8.315, 26.37,  4.62
 8.320, 26.50,  4.70
 8.325, 26.63,  4.79
 8.330, 26.74,  4.87
 8.335, 26.84,  4.94
 8.340, 26.90,  5.03
 8.345, 26.96,  5.06
 8.350, 26.96,  5.09
 8.355, 26.92,  5.10
 8.360, 26.85,  5.11
 8.365, 26.77,  5.09
 8.370, 26.65,  5.09
 8.375, 26.52,  5.06
 8.380, 26.37,  5.02
 8.385, 26.24,  4.95
 8.390, 26.09,  4.90
 8.395, 25.96,  4.86
 8.400, 25.86,  4.80
 8.405, 25.77,  4.74
 8.410, 25.70,  4.70
 8.415, 25.61,  4.64
 8.420, 25.58,  4.59
 8.425, 25.51,  4.49
 8.430, 25.49,  4.42
 8.435, 25.45,  4.33
 8.440, 25.42,  4.24
 8.445, 25.41,  4.16
 8.450, 25.39,  4.07
 8.455, 25.39,  4.00
 8.460, 25.40,  3.90
 8.465, 25.42,  3.81
 8.470, 25.48,  3.73
 8.475, 25.50,  3.66
 8.480, 25.55,  3.60
 8.485, 25.59,  3.52
 8.490, 25.65,  3.47
 8.495, 25.71,  3.41
 8.500, 25.81,  3.36
 8.505, 25.91,  3.32
 8.510, 25.98,  3.26
 8.515, 26.06,  3.24
 8.520, 26.17,  3.21
 8.525, 26.27,  3.17
 8.530, 26.39,  3.16
 8.535, 26.52,  3.15
 8.540, 26.66,  3.15
 8.545, 26.79,  3.16
 8.550, 26.91,  3.19
 8.555, 27.01,  3.23
 8.560, 27.13,  3.25
 8.565, 27.23,  3.33
 8.570, 27.26,  3.37
 8.575, 27.28,  3.47
 8.580, 27.23,  3.54
 8.585, 27.19,  3.59
 8.590, 27.07,  3.68
 8.595, 26.90,  3.76
 8.600, 26.76,  3.79
 8.605, 26.57,  3.84
 8.610, 26.35,  3.89
 8.615, 26.14,  3.90
 8.620, 25.96,  3.91
 8.625, 25.82,  3.92
 8.630, 25.69,  3.90
 8.635, 25.60,  3.86
 8.640, 25.57,  3.83
 8.645, 25.55,  3.80
 8.650, 25.54,  3.79
 8.655, 25.58,  3.77
 8.660, 25.59,  3.76
 8.665, 25.60,  3.77
 8.670, 25.62,  3.76
 8.675, 25.63,  3.77
 8.680, 25.63,  3.78
 8.685, 25.63,  3.76
 8.690, 25.63,  3.78
 8.695, 25.63,  3.77
 8.700, 25.62,  3.75
 8.705, 25.63,  3.75
 8.710, 25.65,  3.73
 8.715, 25.68,  3.75
 8.720, 25.69,  3.75
 8.725, 25.72,  3.76
 8.730, 25.73,  3.80
 8.735, 25.73,  3.82
 8.740, 25.74,  3.85
 8.745, 25.73,  3.91
 8.750, 25.74,  3.94
 8.755, 25.73,  4.01
 8.760, 25.74,  4.06
 8.765, 25.77,  4.16
 8.770, 25.82,  4.24
 8.775, 25.87,  4.31
 8.780, 25.95,  4.42
 8.785, 26.05,  4.49
 8.790, 26.16,  4.60
 8.795, 26.28,  4.69
 8.800, 26.40,  4.77
 8.805, 26.49,  4.85
 8.810, 26.58,  4.92
 8.815, 26.61,  5.01
 8.820, 26.60,  5.07
 8.825, 26.58,  5.11
 8.830, 26.52,  5.12
 8.835, 26.44,  5.12
 8.840, 26.31,  5.12
 8.845, 26.18,  5.11
 8.850, 26.04,  5.07
 8.855, 25.91,  5.06
 8.860, 25.77,  5.01
 8.865, 25.64,  4.95
 8.870, 25.54,  4.89
 8.875, 25.48,  4.84
 8.880, 25.40,  4.78
 8.885, 25.33,  4.70
 8.890, 25.28,  4.64
 8.895, 25.24,  4.55
 8.900, 25.19,  4.46
 8.905, 25.17,  4.37
 8.910, 25.16,  4.27
 8.915, 25.16,  4.17
 8.920, 25.15,  4.06
 8.925, 25.16,  3.95
 8.930, 25.16,  3.86
 8.935, 25.17,  3.78
 8.940, 25.19,  3.69
 8.945, 25.25,  3.60
 8.950, 25.28,  3.51
 8.955, 25.36,  3.42
 8.960, 25.41,  3.35
 8.965, 25.49,  3.29
 8.970, 25.57,  3.21
 8.975, 25.64,  3.17
 8.980, 25.72,  3.14
 8.985, 25.82,  3.08
 8.990, 25.94,  3.04
 8.995, 26.04,  3.03
 9.000, 26.15,  3.00
 9.005, 26.26,  3.00
 9.010, 26.38,  3.00
 9.015, 26.50,  3.01
 9.020, 26.63,  3.03
 9.025, 26.71,  3.06
 9.030, 26.79,  3.11
 9.035, 26.83,  3.17
 9.040, 26.85,  3.25
 9.045, 26.81,  3.35
 9.050, 26.76,  3.45
 9.055, 26.63,  3.55
 9.060, 26.50,  3.64
 9.065, 26.34,  3.71
 9.070, 26.15,  3.78
 9.075, 25.94,  3.84
 9.080, 25.73,  3.90
 9.085, 25.51,  3.97
 9.090, 25.32,  4.01
 9.095, 25.15,  4.01
 9.100, 24.98,  4.02
 9.105, 24.85,  4.03
 9.110, 24.76,  4.00
 9.115, 24.72,  4.00
 9.120, 24.69,  3.97
 9.125, 24.69,  3.97
 9.130, 24.72,  3.96
 9.135, 24.72,  3.95
 9.140, 24.73,  3.97
 9.145, 24.74,  3.97
 9.150, 24.75,  3.99
 9.155, 24.76,  4.00
 9.160, 24.77,  3.98
 9.165, 24.76,  4.00
 9.170, 24.76,  3.98
 9.175, 24.76,  3.98
 9.180, 24.77,  3.97
 9.185, 24.79,  3.96
 9.190, 24.83,  3.95
 9.195, 24.83,  3.95
 9.200, 24.85,  3.94
 9.205, 24.89,  3.95
 9.210, 24.92,  3.95
 9.215, 24.94,  3.96
 9.220, 24.96,  3.99
 9.225, 24.97,  4.01
 9.230, 24.98,  4.04
 9.235, 25.03,  4.07
 9.240, 25.04,  4.10
 9.245, 25.06,  4.16
 9.250, 25.09,  4.17
 9.255, 25.15,  4.22
 9.260, 25.20,  4.26
 9.265, 25.28,  4.30
 9.270, 25.35,  4.36
 9.275, 25.38,  4.37
 9.280, 25.40,  4.41
 9.285, 25.38,  4.42
 9.290, 25.30,  4.43
 9.295, 25.26,  4.41
 9.300, 25.16,  4.41
 9.305, 25.07,  4.38
 9.310, 24.98,  4.36
 9.315, 24.89,  4.32
 9.320, 24.82,  4.27
 9.325, 24.75,  4.24
 9.330, 24.65,  4.18
 9.335, 24.59,  4.14
 9.340, 24.53,  4.07
 9.345, 24.48,  4.00
 9.350, 24.43,  3.94
 9.355, 24.41,  3.86
 9.360, 24.40,  3.80
 9.365, 24.40,  3.73
 9.370, 24.38,  3.64
 9.375, 24.41,  3.59
 9.380, 24.42,  3.50
 9.385, 24.47,  3.44
 9.390, 24.50,  3.39
 9.395, 24.54,  3.34
 9.400, 24.61,  3.30
 9.405, 24.66,  3.23
 9.410, 24.72,  3.20
 9.415, 24.83,  3.17
 9.420, 24.94,  3.14
 9.425, 25.04,  3.11
 9.430, 25.16,  3.10
 9.435, 25.28,  3.08
 9.440, 25.41,  3.06
 9.445, 25.54,  3.06
 9.450, 25.67,  3.07
 9.455, 25.80,  3.11
 9.460, 25.93,  3.11
 9.465, 26.05,  3.14
 9.470, 26.16,  3.16
 9.475, 26.26,  3.22
 9.480, 26.30,  3.26
 9.485, 26.34,  3.32
 9.490, 26.28,  3.36
 9.495, 26.24,  3.42
 9.500, 26.14,  3.45
 9.505, 26.01,  3.53
 9.510, 25.83,  3.57
 9.515, 25.65,  3.59
 9.520, 25.48,  3.62
 9.525, 25.30,  3.62
 9.530, 25.17,  3.60
 9.535, 25.07,  3.59
 9.540, 24.97,  3.58
 9.545, 24.92,  3.55
 9.550, 24.86,  3.53
 9.555, 24.83,  3.52
 9.560, 24.83,  3.51
 9.565, 24.81,  3.48
 9.570, 24.78,  3.48
 9.575, 24.76,  3.48
 9.580, 24.75,  3.48
 9.585, 24.73,  3.49
 9.590, 24.72,  3.48
 9.595, 24.70,  3.47
 9.600, 24.67,  3.47
 9.605, 24.65,  3.48
 9.610, 24.64,  3.46
 9.615, 24.64,  3.44
 9.620, 24.62,  3.43
 9.625, 24.63,  3.42
 9.630, 24.66,  3.41
 9.635, 24.69,  3.42
 9.640, 24.72,  3.41
 9.645, 24.75,  3.43
 9.650, 24.77,  3.45
 9.655, 24.81,  3.50
 9.660, 24.83,  3.52
 9.665, 24.86,  3.57
 9.670, 24.87,  3.62
 9.675, 24.91,  3.68
 9.680, 24.97,  3.75
 9.685, 25.05,  3.84
 9.690, 25.16,  3.87
 9.695, 25.27,  3.96
 9.700, 25.40,  4.03
 9.705, 25.51,  4.12
 9.710, 25.63,  4.18
 9.715, 25.70,  4.25
 9.720, 25.72,  4.32
 9.725, 25.73,  4.37
 9.730, 25.71,  4.42
 9.735, 25.69,  4.47
 9.740, 25.63,  4.49
 9.745, 25.60,  4.50
 9.750, 25.50,  4.52
 9.755, 25.41,  4.54
 9.760, 25.34,  4.53
 9.765, 25.27,  4.52
 9.770, 25.17,  4.51
 9.775, 25.10,  4.49
 9.780, 25.06,  4.48
 9.785, 24.98,  4.44
 9.790, 24.95,  4.42
 9.795, 24.94,  4.37
 9.800, 24.90,  4.31
 9.805, 24.89,  4.25
 9.810, 24.88,  4.19
 9.815, 24.91,  4.12
 9.820, 24.93,  4.05
 9.825, 24.98,  3.97
 9.830, 25.04,  3.90
 9.835, 25.12,  3.83
 9.840, 25.19,  3.76
 9.845, 25.28,  3.70
 9.850, 25.38,  3.62
 9.855, 25.51,  3.58
 9.860, 25.60,  3.51
 9.865, 25.72,  3.45
 9.870, 25.85,  3.38
 9.875, 25.96,  3.36
 9.880, 26.12,  3.33
 9.885, 26.23,  3.31
 9.890, 26.36,  3.32
 9.895, 26.49,  3.32
 9.900, 26.57,  3.33
 9.905, 26.62,  3.35
 9.910, 26.66,  3.38
 9.915, 26.62,  3.43
 9.920, 26.57,  3.45
 9.925, 26.46,  3.54
 9.930, 26.32,  3.59
 9.935, 26.14,  3.65
 9.940, 25.95,  3.70
 9.945, 25.74,  3.77
 9.950, 25.58,  3.79
 9.955, 25.38,  3.81
 9.960, 25.20,  3.82
 9.965, 25.06,  3.82
 9.970, 24.91,  3.80
 9.975, 24.81,  3.79
 9.980, 24.71,  3.77
 9.985, 24.64,  3.72
 9.990, 24.63,  3.70
 9.995, 24.60,  3.67
10.000, 24.61,  3.65
10.005, 24.62,  3.63
10.010, 24.64,  3.61
10.015, 24.66,  3.61
10.020, 24.71,  3.61
10.025, 24.74,  3.60
10.030, 24.75,  3.59
10.035, 24.82,  3.59
10.040, 24.86,  3.58
10.045, 24.94,  3.56
10.050, 24.98,  3.58
10.055, 25.08,  3.58
10.060, 25.17,  3.56
10.065, 25.22,  3.59
10.070, 25.29,  3.61
10.075, 25.39,  3.64
10.080, 25.47,  3.67
10.085, 25.52,  3.72
10.090, 25.61,  3.77
10.095, 25.69,  3.84
10.100, 25.74,  3.89
10.105, 25.84,  3.95
10.110, 25.94,  4.01
10.115, 26.04,  4.07
10.120, 26.14,  4.12
10.125, 26.22,  4.19
10.130, 26.26,  4.25
10.135, 26.27,  4.28
10.140, 26.27,  4.33
10.145, 26.24,  4.37
10.150, 26.18,  4.41
10.155, 26.12,  4.44
10.160, 26.02,  4.44
10.165, 25.92,  4.44
10.170, 25.80,  4.43
10.175, 25.69,  4.43
10.180, 25.55,  4.41
10.185, 25.45,  4.37
10.190, 25.34,  4.34
10.195, 25.25,  4.27
10.200, 25.18,  4.23
10.205, 25.08,  4.18
10.210, 25.04,  4.12
10.215, 24.97,  4.06
10.220, 24.95,  3.99
10.225, 24.92,  3.93
10.230, 24.90,  3.84
10.235, 24.88,  3.77
10.240, 24.88,  3.72
10.245, 24.91,  3.64
10.250, 24.95,  3.59
10.255, 24.98,  3.51
10.260, 25.05,  3.45
10.265, 25.13,  3.39
10.270, 25.19,  3.35
10.275, 25.27,  3.32
10.280, 25.38,  3.28
10.285, 25.48,  3.23
10.290, 25.59,  3.22
10.295, 25.70,  3.18
10.300, 25.82,  3.17
10.305, 25.94,  3.16
10.310, 26.05,  3.16
10.315, 26.16,  3.18
10.320, 26.27,  3.21
10.325, 26.36,  3.23
10.330, 26.46,  3.28
10.335, 26.51,  3.32
10.340, 26.56,  3.37
10.345, 26.57,  3.45
10.350, 26.51,  3.51
10.355, 26.45,  3.58
10.360, 26.35,  3.66
10.365, 26.20,  3.72
10.370, 26.04,  3.79
10.375, 25.88,  3.82
10.380, 25.71,  3.89
10.385, 25.50,  3.93
10.390, 25.35,  3.95
10.395, 25.17,  3.97
10.400, 25.04,  3.98
10.405, 24.93,  3.98
10.410, 24.82,  3.96
10.415, 24.76,  3.97
10.420, 24.72,  3.95
10.425, 24.72,  3.95
10.430, 24.71,  3.93
10.435, 24.72,  3.93
10.440, 24.71,  3.92
10.445, 24.74,  3.93
10.450, 24.74,  3.94
10.455, 24.76,  3.93
10.460, 24.82,  3.95
10.465, 24.84,  3.95
10.470, 24.90,  3.95
10.475, 24.95,  3.95
10.480, 25.05,  3.96
10.485, 25.09,  3.98
10.490, 25.18,  3.99
10.495, 25.26,  3.99
10.500, 25.33,  4.03
10.505, 25.40,  4.05
10.510, 25.48,  4.08
10.515, 25.56,  4.12
10.520, 25.63,  4.18
10.525, 25.72,  4.24
10.530, 25.82,  4.31
10.535, 25.91,  4.38
10.540, 26.02,  4.44
10.545, 26.13,  4.52
10.550, 26.24,  4.58
10.555, 26.36,  4.65
10.560, 26.47,  4.70
10.565, 26.55,  4.78
10.570, 26.58,  4.84
10.575, 26.60,  4.90
10.580, 26.58,  4.94
10.585, 26.51,  4.97
10.590, 26.45,  4.98
10.595, 26.35,  5.01
10.600, 26.24,  5.01
10.605, 26.09,  5.01
10.610, 25.96,  5.00
10.615, 25.82,  4.96
10.620, 25.72,  4.93
10.625, 25.63,  4.88
10.630, 25.52,  4.84
10.635, 25.45,  4.77
10.640, 25.38,  4.71
10.645, 25.31,  4.64
10.650, 25.28,  4.58
10.655, 25.26,  4.49
10.660, 25.21,  4.42
10.665, 25.20,  4.34
10.670, 25.21,  4.25
10.675, 25.22,  4.18
10.680, 25.26,  4.10
10.685, 25.29,  4.02
10.690, 25.37,  3.96
10.695, 25.40,  3.89
10.700, 25.49,  3.82
10.705, 25.58,  3.76
10.710, 25.65,  3.69
10.715, 25.75,  3.66
10.720, 25.88,  3.60
10.725, 25.99,  3.57
10.730, 26.13,  3.55
10.735, 26.24,  3.52
10.740, 26.42,  3.51
10.745, 26.57,  3.50
10.750, 26.74,  3.51
10.755, 26.92,  3.50
10.760, 27.09,  3.53
10.765, 27.23,  3.54
10.770, 27.35,  3.59
10.775, 27.44,  3.67
10.780, 27.45,  3.77
10.785, 27.46,  3.84
10.790, 27.44,  3.96
10.795, 27.34,  4.04
10.800, 27.20,  4.12
10.805, 27.00,  4.22
10.810, 26.80,  4.27
10.815, 26.58,  4.34
10.820, 26.34,  4.39
10.825, 26.14,  4.41
10.830, 25.94,  4.41
10.835, 25.79,  4.40
10.840, 25.63,  4.35
10.845, 25.55,  4.32
10.850, 25.49,  4.28
10.855, 25.45,  4.23
10.860, 25.45,  4.21
10.865, 25.44,  4.18
10.870, 25.46,  4.14
10.875, 25.46,  4.12
10.880, 25.49,  4.11
10.885, 25.48,  4.09
10.890, 25.50,  4.09
10.895, 25.51,  4.07
10.900, 25.52,  4.03
10.905, 25.56,  4.03
10.910, 25.61,  4.02
10.915, 25.62,  4.00
10.920, 25.69,  3.99
10.925, 25.73,  4.00
10.930, 25.79,  4.00
10.935, 25.84,  4.01
10.940, 25.89,  4.01
10.945, 25.92,  4.04
10.950, 25.94,  4.07
10.955, 25.98,  4.11
10.960, 26.02,  4.18
10.965, 26.05,  4.25
10.970, 26.11,  4.32
10.975, 26.15,  4.40
10.980, 26.26,  4.47
10.985, 26.36,  4.54
10.990, 26.47,  4.62
10.995, 26.58,  4.68
11.000, 26.68,  4.74
11.005, 26.80,  4.83
11.010, 26.88,  4.88
11.015, 26.91,  4.95
11.020, 26.91,  4.99
11.025, 26.91,  5.04
11.030, 26.85,  5.07
11.035, 26.78,  5.09
11.040, 26.68,  5.09
11.045, 26.57,  5.10
11.050, 26.45,  5.09
11.055, 26.31,  5.07
11.060, 26.19,  5.03
11.065, 26.06,  4.99
11.070, 25.94,  4.93
11.075, 25.86,  4.89
11.080, 25.78,  4.84
11.085, 25.72,  4.79
11.090, 25.62,  4.72
11.095, 25.58,  4.66
11.100, 25.52,  4.59
11.105, 25.50,  4.52
11.110, 25.47,  4.46
11.115, 25.46,  4.38
11.120, 25.44,  4.30
11.125, 25.43,  4.24
11.130, 25.46,  4.16
11.135, 25.48,  4.09
11.140, 25.49,  4.02
11.145, 25.51,  3.97
11.150, 25.57,  3.90
11.155, 25.62,  3.84
11.160, 25.71,  3.80
11.165, 25.79,  3.76
11.170, 25.85,  3.70
11.175, 25.94,  3.68
11.180, 26.04,  3.65
11.185, 26.15,  3.63
11.190, 26.26,  3.62
11.195, 26.38,  3.60
11.200, 26.50,  3.60
11.205, 26.63,  3.59
11.210, 26.77,  3.62
11.215, 26.91,  3.62
11.220, 27.01,  3.67
11.225, 27.14,  3.70
11.230, 27.23,  3.76
11.235, 27.32,  3.80
11.240, 27.37,  3.90
11.245, 27.39,  3.99
11.250, 27.37,  4.07
11.255, 27.34,  4.17
11.260, 27.23,  4.23
11.265, 27.11,  4.30
11.270, 26.95,  4.34
11.275, 26.79,  4.41
11.280, 26.58,  4.43
11.285, 26.41,  4.44
11.290, 26.25,  4.42
11.295, 26.13,  4.41
11.300, 26.03,  4.41
11.305, 25.93,  4.38
11.310, 25.89,  4.34
11.315, 25.85,  4.32
11.320, 25.81,  4.29
11.325, 25.80,  4.30
11.330, 25.75,  4.29
11.335, 25.72,  4.29
11.340, 25.71,  4.28
11.345, 25.68,  4.26
11.350, 25.65,  4.27
11.355, 25.61,  4.25
11.360, 25.58,  4.26
11.365, 25.54,  4.24
11.370, 25.51,  4.22
11.375, 25.51,  4.21
11.380, 25.49,  4.19
11.385, 25.50,  4.15
11.390, 25.51,  4.12
11.395, 25.54,  4.13
11.400, 25.59,  4.10
11.405, 25.61,  4.10
11.410, 25.63,  4.11
11.415, 25.69,  4.11
11.420, 25.72,  4.14
11.425, 25.73,  4.17
11.430, 25.80,  4.22
11.435, 25.83,  4.27
11.440, 25.91,  4.33
11.445, 25.96,  4.39
11.450, 26.06,  4.46
11.455, 26.15,  4.55
11.460, 26.26,  4.63
11.465, 26.37,  4.71
11.470, 26.49,  4.80
11.475, 26.61,  4.86
11.480, 26.73,  4.94
11.485, 26.81,  5.02
11.490, 26.91,  5.09
11.495, 26.96,  5.17
11.500, 26.96,  5.24
11.505, 26.97,  5.30
11.510, 26.93,  5.34
11.515, 26.90,  5.38
11.520, 26.80,  5.41
11.525, 26.70,  5.44
11.530, 26.57,  5.43
11.535, 26.45,  5.44
11.540, 26.31,  5.41
11.545, 26.17,  5.36
11.550, 26.06,  5.34
11.555, 25.94,  5.30
11.560, 25.84,  5.25
11.565, 25.75,  5.20
11.570, 25.67,  5.12
11.575, 25.59,  5.06
11.580, 25.52,  4.98
11.585, 25.49,  4.90
11.590, 25.40,  4.81
11.595, 25.38,  4.72
11.600, 25.37,  4.65
11.605, 25.33,  4.56
11.610, 25.32,  4.49
11.615, 25.30,  4.40
11.620, 25.34,  4.33
11.625, 25.37,  4.26
11.630, 25.40,  4.21
11.635, 25.46,  4.14
11.640, 25.50,  4.08
11.645, 25.60,  4.04
11.650, 25.69,  3.99
11.655, 25.80,  3.97
11.660, 25.89,  3.93
11.665, 26.01,  3.92
11.670, 26.14,  3.89
11.675, 26.25,  3.88
11.680, 26.40,  3.91
11.685, 26.55,  3.93
11.690, 26.68,  3.95
11.695, 26.79,  3.97
11.700, 26.90,  4.00
11.705, 27.02,  4.05
11.710, 27.09,  4.11
11.715, 27.12,  4.20
11.720, 27.12,  4.27
11.725, 27.09,  4.34
11.730, 27.00,  4.43
11.735, 26.90,  4.48
11.740, 26.72,  4.54
11.745, 26.54,  4.58
11.750, 26.35,  4.63
11.755, 26.13,  4.63
11.760, 25.92,  4.63
11.765, 25.72,  4.62
11.770, 25.59,  4.59
11.775, 25.45,  4.55
11.780, 25.35,  4.53
11.785, 25.28,  4.48
11.790, 25.25,  4.45
11.795, 25.20,  4.43
11.800, 25.19,  4.41
11.805, 25.19,  4.40
11.810, 25.19,  4.40
11.815, 25.17,  4.42
11.820, 25.16,  4.42
11.825, 25.16,  4.43
11.830, 25.15,  4.45
11.835, 25.14,  4.46
11.840, 25.15,  4.45
11.845, 25.15,  4.48
11.850, 25.17,  4.46
11.855, 25.19,  4.47
11.860, 25.23,  4.48
11.865, 25.26,  4.48
11.870, 25.27,  4.49
11.875, 25.29,  4.50
11.880, 25.28,  4.52
11.885, 25.29,  4.56
11.890, 25.30,  4.59
11.895, 25.31,  4.64
11.900, 25.35,  4.70
11.905, 25.38,  4.75
11.910, 25.41,  4.82
11.915, 25.48,  4.87
11.920, 25.54,  4.94
11.925, 25.63,  5.01
11.930, 25.74,  5.07
11.935, 25.86,  5.13
11.940, 26.00,  5.16
11.945, 26.11,  5.22
11.950, 26.22,  5.28
11.955, 26.30,  5.31
11.960, 26.37,  5.37
11.965, 26.39,  5.38
11.970, 26.38,  5.44
11.975, 26.35,  5.44
11.980, 26.28,  5.46
11.985, 26.20,  5.45
11.990, 26.08,  5.46
11.995, 25.95,  5.44
12.000, 25.83,  5.42
12.005, 25.70,  5.38
12.010, 25.56,  5.35
12.015, 25.43,  5.32
12.020, 25.30,  5.28
12.025, 25.22,  5.23
12.030, 25.12,  5.19
12.035, 25.06,  5.12
12.040, 24.96,  5.06
12.045, 24.91,  4.99
12.050, 24.85,  4.92
12.055, 24.82,  4.83
12.060, 24.77,  4.73
12.065, 24.75,  4.66
12.070, 24.73,  4.59
12.075, 24.71,  4.47
12.080, 24.72,  4.39
12.085, 24.70,  4.30
12.090, 24.74,  4.22
12.095, 24.76,  4.14
12.100, 24.83,  4.05
12.105, 24.87,  3.97
12.110, 24.96,  3.91
12.115, 25.04,  3.83
12.120, 25.12,  3.78
12.125, 25.20,  3.73
12.130, 25.31,  3.67
12.135, 25.43,  3.60
12.140, 25.52,  3.57
12.145, 25.65,  3.52
12.150, 25.77,  3.48
12.155, 25.92,  3.46
12.160, 26.04,  3.46
12.165, 26.18,  3.46
12.170, 26.34,  3.47
12.175, 26.45,  3.48
12.180, 26.55,  3.52
12.185, 26.61,  3.56
12.190, 26.68,  3.60
12.195, 26.68,  3.67
12.200, 26.60,  3.74
12.205, 26.53,  3.80
12.210, 26.42,  3.87
12.215, 26.26,  3.89
12.220, 26.07,  3.91
12.225, 25.89,  3.96
12.230, 25.68,  3.97
12.235, 25.50,  3.94
12.240, 25.33,  3.90
12.245, 25.19,  3.86
12.250, 25.09,  3.80
12.255, 25.04,  3.77
12.260, 25.00,  3.69
12.265, 24.97,  3.63
12.270, 24.97,  3.58
12.275, 24.98,  3.54
12.280, 24.98,  3.49
12.285, 24.96,  3.46
12.290, 24.96,  3.43
12.295, 24.94,  3.40
12.300, 24.94,  3.34
12.305, 24.88,  3.31
12.310, 24.87,  3.25
12.315, 24.86,  3.21
12.320, 24.86,  3.16
12.325, 24.86,  3.14
12.330, 24.88,  3.08
12.335, 24.92,  3.03
12.340, 24.96,  3.00
12.345, 25.02,  2.98
12.350, 25.06,  2.95
12.355, 25.08,  2.94
12.360, 25.13,  2.93
12.365, 25.17,  2.95
12.370, 25.18,  2.96
12.375, 25.24,  3.00
12.380, 25.29,  3.04
12.385, 25.32,  3.10
12.390, 25.39,  3.16
12.395, 25.48,  3.22
12.400, 25.59,  3.26
12.405, 25.71,  3.32
12.410, 25.83,  3.37
12.415, 25.94,  3.42
12.420, 26.06,  3.50
12.425, 26.16,  3.55
12.430, 26.22,  3.59
12.435, 26.26,  3.65
12.440, 26.24,  3.70
12.445, 26.25,  3.75
12.450, 26.19,  3.79
12.455, 26.14,  3.83
12.460, 26.05,  3.85
12.465, 25.94,  3.86
12.470, 25.85,  3.88
12.475, 25.73,  3.88
12.480, 25.62,  3.85
12.485, 25.51,  3.85
12.490, 25.41,  3.82
12.495, 25.31,  3.80
12.500, 25.20,  3.76
12.505, 25.14,  3.73
12.510, 25.07,  3.67
12.515, 24.99,  3.62
12.520, 24.96,  3.56
12.525, 24.93,  3.52
12.530, 24.89,  3.45
12.535, 24.89,  3.41
12.540, 24.87,  3.36
12.545, 24.91,  3.31
12.550, 24.95,  3.24
12.555, 24.99,  3.20
12.560, 25.06,  3.16
12.565, 25.13,  3.12
12.570, 25.21,  3.08
12.575, 25.29,  3.04
12.580, 25.41,  3.02
12.585, 25.54,  2.98
12.590, 25.67,  2.95
12.595, 25.81,  2.93
12.600, 25.92,  2.91
12.605, 26.06,  2.92
12.610, 26.17,  2.90
12.615, 26.29,  2.92
12.620, 26.38,  2.92
12.625, 26.48,  2.95
12.630, 26.56,  3.01
12.635, 26.59,  3.05
12.640, 26.58,  3.11
12.645, 26.58,  3.16
12.650, 26.50,  3.21
12.655, 26.41,  3.26
12.660, 26.27,  3.34
12.665, 26.13,  3.38
12.670, 25.94,  3.41
12.675, 25.77,  3.45
12.680, 25.60,  3.44
12.685, 25.43,  3.44
12.690, 25.28,  3.42
12.695, 25.18,  3.38
12.700, 25.06,  3.34
12.705, 24.97,  3.29
12.710, 24.93,  3.23
12.715, 24.88,  3.18
12.720, 24.87,  3.13
12.725, 24.86,  3.10
12.730, 24.85,  3.06
12.735, 24.85,  3.04
12.740, 24.86,  3.01
12.745, 24.85,  2.97
12.750, 24.86,  2.94
12.755, 24.87,  2.92
12.760, 24.90,  2.89
12.765, 24.94,  2.89
12.770, 24.98,  2.86
12.775, 25.05,  2.87
12.780, 25.09,  2.85
12.785, 25.15,  2.87
12.790, 25.21,  2.86
12.795, 25.27,  2.88
12.800, 25.32,  2.93
12.805, 25.38,  2.96
12.810, 25.43,  3.01
12.815, 25.49,  3.08
12.820, 25.51,  3.16
12.825, 25.56,  3.22
12.830, 25.60,  3.32
12.835, 25.64,  3.41
12.840, 25.70,  3.50
12.845, 25.75,  3.60
12.850, 25.82,  3.68
12.855, 25.91,  3.79
12.860, 25.99,  3.88
12.865, 26.05,  3.99
12.870, 26.14,  4.09
12.875, 26.18,  4.19
12.880, 26.25,  4.27
12.885, 26.26,  4.38
12.890, 26.26,  4.49
12.895, 26.25,  4.56
12.900, 26.19,  4.63
12.905, 26.13,  4.68
12.910, 26.03,  4.72
12.915, 25.93,  4.72
12.920, 25.78,  4.71
12.925, 25.61,  4.71
12.930, 25.49,  4.70
12.935, 25.32,  4.65
12.940, 25.19,  4.59
12.945, 25.07,  4.55
12.950, 24.96,  4.49
12.955, 24.86,  4.42
12.960, 24.79,  4.35
12.965, 24.73,  4.27
12.970, 24.66,  4.18
12.975, 24.63,  4.12
12.980, 24.60,  4.02
12.985, 24.56,  3.93
12.990, 24.55,  3.84
12.995, 24.55,  3.74
13.000, 24.56,  3.64
13.005, 24.58,  3.56
13.010, 24.62,  3.49
13.015, 24.64,  3.39
13.020, 24.68,  3.31
13.025, 24.72,  3.23
13.030, 24.77,  3.16
13.035, 24.83,  3.09
13.040, 24.88,  3.03
13.045, 24.97,  2.97
13.050, 25.06,  2.94
13.055, 25.16,  2.87
13.060, 25.24,  2.86
13.065, 25.35,  2.83
13.070, 25.46,  2.79
13.075, 25.59,  2.78
13.080, 25.72,  2.78
13.085, 25.88,  2.78
13.090, 26.03,  2.80
13.095, 26.18,  2.80
13.100, 26.35,  2.81
13.105, 26.50,  2.84
13.110, 26.66,  2.89
13.115, 26.78,  2.93
13.120, 26.91,  3.00
13.125, 26.99,  3.06
13.130, 27.02,  3.13
13.135, 27.02,  3.22
13.140, 26.99,  3.27
13.145, 26.92,  3.34
13.150, 26.84,  3.37
13.155, 26.71,  3.42
13.160, 26.58,  3.45
13.165, 26.46,  3.45
13.170, 26.31,  3.47
13.175, 26.17,  3.46
13.180, 26.05,  3.43
13.185, 25.96,  3.38
13.190, 25.90,  3.38
13.195, 25.83,  3.35
13.200, 25.80,  3.32
13.205, 25.73,  3.31
13.210, 25.70,  3.29
13.215, 25.64,  3.26
13.220, 25.61,  3.26
13.225, 25.53,  3.26
13.230, 25.46,  3.26
13.235, 25.40,  3.26
13.240, 25.30,  3.25
13.245, 25.25,  3.23
13.250, 25.17,  3.23
13.255, 25.13,  3.20
13.260, 25.07,  3.17
13.265, 25.06,  3.16
13.270, 25.04,  3.11
13.275, 25.05,  3.10
13.280, 25.05,  3.09
13.285, 25.05,  3.09
13.290, 25.07,  3.07
13.295, 25.09,  3.07
13.300, 25.10,  3.08
13.305, 25.16,  3.09
13.310, 25.16,  3.11
13.315, 25.19,  3.15
13.320, 25.23,  3.19
13.325, 25.26,  3.24
13.330, 25.29,  3.30
13.335, 25.33,  3.37
13.340, 25.39,  3.44
13.345, 25.48,  3.52
13.350, 25.55,  3.62
13.355, 25.63,  3.72
13.360, 25.74,  3.80
13.365, 25.84,  3.89
13.370, 25.96,  3.96
13.375, 26.07,  4.06
13.380, 26.19,  4.15
13.385, 26.28,  4.26
13.390, 26.37,  4.35
13.395, 26.44,  4.44
13.400, 26.47,  4.51
13.405, 26.46,  4.58
13.410, 26.46,  4.63
13.415, 26.40,  4.67
13.420, 26.35,  4.71
13.425, 26.26,  4.73
13.430, 26.15,  4.73
13.435, 26.04,  4.73
13.440, 25.93,  4.73
13.445, 25.83,  4.72
13.450, 25.75,  4.70
13.455, 25.67,  4.67
13.460, 25.59,  4.64
13.465, 25.52,  4.59
13.470, 25.48,  4.55
13.475, 25.42,  4.50
13.480, 25.40,  4.44
13.485, 25.38,  4.39
13.490, 25.35,  4.34
13.495, 25.33,  4.29
13.500, 25.31,  4.21
13.505, 25.31,  4.16
13.510, 25.34,  4.07
13.515, 25.37,  4.02
13.520, 25.38,  3.94
13.525, 25.42,  3.87
13.530, 25.49,  3.81
13.535, 25.52,  3.75
13.540, 25.61,  3.67
13.545, 25.69,  3.61
13.550, 25.79,  3.56
13.555, 25.89,  3.50
13.560, 26.00,  3.46
13.565, 26.14,  3.41
13.570, 26.26,  3.37
13.575, 26.43,  3.35
13.580, 26.58,  3.33
13.585, 26.74,  3.29
13.590, 26.90,  3.29
13.595, 27.03,  3.28
13.600, 27.17,  3.32
13.605, 27.32,  3.37
13.610, 27.37,  3.42
13.615, 27.42,  3.50
13.620, 27.43,  3.57
13.625, 27.36,  3.65
13.630, 27.27,  3.75
13.635, 27.14,  3.82
13.640, 26.99,  3.90
13.645, 26.79,  3.99
13.650, 26.59,  4.04
13.655, 26.37,  4.10
13.660, 26.19,  4.13
13.665, 26.00,  4.14
13.670, 25.82,  4.16
13.675, 25.69,  4.16
13.680, 25.58,  4.15
13.685, 25.50,  4.13
13.690, 25.45,  4.11
13.695, 25.43,  4.09
13.700, 25.43,  4.08
13.705, 25.45,  4.06
13.710, 25.48,  4.07
13.715, 25.49,  4.06
13.720, 25.50,  4.07
13.725, 25.51,  4.09
13.730, 25.52,  4.09
13.735, 25.54,  4.09
13.740, 25.56,  4.10
13.745, 25.59,  4.09
13.750, 25.61,  4.10
13.755, 25.64,  4.11
13.760, 25.70,  4.10
13.765, 25.73,  4.12
13.770, 25.76,  4.14
13.775, 25.80,  4.14
13.780, 25.83,  4.15
13.785, 25.86,  4.16
13.790, 25.91,  4.22
13.795, 25.93,  4.25
13.800, 25.94,  4.28
13.805, 26.01,  4.32
13.810, 26.04,  4.38
13.815, 26.12,  4.44
13.820, 26.19,  4.49
13.825, 26.28,  4.56
13.830, 26.40,  4.61
13.835, 26.53,  4.66
13.840, 26.65,  4.73
13.845, 26.74,  4.78
13.850, 26.81,  4.82
13.855, 26.85,  4.85
13.860, 26.86,  4.87
13.865, 26.81,  4.85
13.870, 26.73,  4.87
13.875, 26.64,  4.87
13.880, 26.50,  4.85
13.885, 26.36,  4.82
13.890, 26.24,  4.79
13.895, 26.09,  4.76
13.900, 25.95,  4.72
13.905, 25.85,  4.67
13.910, 25.75,  4.65
13.915, 25.69,  4.59
13.920, 25.61,  4.56
13.925, 25.53,  4.49
13.930, 25.48,  4.45
13.935, 25.41,  4.37
13.940, 25.38,  4.32
13.945, 25.35,  4.25
13.950, 25.30,  4.18
13.955, 25.28,  4.10
13.960, 25.28,  4.03
13.965, 25.27,  3.96
13.970, 25.27,  3.87
13.975, 25.28,  3.81
13.980, 25.30,  3.73
13.985, 25.32,  3.67
13.990, 25.38,  3.61
13.995, 25.41,  3.53
14.000, 25.47,  3.46
14.005, 25.54,  3.39
14.010, 25.63,  3.35
14.015, 25.72,  3.26
14.020, 25.82,  3.23
14.025, 25.93,  3.20
14.030, 26.07,  3.15
14.035, 26.17,  3.14
14.040, 26.34,  3.12
14.045, 26.45,  3.10
14.050, 26.59,  3.08
14.055, 26.73,  3.08
14.060, 26.88,  3.09
14.065, 27.02,  3.09
14.070, 27.21,  3.12
14.075, 27.35,  3.16
14.080, 27.49,  3.21
14.085, 27.60,  3.29
14.090, 27.66,  3.35
14.095, 27.68,  3.43
14.100, 27.68,  3.51
14.105, 27.64,  3.57
14.110, 27.55,  3.61
14.115, 27.44,  3.65
14.120, 27.28,  3.69
14.125, 27.11,  3.70
14.130, 26.96,  3.72
14.135, 26.80,  3.72
14.140, 26.66,  3.71
14.145, 26.56,  3.68
14.150, 26.47,  3.66
14.155, 26.39,  3.64
14.160, 26.35,  3.61
14.165, 26.27,  3.58
14.170, 26.23,  3.56
14.175, 26.14,  3.55
14.180, 26.08,  3.55
14.185, 26.02,  3.54
14.190, 25.94,  3.52
14.195, 25.87,  3.52
14.200, 25.80,  3.52
14.205, 25.71,  3.50
14.210, 25.67,  3.51
14.215, 25.60,  3.50
14.220, 25.55,  3.49
14.225, 25.51,  3.48
14.230, 25.46,  3.47
14.235, 25.44,  3.46
14.240, 25.40,  3.44
14.245, 25.39,  3.43
14.250, 25.38,  3.41
14.255, 25.39,  3.41
14.260, 25.40,  3.40
14.265, 25.39,  3.41
14.270, 25.41,  3.41
14.275, 25.41,  3.42
14.280, 25.43,  3.43
14.285, 25.45,  3.44
14.290, 25.47,  3.50
14.295, 25.48,  3.52
14.300, 25.52,  3.56
14.305, 25.59,  3.62
14.310, 25.66,  3.66
14.315, 25.73,  3.73
14.320, 25.84,  3.80
14.325, 25.94,  3.86
14.330, 26.08,  3.94
14.335, 26.22,  4.00
14.340, 26.36,  4.05
14.345, 26.48,  4.13
14.350, 26.59,  4.18
14.355, 26.72,  4.24
14.360, 26.83,  4.29
14.365, 26.90,  4.39
14.370, 26.95,  4.41
14.375, 26.96,  4.44
14.380, 26.99,  4.48
14.385, 26.96,  4.53
14.390, 26.91,  4.59
14.395, 26.89,  4.61
14.400, 26.80,  4.62
14.405, 26.76,  4.64
14.410, 26.69,  4.64
14.415, 26.63,  4.64
14.420, 26.56,  4.64
14.425, 26.47,  4.62
14.430, 26.42,  4.60
14.435, 26.35,  4.59
14.440, 26.30,  4.56
14.445, 26.25,  4.50
14.450, 26.19,  4.46
14.455, 26.15,  4.43
14.460, 26.12,  4.38
14.465, 26.06,  4.30
14.470, 26.05,  4.24
14.475, 26.03,  4.20
14.480, 26.04,  4.12
14.485, 26.04,  4.07
14.490, 26.07,  4.01
14.495, 26.13,  3.95
14.500, 26.17,  3.90
14.505, 26.26,  3.82
14.510, 26.35,  3.78
14.515, 26.46,  3.73
14.520, 26.58,  3.67
14.525, 26.69,  3.62
14.530, 26.84,  3.60
14.535, 26.99,  3.58
14.540, 27.12,  3.55
14.545, 27.28,  3.56
14.550, 27.44,  3.55
14.555, 27.61,  3.57
14.560, 27.77,  3.59
14.565, 27.93,  3.63
14.570, 28.07,  3.68
14.575, 28.16,  3.73
14.580, 28.23,  3.79
14.585, 28.23,  3.84
14.590, 28.21,  3.90
14.595, 28.14,  3.97
14.600, 28.05,  4.00
14.605, 27.91,  4.04
14.610, 27.77,  4.07
14.615, 27.57,  4.10
14.620, 27.38,  4.13
14.625, 27.20,  4.13
14.630, 27.03,  4.12
14.635, 26.88,  4.10
14.640, 26.75,  4.08
14.645, 26.66,  4.05
14.650, 26.56,  4.03
14.655, 26.49,  4.02
14.660, 26.46,  3.99
14.665, 26.43,  3.99
14.670, 26.38,  3.97
14.675, 26.36,  3.98
14.680, 26.34,  3.96
14.685, 26.28,  3.95
14.690, 26.26,  3.96
14.695, 26.23,  3.95
14.700, 26.18,  3.93
14.705, 26.15,  3.92
14.710, 26.14,  3.90
14.715, 26.13,  3.89
14.720, 26.13,  3.87
14.725, 26.14,  3.87
14.730, 26.15,  3.85
14.735, 26.18,  3.84
14.740, 26.24,  3.85
14.745, 26.26,  3.85
14.750, 26.32,  3.87
14.755, 26.36,  3.88
14.760, 26.40,  3.94
14.765, 26.47,  3.97
14.770, 26.51,  4.02
14.775, 26.58,  4.08
14.780, 26.68,  4.17
14.785, 26.78,  4.23
14.790, 26.92,  4.30
14.795, 27.09,  4.39
14.800, 27.23,  4.44
14.805, 27.40,  4.51
14.810, 27.55,  4.60
14.815, 27.67,  4.65
14.820, 27.77,  4.72
14.825, 27.82,  4.80
14.830, 27.83,  4.84
14.835, 27.82,  4.87
14.840, 27.78,  4.91
14.845, 27.76,  4.94
14.850, 27.67,  4.95
14.855, 27.56,  4.95
14.860, 27.45,  4.95
14.865, 27.34,  4.93
14.870, 27.22,  4.92
14.875, 27.11,  4.87
14.880, 27.01,  4.83
14.885, 26.90,  4.76
14.890, 26.82,  4.71
14.895, 26.76,  4.65
14.900, 26.67,  4.57
14.905, 26.61,  4.49
14.910, 26.57,  4.41
14.915, 26.55,  4.32
14.920, 26.51,  4.23
14.925, 26.50,  4.13
14.930, 26.49,  4.03
14.935, 26.50,  3.96
14.940, 26.55,  3.87
14.945, 26.59,  3.79
14.950, 26.63,  3.72
14.955, 26.69,  3.65
14.960, 26.78,  3.59
14.965, 26.88,  3.56
14.970, 26.96,  3.49
14.975, 27.08,  3.46
14.980, 27.21,  3.43
14.985, 27.34,  3.40
14.990, 27.45,  3.40
14.995, 27.58,  3.40
15.000, 27.71,  3.43
15.005, 27.85,  3.47
15.010, 27.96,  3.49
15.015, 28.07,  3.56
15.020, 28.15,  3.58
15.025, 28.20,  3.66
15.030, 28.20,  3.75
15.035, 28.20,  3.80
15.040, 28.14,  3.87
15.045, 28.07,  3.94
15.050, 27.94,  4.00
15.055, 27.79,  4.05
15.060, 27.63,  4.11
15.065, 27.44,  4.17
15.070, 27.22,  4.20
15.075, 27.05,  4.20
15.080, 26.88,  4.20
15.085, 26.69,  4.20
15.090, 26.58,  4.18
15.095, 26.46,  4.13
15.100, 26.38,  4.11
15.105, 26.35,  4.05
15.110, 26.32,  4.03
15.115, 26.29,  4.02
15.120, 26.28,  4.01
15.125, 26.27,  4.00
15.130, 26.27,  3.99
15.135, 26.27,  4.00
15.140, 26.27,  3.99
15.145, 26.26,  3.98
15.150, 26.26,  3.97
15.155, 26.26,  3.96
15.160, 26.27,  3.96
15.165, 26.28,  3.95
15.170, 26.34,  3.95
15.175, 26.35,  3.94
15.180, 26.37,  3.92
15.185, 26.42,  3.93
15.190, 26.46,  3.93
15.195, 26.51,  3.93
15.200, 26.56,  3.94
15.205, 26.59,  3.95
15.210, 26.67,  3.97
15.215, 26.71,  4.00
15.220, 26.79,  4.04
15.225, 26.89,  4.08
15.230, 26.99,  4.12
15.235, 27.09,  4.17
15.240, 27.22,  4.22
15.245, 27.35,  4.25
15.250, 27.49,  4.30
15.255, 27.65,  4.34
15.260, 27.79,  4.40
15.265, 27.95,  4.44
15.270, 28.07,  4.47
15.275, 28.15,  4.53
15.280, 28.23,  4.56
15.285, 28.25,  4.60
15.290, 28.26,  4.62
15.295, 28.20,  4.62
15.300, 28.14,  4.64
15.305, 28.04,  4.64
15.310, 27.92,  4.64
15.315, 27.77,  4.62
15.320, 27.62,  4.59
15.325, 27.47,  4.56
15.330, 27.33,  4.53
15.335, 27.22,  4.47
15.340, 27.07,  4.43
15.345, 26.98,  4.39
15.350, 26.88,  4.33
15.355, 26.79,  4.27
15.360, 26.69,  4.21
15.365, 26.62,  4.12
15.370, 26.57,  4.05
15.375, 26.52,  3.98
15.380, 26.48,  3.89
15.385, 26.48,  3.79
15.390, 26.46,  3.75
15.395, 26.45,  3.66
15.400, 26.45,  3.58
15.405, 26.47,  3.52
15.410, 26.51,  3.45
15.415, 26.58,  3.38
15.420, 26.63,  3.33
15.425, 26.71,  3.26
15.430, 26.78,  3.21
15.435, 26.89,  3.16
15.440, 26.99,  3.12
15.445, 27.10,  3.08
15.450, 27.21,  3.03
15.455, 27.34,  2.98
15.460, 27.46,  2.96
15.465, 27.63,  2.94
15.470, 27.78,  2.95
15.475, 27.95,  2.94
15.480, 28.09,  2.97
15.485, 28.23,  3.00
15.490, 28.37,  3.06
15.495, 28.47,  3.10
15.500, 28.55,  3.15
15.505, 28.59,  3.23
15.510, 28.59,  3.29
15.515, 28.53,  3.36
15.520, 28.45,  3.41
15.525, 28.34,  3.46
15.530, 28.20,  3.52
15.535, 28.00,  3.55
15.540, 27.83,  3.57
15.545, 27.64,  3.57
15.550, 27.43,  3.57
15.555, 27.27,  3.57
15.560, 27.13,  3.55
15.565, 27.02,  3.51
15.570, 26.94,  3.47
15.575, 26.90,  3.42
15.580, 26.85,  3.38
15.585, 26.82,  3.37
15.590, 26.80,  3.35
15.595, 26.78,  3.33
15.600, 26.78,  3.33
15.605, 26.72,  3.31
15.610, 26.71,  3.28
15.615, 26.68,  3.25
15.620, 26.66,  3.24
15.625, 26.66,  3.23
15.630, 26.66,  3.20
15.635, 26.67,  3.19
15.640, 26.68,  3.16
15.645, 26.70,  3.15
15.650, 26.73,  3.15
15.655, 26.77,  3.15
15.660, 26.81,  3.14
15.665, 26.85,  3.15
15.670, 26.90,  3.17
15.675, 26.91,  3.20
15.680, 26.99,  3.23
15.685, 27.02,  3.26
15.690, 27.09,  3.32
15.695, 27.14,  3.38
15.700, 27.23,  3.44
15.705, 27.33,  3.53
15.710, 27.43,  3.59
15.715, 27.54,  3.68
15.720, 27.67,  3.76
15.725, 27.82,  3.83
15.730, 27.97,  3.92
15.735, 28.09,  3.99
15.740, 28.18,  4.07
15.745, 28.23,  4.15
15.750, 28.25,  4.20
15.755, 28.25,  4.24
15.760, 28.23,  4.30
15.765, 28.18,  4.33
15.770, 28.11,  4.37
15.775, 28.02,  4.38
15.780, 27.90,  4.37
15.785, 27.79,  4.37
15.790, 27.66,  4.31
15.795, 27.55,  4.29
15.800, 27.45,  4.25
15.805, 27.34,  4.20
15.810, 27.25,  4.15
15.815, 27.16,  4.08
15.820, 27.10,  4.01
15.825, 27.02,  3.93
15.830, 26.97,  3.83
15.835, 26.90,  3.77
15.840, 26.90,  3.67
15.845, 26.88,  3.58
15.850, 26.88,  3.50
15.855, 26.88,  3.43
15.860, 26.89,  3.37
15.865, 26.92,  3.29
15.870, 26.99,  3.23
15.875, 27.02,  3.18
15.880, 27.09,  3.15
15.885, 27.17,  3.13
15.890, 27.24,  3.11
15.895, 27.34,  3.08
15.900, 27.45,  3.08
15.905, 27.56,  3.07
15.910, 27.66,  3.11
15.915, 27.79,  3.13
15.920, 27.90,  3.16
15.925, 28.00,  3.19
15.930, 28.09,  3.23
15.935, 28.19,  3.29
15.940, 28.27,  3.36
15.945, 28.32,  3.41
15.950, 28.37,  3.49
15.955, 28.39,  3.58
15.960, 28.38,  3.68
15.965, 28.31,  3.76
15.970, 28.22,  3.82
15.975, 28.11,  3.88
15.980, 27.96,  3.93
15.985, 27.77,  3.97
15.990, 27.60,  4.01
15.995, 27.39,  4.03
16.000, 27.21,  4.03
16.005, 27.02,  4.03
16.010, 26.88,  4.02
16.015, 26.73,  4.01
16.020, 26.66,  3.96
16.025, 26.59,  3.90
16.030, 26.55,  3.89
16.035, 26.50,  3.83
16.040, 26.48,  3.82
16.045, 26.45,  3.81
16.050, 26.42,  3.79
16.055, 26.38,  3.79
16.060, 26.35,  3.77
16.065, 26.32,  3.76
16.070, 26.27,  3.74
16.075, 26.25,  3.72
16.080, 26.21,  3.70
16.085, 26.17,  3.68
16.090, 26.15,  3.66
16.095, 26.15,  3.63
16.100, 26.16,  3.61
16.105, 26.17,  3.60
16.110, 26.20,  3.58
16.115, 26.23,  3.57
16.120, 26.25,  3.56
16.125, 26.27,  3.57
16.130, 26.32,  3.57
16.135, 26.36,  3.59
16.140, 26.39,  3.62
16.145, 26.46,  3.66
16.150, 26.51,  3.73
16.155, 26.60,  3.78
16.160, 26.70,  3.84
16.165, 26.82,  3.91
16.170, 26.96,  3.98
16.175, 27.11,  4.02
16.180, 27.24,  4.08
16.185, 27.40,  4.16
16.190, 27.56,  4.19
16.195, 27.67,  4.26
16.200, 27.74,  4.33
16.205, 27.77,  4.40
16.210, 27.79,  4.42
16.215, 27.78,  4.46
16.220, 27.74,  4.50
16.225, 27.67,  4.52
16.230, 27.58,  4.54
16.235, 27.47,  4.54
16.240, 27.34,  4.54
16.245, 27.22,  4.53
16.250, 27.11,  4.49
16.255, 26.99,  4.44
16.260, 26.88,  4.41
16.265, 26.78,  4.34
16.270, 26.68,  4.26
16.275, 26.58,  4.19
16.280, 26.48,  4.08
16.285, 26.45,  4.01
16.290, 26.38,  3.91
16.295, 26.36,  3.81
16.300, 26.32,  3.74
16.305, 26.32,  3.63
16.310, 26.33,  3.56
16.315, 26.35,  3.47
16.320, 26.37,  3.42
16.325, 26.42,  3.35
16.330, 26.47,  3.31
16.335, 26.56,  3.26
16.340, 26.61,  3.24
16.345, 26.69,  3.21
16.350, 26.80,  3.19
16.355, 26.90,  3.19
16.360, 27.00,  3.21
16.365, 27.12,  3.23
16.370, 27.21,  3.25
16.375, 27.33,  3.33
16.380, 27.44,  3.36
16.385, 27.55,  3.42
16.390, 27.65,  3.49
16.395, 27.74,  3.56
16.400, 27.80,  3.62
16.405, 27.85,  3.71
16.410, 27.86,  3.80
16.415, 27.84,  3.89
16.420, 27.78,  3.97
16.425, 27.69,  4.02
16.430, 27.57,  4.09
16.435, 27.44,  4.13
16.440, 27.27,  4.19
16.445, 27.10,  4.21
16.450, 26.89,  4.23
16.455, 26.72,  4.24
16.460, 26.57,  4.21
16.465, 26.43,  4.20
16.470, 26.33,  4.14
16.475, 26.25,  4.10
16.480, 26.17,  4.06
16.485, 26.13,  4.04
16.490, 26.12,  3.99
16.495, 26.05,  3.97
16.500, 26.04,  3.94
16.505, 26.02,  3.90
16.510, 25.98,  3.89
16.515, 25.93,  3.85
16.520, 25.90,  3.82
16.525, 25.85,  3.80
16.530, 25.82,  3.78
16.535, 25.80,  3.74
16.540, 25.75,  3.73
16.545, 25.74,  3.72
16.550, 25.75,  3.70
16.555, 25.78,  3.68
16.560, 25.81,  3.66
16.565, 25.82,  3.66
16.570, 25.84,  3.64
16.575, 25.86,  3.64
16.580, 25.92,  3.65
16.585, 25.92,  3.67
16.590, 25.95,  3.69
16.595, 25.96,  3.73
16.600, 26.02,  3.79
16.605, 26.04,  3.85
16.610, 26.11,  3.90
16.615, 26.16,  3.99
16.620, 26.25,  4.05
16.625, 26.36,  4.10
16.630, 26.48,  4.17
16.635, 26.60,  4.24
16.640, 26.73,  4.30
16.645, 26.84,  4.37
16.650, 26.91,  4.42
16.655, 26.95,  4.48
16.660, 26.95,  4.52
16.665, 26.94,  4.57
16.670, 26.92,  4.59
16.675, 26.86,  4.62
16.680, 26.80,  4.64
16.685, 26.74,  4.64
16.690, 26.64,  4.63
16.695, 26.56,  4.62
16.700, 26.46,  4.59
16.705, 26.37,  4.55
16.710, 26.28,  4.50
16.715, 26.19,  4.46
16.720, 26.13,  4.40
16.725, 26.06,  4.34
16.730, 26.02,  4.28
16.735, 25.95,  4.22
16.740, 25.92,  4.16
16.745, 25.91,  4.08
16.750, 25.87,  4.02
16.755, 25.85,  3.95
16.760, 25.87,  3.91
16.765, 25.87,  3.83
16.770, 25.90,  3.79
16.775, 25.92,  3.74
16.780, 25.97,  3.67
16.785, 26.03,  3.62
16.790, 26.11,  3.58
16.795, 26.17,  3.55
16.800, 26.26,  3.53
16.805, 26.37,  3.48
16.810, 26.46,  3.45
16.815, 26.57,  3.45
16.820, 26.68,  3.45
16.825, 26.79,  3.45
16.830, 26.89,  3.45
16.835, 27.00,  3.46
16.840, 27.10,  3.49
16.845, 27.19,  3.53
16.850, 27.26,  3.58
16.855, 27.33,  3.63
16.860, 27.34,  3.68
16.865, 27.35,  3.74
16.870, 27.33,  3.78
16.875, 27.32,  3.82
16.880, 27.22,  3.87
16.885, 27.12,  3.89
16.890, 26.99,  3.93
16.895, 26.83,  3.95
16.900, 26.68,  3.97
16.905, 26.51,  3.93
16.910, 26.36,  3.89
16.915, 26.24,  3.87
16.920, 26.11,  3.81
16.925, 26.02,  3.79
16.930, 25.93,  3.75
16.935, 25.87,  3.70
16.940, 25.81,  3.66
16.945, 25.80,  3.62
16.950, 25.74,  3.59
16.955, 25.72,  3.58
16.960, 25.70,  3.55
16.965, 25.64,  3.53
16.970, 25.63,  3.51
16.975, 25.60,  3.50
16.980, 25.61,  3.49
16.985, 25.61,  3.46
16.990, 25.60,  3.45
16.995, 25.60,  3.43
17.000, 25.61,  3.42
17.005, 25.63,  3.41
17.010, 25.67,  3.40
17.015, 25.70,  3.40
17.020, 25.71,  3.40
17.025, 25.73,  3.41
17.030, 25.78,  3.41
17.035, 25.79,  3.45
17.040, 25.83,  3.50
17.045, 25.85,  3.54
17.050, 25.92,  3.59
17.055, 25.96,  3.66
17.060, 26.03,  3.74
17.065, 26.13,  3.80
17.070, 26.24,  3.86
17.075, 26.34,  3.92
17.080, 26.47,  3.99
17.085, 26.58,  4.05
17.090, 26.66,  4.11
17.095, 26.70,  4.18
17.100, 26.72,  4.23
17.105, 26.70,  4.28
17.110, 26.68,  4.31
17.115, 26.64,  4.36
17.120, 26.58,  4.41
17.125, 26.53,  4.43
17.130, 26.45,  4.44
17.135, 26.35,  4.45
17.140, 26.27,  4.46
17.145, 26.17,  4.45
17.150, 26.08,  4.46
17.155, 26.01,  4.43
17.160, 25.92,  4.42
17.165, 25.83,  4.40
17.170, 25.78,  4.37
17.175, 25.71,  4.33
17.180, 25.65,  4.30
17.185, 25.60,  4.27
17.190, 25.58,  4.22
17.195, 25.53,  4.18
17.200, 25.51,  4.12
17.205, 25.50,  4.07
17.210, 25.51,  4.01
17.215, 25.51,  3.97
17.220, 25.57,  3.90
17.225, 25.61,  3.87
17.230, 25.71,  3.81
17.235, 25.79,  3.78
17.240, 25.87,  3.71
17.245, 25.98,  3.69
17.250, 26.07,  3.65
17.255, 26.22,  3.60
17.260, 26.34,  3.58
17.265, 26.47,  3.55
17.270, 26.59,  3.53
17.275, 26.73,  3.52
17.280, 26.88,  3.53
17.285, 27.01,  3.54
17.290, 27.14,  3.57
17.295, 27.26,  3.59
17.300, 27.37,  3.65
17.305, 27.46,  3.70
17.310, 27.53,  3.79
17.315, 27.55,  3.83
17.320, 27.55,  3.88
17.325, 27.49,  3.96
17.330, 27.43,  4.01
17.335, 27.34,  4.07
17.340, 27.21,  4.13
17.345, 27.08,  4.19
17.350, 26.92,  4.23
17.355, 26.77,  4.24
17.360, 26.60,  4.26
17.365, 26.47,  4.29
17.370, 26.35,  4.31
17.375, 26.22,  4.32
17.380, 26.11,  4.32
17.385, 26.02,  4.31
17.390, 25.93,  4.33
17.395, 25.86,  4.33
17.400, 25.80,  4.35
17.405, 25.72,  4.33
17.410, 25.65,  4.34
17.415, 25.59,  4.33
17.420, 25.53,  4.33
17.425, 25.49,  4.32
17.430, 25.44,  4.31
17.435, 25.39,  4.30
17.440, 25.38,  4.27
17.445, 25.37,  4.26
17.450, 25.37,  4.25
17.455, 25.37,  4.23
17.460, 25.39,  4.22
17.465, 25.41,  4.22
17.470, 25.48,  4.19
17.475, 25.50,  4.20
17.480, 25.58,  4.18
17.485, 25.62,  4.17
17.490, 25.70,  4.19
17.495, 25.80,  4.17
17.500, 25.88,  4.16
17.505, 25.99,  4.17
17.510, 26.13,  4.19
17.515, 26.26,  4.20
17.520, 26.45,  4.21
17.525, 26.63,  4.22
17.530, 26.81,  4.25
17.535, 27.02,  4.27
17.540, 27.21,  4.30
17.545, 27.38,  4.33
17.550, 27.54,  4.37
17.555, 27.70,  4.40
17.560, 27.82,  4.44
17.565, 27.91,  4.46
17.570, 27.96,  4.50
17.575, 27.97,  4.51
17.580, 27.97,  4.53
17.585, 27.92,  4.56
17.590, 27.83,  4.57
17.595, 27.72,  4.58
17.600, 27.60,  4.57
17.605, 27.46,  4.57
17.610, 27.33,  4.55
17.615, 27.21,  4.52
17.620, 27.10,  4.47
17.625, 26.99,  4.45
17.630, 26.90,  4.41
17.635, 26.80,  4.33
17.640, 26.70,  4.26
17.645, 26.64,  4.21
17.650, 26.57,  4.13
17.655, 26.49,  4.05
17.660, 26.46,  3.99
17.665, 26.39,  3.90
17.670, 26.38,  3.82
17.675, 26.36,  3.76
17.680, 26.35,  3.68
17.685, 26.33,  3.59
17.690, 26.34,  3.56
17.695, 26.35,  3.48
17.700, 26.37,  3.43
17.705, 26.43,  3.37
17.710, 26.48,  3.35
17.715, 26.57,  3.32
17.720, 26.63,  3.31
17.725, 26.72,  3.29
17.730, 26.82,  3.28
17.735, 26.91,  3.31
17.740, 27.03,  3.34
17.745, 27.14,  3.36
17.750, 27.25,  3.41
17.755, 27.40,  3.47
17.760, 27.50,  3.54
17.765, 27.65,  3.61
17.770, 27.73,  3.70
17.775, 27.82,  3.79
17.780, 27.88,  3.89
17.785, 27.92,  4.00
17.790, 27.92,  4.14
17.795, 27.88,  4.25
17.800, 27.79,  4.38
17.805, 27.68,  4.48
17.810, 27.55,  4.59
17.815, 27.36,  4.67
17.820, 27.16,  4.76
17.825, 26.95,  4.85
17.830, 26.73,  4.88
17.835, 26.52,  4.90
17.840, 26.32,  4.91
17.845, 26.15,  4.91
17.850, 25.99,  4.88
17.855, 25.91,  4.84
17.860, 25.83,  4.77
17.865, 25.80,  4.71
17.870, 25.77,  4.67
17.875, 25.77,  4.65
17.880, 25.74,  4.60
17.885, 25.75,  4.56
17.890, 25.74,  4.55
17.895, 25.74,  4.53
17.900, 25.74,  4.48
17.905, 25.74,  4.46
17.910, 25.75,  4.45
17.915, 25.77,  4.43
17.920, 25.80,  4.39
17.925, 25.82,  4.37
17.930, 25.84,  4.34
17.935, 25.90,  4.32
17.940, 25.93,  4.30
17.945, 25.96,  4.29
17.950, 26.01,  4.32
17.955, 26.04,  4.31
17.960, 26.07,  4.34
17.965, 26.10,  4.37
17.970, 26.14,  4.42
17.975, 26.16,  4.47
17.980, 26.22,  4.54
17.985, 26.26,  4.62
17.990, 26.37,  4.70
17.995, 26.46,  4.79
18.000, 26.58,  4.88
18.005, 26.71,  4.97
18.010, 26.85,  5.07
18.015, 26.99,  5.15
18.020, 27.12,  5.26
18.025, 27.23,  5.36
18.030, 27.33,  5.47
18.035, 27.38,  5.56
18.040, 27.40,  5.67
18.045, 27.39,  5.74
18.050, 27.33,  5.80
18.055, 27.23,  5.85
18.060, 27.12,  5.91
18.065, 26.95,  5.93
18.070, 26.79,  5.94
18.075, 26.60,  5.93
18.080, 26.41,  5.94
18.085, 26.22,  5.93
18.090, 26.04,  5.90
18.095, 25.89,  5.88
18.100, 25.74,  5.84
18.105, 25.62,  5.80
18.110, 25.52,  5.76
18.115, 25.42,  5.73
18.120, 25.36,  5.67
18.125, 25.28,  5.62
18.130, 25.22,  5.57
18.135, 25.17,  5.51
18.140, 25.11,  5.44
18.145, 25.07,  5.37
18.150, 25.05,  5.31
18.155, 25.00,  5.24
18.160, 24.98,  5.16
18.165, 24.97,  5.09
18.170, 24.98,  5.03
18.175, 24.98,  4.96
18.180, 25.03,  4.90
18.185, 25.05,  4.84
18.190, 25.08,  4.76
18.195, 25.16,  4.71
18.200, 25.19,  4.65
18.205, 25.27,  4.59
18.210, 25.36,  4.55
18.215, 25.45,  4.49
18.220, 25.54,  4.46
18.225, 25.65,  4.43
18.230, 25.80,  4.39
18.235, 25.90,  4.36
18.240, 26.03,  4.34
18.245, 26.17,  4.34
18.250, 26.32,  4.35
18.255, 26.46,  4.35
18.260, 26.59,  4.38
18.265, 26.71,  4.41
18.270, 26.83,  4.43
18.275, 26.92,  4.49
18.280, 27.01,  4.54
18.285, 27.05,  4.61
18.290, 27.08,  4.66
18.295, 27.08,  4.73
18.300, 27.04,  4.80
18.305, 27.00,  4.85
18.310, 26.90,  4.87
18.315, 26.81,  4.89
18.320, 26.71,  4.90
18.325, 26.60,  4.91
18.330, 26.48,  4.90
18.335, 26.38,  4.89
18.340, 26.29,  4.87
18.345, 26.21,  4.83
18.350, 26.14,  4.81
18.355, 26.07,  4.76
18.360, 26.04,  4.73
18.365, 25.95,  4.69
18.370, 25.92,  4.68
18.375, 25.84,  4.66
18.380, 25.80,  4.63
18.385, 25.71,  4.63
18.390, 25.63,  4.60
18.395, 25.59,  4.59
18.400, 25.52,  4.56
18.405, 25.47,  4.54
18.410, 25.40,  4.54
18.415, 25.38,  4.50
18.420, 25.36,  4.47
18.425, 25.32,  4.45
18.430, 25.29,  4.44
18.435, 25.28,  4.42
18.440, 25.27,  4.40
18.445, 25.27,  4.38
18.450, 25.28,  4.38
18.455, 25.30,  4.39
18.460, 25.31,  4.39
18.465, 25.37,  4.42
18.470, 25.38,  4.42
18.475, 25.41,  4.46
18.480, 25.44,  4.48
18.485, 25.48,  4.53
18.490, 25.50,  4.58
18.495, 25.53,  4.64
18.500, 25.60,  4.70
18.505, 25.65,  4.79
18.510, 25.72,  4.86
18.515, 25.82,  4.95
18.520, 25.91,  5.05
18.525, 26.01,  5.14
18.530, 26.12,  5.24
18.535, 26.22,  5.31
18.540, 26.33,  5.44
18.545, 26.43,  5.52
18.550, 26.50,  5.61
18.555, 26.57,  5.70
18.560, 26.59,  5.77
18.565, 26.58,  5.82
18.570, 26.55,  5.89
18.575, 26.48,  5.92
18.580, 26.42,  5.95
18.585, 26.30,  5.96
18.590, 26.17,  5.97
18.595, 26.06,  5.98
18.600, 25.92,  5.97
18.605, 25.81,  5.94
18.610, 25.70,  5.92
18.615, 25.60,  5.88
18.620, 25.51,  5.84
18.625, 25.43,  5.78
18.630, 25.38,  5.73
18.635, 25.29,  5.68
18.640, 25.27,  5.60
18.645, 25.19,  5.54
18.650, 25.17,  5.46
18.655, 25.12,  5.38
18.660, 25.09,  5.30
18.665, 25.07,  5.22
18.670, 25.07,  5.14
18.675, 25.07,  5.04
18.680, 25.09,  4.95
18.685, 25.11,  4.88
18.690, 25.16,  4.79
18.695, 25.21,  4.69
18.700, 25.27,  4.62
18.705, 25.36,  4.53
18.710, 25.43,  4.46
18.715, 25.53,  4.39
18.720, 25.63,  4.33
18.725, 25.77,  4.27
18.730, 25.91,  4.23
18.735, 26.04,  4.20
18.740, 26.20,  4.17
18.745, 26.36,  4.14
18.750, 26.51,  4.12
18.755, 26.67,  4.11
18.760, 26.81,  4.10
18.765, 26.95,  4.12
18.770, 27.06,  4.18
18.775, 27.17,  4.22
18.780, 27.24,  4.29
18.785, 27.29,  4.38
18.790, 27.32,  4.47
18.795, 27.29,  4.57
18.800, 27.21,  4.64
18.805, 27.12,  4.70
18.810, 26.98,  4.76
18.815, 26.81,  4.80
18.820, 26.65,  4.83
18.825, 26.47,  4.84
18.830, 26.31,  4.84
18.835, 26.16,  4.82
18.840, 26.05,  4.78
18.845, 25.95,  4.75
18.850, 25.90,  4.71
18.855, 25.84,  4.65
18.860, 25.81,  4.63
18.865, 25.79,  4.58
18.870, 25.78,  4.55
18.875, 25.76,  4.51
18.880, 25.75,  4.49
18.885, 25.74,  4.46
18.890, 25.73,  4.44
18.895, 25.72,  4.42
18.900, 25.70,  4.41
18.905, 25.69,  4.38
18.910, 25.68,  4.33
18.915, 25.64,  4.30
18.920, 25.62,  4.29
18.925, 25.61,  4.25
18.930, 25.61,  4.23
18.935, 25.61,  4.20
18.940, 25.60,  4.19
18.945, 25.60,  4.16
18.950, 25.61,  4.18
18.955, 25.64,  4.17
18.960, 25.67,  4.17
18.965, 25.70,  4.19
18.970, 25.73,  4.21
18.975, 25.75,  4.24
18.980, 25.80,  4.29
18.985, 25.83,  4.33
18.990, 25.90,  4.40
18.995, 25.95,  4.45
19.000, 26.04,  4.53
19.005, 26.14,  4.60
19.010, 26.24,  4.67
19.015, 26.36,  4.75
19.020, 26.47,  4.84
19.025, 26.59,  4.92
19.030, 26.70,  5.01
19.035, 26.79,  5.08
19.040, 26.90,  5.17
19.045, 27.00,  5.27
19.050, 27.03,  5.36
19.055, 27.10,  5.45
19.060, 27.11,  5.51
19.065, 27.12,  5.59
19.070, 27.07,  5.66
19.075, 27.02,  5.71
19.080, 26.95,  5.75
19.085, 26.86,  5.81
19.090, 26.75,  5.84
19.095, 26.64,  5.87
19.100, 26.49,  5.88
19.105, 26.38,  5.88
19.110, 26.26,  5.86
19.115, 26.15,  5.83
19.120, 26.04,  5.81
19.125, 25.94,  5.80
19.130, 25.87,  5.76
19.135, 25.80,  5.73
19.140, 25.71,  5.69
19.145, 25.65,  5.64
19.150, 25.60,  5.58
19.155, 25.55,  5.53
19.160, 25.51,  5.46
19.165, 25.49,  5.39
19.170, 25.49,  5.34
19.175, 25.49,  5.28
19.180, 25.50,  5.22
19.185, 25.54,  5.16
19.190, 25.60,  5.11
19.195, 25.63,  5.05
19.200, 25.72,  4.98
19.205, 25.81,  4.94
19.210, 25.92,  4.88
19.215, 26.03,  4.85
19.220, 26.16,  4.82
19.225, 26.30,  4.79
19.230, 26.45,  4.76
19.235, 26.60,  4.77
19.240, 26.77,  4.75
19.245, 26.90,  4.74
19.250, 27.06,  4.76
19.255, 27.21,  4.79
19.260, 27.33,  4.84
19.265, 27.44,  4.89
19.270, 27.53,  4.97
19.275, 27.56,  5.06
19.280, 27.56,  5.13
19.285, 27.52,  5.21
19.290, 27.45,  5.28
19.295, 27.34,  5.32
19.300, 27.20,  5.38
19.305, 27.02,  5.43
19.310, 26.85,  5.46
19.315, 26.68,  5.49
19.320, 26.54,  5.48
19.325, 26.37,  5.46
19.330, 26.27,  5.41
19.335, 26.18,  5.38
19.340, 26.12,  5.32
19.345, 26.06,  5.30
19.350, 26.01,  5.25
19.355, 25.97,  5.20
19.360, 25.92,  5.18
19.365, 25.88,  5.17
19.370, 25.83,  5.16
19.375, 25.82,  5.12
19.380, 25.74,  5.11
19.385, 25.72,  5.11
19.390, 25.68,  5.10
19.395, 25.63,  5.08
19.400, 25.62,  5.08
19.405, 25.59,  5.06
19.410, 25.58,  5.04
19.415, 25.58,  5.02
19.420, 25.57,  4.99
19.425, 25.59,  4.96
19.430, 25.59,  4.94
19.435, 25.60,  4.94
19.440, 25.60,  4.94
19.445, 25.60,  4.93
19.450, 25.61,  4.95
19.455, 25.61,  4.97
19.460, 25.62,  5.00
19.465, 25.63,  5.04
19.470, 25.66,  5.11
19.475, 25.70,  5.14
19.480, 25.72,  5.22
19.485, 25.77,  5.27
19.490, 25.85,  5.32
19.495, 25.93,  5.38
19.500, 26.03,  5.46
19.505, 26.15,  5.51
19.510, 26.26,  5.56
19.515, 26.36,  5.61
19.520, 26.45,  5.67
19.525, 26.49,  5.72
19.530, 26.53,  5.78
19.535, 26.53,  5.82
19.540, 26.53,  5.87
19.545, 26.49,  5.89
19.550, 26.47,  5.92
19.555, 26.40,  5.94
19.560, 26.35,  5.95
19.565, 26.27,  5.95
19.570, 26.18,  5.96
19.575, 26.10,  5.95
19.580, 26.02,  5.93
19.585, 25.93,  5.91
19.590, 25.85,  5.88
19.595, 25.78,  5.88
19.600, 25.71,  5.83
19.605, 25.62,  5.79
19.610, 25.56,  5.75
19.615, 25.48,  5.71
19.620, 25.45,  5.67
19.625, 25.38,  5.60
19.630, 25.37,  5.56
19.635, 25.30,  5.49
19.640, 25.29,  5.43
19.645, 25.26,  5.34
19.650, 25.27,  5.28
19.655, 25.26,  5.20
19.660, 25.28,  5.13
19.665, 25.30,  5.05
19.670, 25.35,  4.97
19.675, 25.40,  4.88
19.680, 25.48,  4.81
19.685, 25.55,  4.74
19.690, 25.64,  4.67
19.695, 25.73,  4.62
19.700, 25.84,  4.55
19.705, 25.94,  4.48
19.710, 26.04,  4.44
19.715, 26.13,  4.40
19.720, 26.24,  4.32
19.725, 26.35,  4.29
19.730, 26.44,  4.26
19.735, 26.54,  4.24
19.740, 26.65,  4.23
19.745, 26.76,  4.25
19.750, 26.84,  4.25
19.755, 26.92,  4.28
19.760, 27.00,  4.32
19.765, 27.01,  4.33
19.770, 27.01,  4.39
19.775, 26.99,  4.43
19.780, 26.92,  4.47
19.785, 26.84,  4.50
19.790, 26.73,  4.56
19.795, 26.60,  4.57
19.800, 26.47,  4.62
19.805, 26.35,  4.63
19.810, 26.21,  4.65
19.815, 26.07,  4.66
19.820, 25.94,  4.65
19.825, 25.82,  4.63
19.830, 25.73,  4.61
19.835, 25.65,  4.56
19.840, 25.59,  4.55
19.845, 25.54,  4.52
19.850, 25.51,  4.48
19.855, 25.48,  4.43
19.860, 25.48,  4.41
19.865, 25.47,  4.38
19.870, 25.45,  4.35
19.875, 25.46,  4.34
19.880, 25.47,  4.31
19.885, 25.48,  4.30
19.890, 25.50,  4.29
19.895, 25.54,  4.26
19.900, 25.57,  4.25
19.905, 25.62,  4.23
19.910, 25.67,  4.23
19.915, 25.73,  4.22
19.920, 25.80,  4.23
19.925, 25.85,  4.24
19.930, 25.92,  4.25
19.935, 25.99,  4.27
19.940, 26.04,  4.29
19.945, 26.14,  4.32
19.950, 26.19,  4.38
19.955, 26.28,  4.41
19.960, 26.37,  4.46
19.965, 26.47,  4.53
19.970, 26.55,  4.60
19.975, 26.65,  4.66
19.980, 26.77,  4.72
19.985, 26.86,  4.77
19.990, 27.00,  4.83
19.995, 27.08,  4.87
20.000, 27.14,  4.96
