 0.000, 18.46, 19.53
 0.005, 18.39, 19.57
 0.010, 18.36, 19.58
 0.015, 18.35, 19.59
 0.020, 18.36, 19.65
 0.025, 18.40, 19.66
 0.030, 18.49, 19.70
 0.035, 18.60, 19.74
 0.040, 18.71, 19.78
 0.045, 18.90, 19.86
 0.050, 19.08, 19.91
 0.055, 19.31, 20.02
 0.060, 19.57, 20.12
 0.065, 19.83, 20.23
 0.070, 20.13, 20.38
 0.075, 20.44, 20.56
 0.080, 20.76, 20.75
 0.085, 21.13, 20.93
 0.090, 21.46, 21.12
 0.095, 21.82, 21.30
 0.100, 22.11, 21.49
 0.105, 22.34, 21.63
 0.110, 22.53, 21.76
 0.115, 22.63, 21.87
 0.120, 22.70, 21.94
 0.125, 22.69, 22.02
 0.130, 22.60, 22.04
 0.135, 22.48, 22.05
 0.140, 22.30, 22.04
 0.145, 22.11, 22.03
 0.150, 21.87, 21.97
 0.155, 21.61, 21.93
 0.160, 21.31, 21.87
 0.165, 21.03, 21.76
 0.170, 20.73, 21.65
 0.175, 20.44, 21.50
 0.180, 20.14, 21.35
 0.185, 19.87, 21.17
 0.190, 19.64, 21.04
 0.195, 19.39, 20.87
 0.200, 19.21, 20.71
 0.205, 19.05, 20.55
 0.210, 18.89, 20.38
 0.215, 18.80, 20.20
 0.220, 18.72, 20.01
 0.225, 18.69, 19.84
 0.230, 18.70, 19.65
 0.235, 18.75, 19.46
 0.240, 18.83, 19.29
 0.245, 18.95, 19.10
 0.250, 19.08, 18.93
 0.255, 19.26, 18.75
 0.260, 19.46, 18.62
 0.265, 19.70, 18.49
 0.270, 19.99, 18.36
 0.275, 20.32, 18.26
 0.280, 20.64, 18.16
 0.285, 21.00, 18.07
 0.290, 21.36, 18.01
 0.295, 21.73, 17.96
 0.300, 22.07, 17.92
 0.305, 22.39, 17.91
 0.310, 22.70, 17.92
 0.315, 22.94, 17.94
 0.320, 23.14, 17.99
 0.325, 23.26, 18.07
 0.330, 23.29, 18.17
 0.335, 23.25, 18.29
 0.340, 23.09, 18.43
 0.345, 22.88, 18.62
 0.350, 22.61, 18.76
 0.355, 22.30, 18.95
 0.360, 21.97, 19.12
 0.365, 21.66, 19.24
 0.370, 21.35, 19.32
 0.375, 21.05, 19.33
 0.380, 20.79, 19.31
 0.385, 20.52, 19.24
 0.390, 20.28, 19.14
 0.395, 20.05, 19.05
 0.400, 19.82, 18.95
 0.405, 19.63, 18.88
 0.410, 19.44, 18.80
 0.415, 19.26, 18.77
 0.420, 19.10, 18.72
 0.425, 18.95, 18.68
 0.430, 18.82, 18.68
 0.435, 18.73, 18.66
 0.440, 18.63, 18.65
 0.445, 18.61, 18.64
 0.450, 18.57, 18.63
 0.455, 18.59, 18.62
 0.460, 18.62, 18.62
 0.465, 18.69, 18.61
 0.470, 18.75, 18.59
 0.475, 18.86, 18.60
 0.480, 19.03, 18.60
 0.485, 19.20, 18.61
 0.490, 19.39, 18.63
 0.495, 19.64, 18.68
 0.500, 19.90, 18.72
 0.505, 20.18, 18.81
 0.510, 20.48, 18.92
 0.515, 20.79, 19.06
 0.520, 21.14, 19.24
 0.525, 21.44, 19.40
 0.530, 21.73, 19.59
 0.535, 21.96, 19.76
 0.540, 22.16, 19.89
 0.545, 22.30, 20.00
 0.550, 22.38, 20.10
 0.555, 22.39, 20.15
 0.560, 22.32, 20.18
 0.565, 22.20, 20.19
 0.570, 22.05, 20.21
 0.575, 21.85, 20.18
 0.580, 21.63, 20.14
 0.585, 21.41, 20.09
 0.590, 21.19, 20.02
 0.595, 20.97, 19.95
 0.600, 20.75, 19.86
 0.605, 20.56, 19.78
 0.610, 20.40, 19.68
 0.615, 20.23, 19.57
 0.620, 20.12, 19.47
 0.625, 20.03, 19.33
 0.630, 19.98, 19.19
 0.635, 19.94, 19.04
 0.640, 19.96, 18.90
 0.645, 20.01, 18.73
 0.650, 20.12, 18.54
 0.655, 20.27, 18.38
 0.660, 20.44, 18.20
 0.665, 20.65, 18.03
 0.670, 20.89, 17.87
 0.675, 21.17, 17.72
 0.680, 21.50, 17.59
 0.685, 21.85, 17.48
 0.690, 22.23, 17.44
 0.695, 22.65, 17.35
 0.700, 23.05, 17.32
 0.705, 23.48, 17.30
 0.710, 23.86, 17.29
 0.715, 24.25, 17.31
 0.720, 24.59, 17.33
 0.725, 24.86, 17.36
 0.730, 25.08, 17.42
 0.735, 25.22, 17.52
 0.740, 25.25, 17.61
 0.745, 25.22, 17.74
 0.750, 25.11, 17.85
 0.755, 24.92, 17.98
 0.760, 24.69, 18.12
 0.765, 24.45, 18.23
 0.770, 24.19, 18.34
 0.775, 23.95, 18.39
 0.780, 23.68, 18.40
 0.785, 23.41, 18.39
 0.790, 23.15, 18.31
 0.795, 22.87, 18.22
 0.800, 22.61, 18.11
 0.805, 22.34, 17.98
 0.810, 22.09, 17.86
 0.815, 21.86, 17.75
 0.820, 21.60, 17.63
 0.825, 21.40, 17.54
 0.830, 21.22, 17.44
 0.835, 21.02, 17.35
 0.840, 20.85, 17.30
 0.845, 20.69, 17.23
 0.850, 20.57, 17.18
 0.855, 20.45, 17.12
 0.860, 20.35, 17.10
 0.865, 20.28, 17.06
 0.870, 20.20, 17.03
 0.875, 20.15, 17.02
 0.880, 20.14, 17.01
 0.885, 20.15, 16.97
 0.890, 20.19, 16.99
 0.895, 20.24, 17.01
 0.900, 20.34, 17.03
 0.905, 20.45, 17.05
 0.910, 20.61, 17.13
 0.915, 20.78, 17.20
 0.920, 21.00, 17.30
 0.925, 21.22, 17.41
 0.930, 21.49, 17.55
 0.935, 21.78, 17.72
 0.940, 22.08, 17.88
 0.945, 22.40, 18.08
 0.950, 22.71, 18.29
 0.955, 23.03, 18.54
 0.960, 23.35, 18.79
 0.965, 23.60, 19.01
 0.970, 23.82, 19.23
 0.975, 23.97, 19.41
 0.980, 24.03, 19.59
 0.985, 24.04, 19.77
 0.990, 23.98, 19.91
 0.995, 23.82, 20.01
 1.000, 23.60, 20.11
 1.005, 23.31, 20.16
 1.010, 22.99, 20.21
 1.015, 22.66, 20.21
 1.020, 22.26, 20.22
 1.025, 21.94, 20.18
 1.030, 21.60, 20.12
 1.035, 21.27, 20.06
 1.040, 20.98, 19.97
 1.045, 20.74, 19.86
 1.050, 20.52, 19.76
 1.055, 20.33, 19.67
 1.060, 20.17, 19.54
 1.065, 20.06, 19.44
 1.070, 19.98, 19.33
 1.075, 19.93, 19.22
 1.080, 19.90, 19.07
 1.085, 19.91, 18.94
 1.090, 19.96, 18.80
 1.095, 20.04, 18.69
 1.100, 20.18, 18.55
 1.105, 20.35, 18.43
 1.110, 20.55, 18.32
 1.115, 20.78, 18.20
 1.120, 21.05, 18.13
 1.125, 21.33, 18.03
 1.130, 21.68, 17.96
 1.135, 22.05, 17.96
 1.140, 22.43, 17.97
 1.145, 22.81, 18.01
 1.150, 23.11, 18.03
 1.155, 23.38, 18.06
 1.160, 23.56, 18.12
 1.165, 23.70, 18.20
 1.170, 23.81, 18.27
 1.175, 23.83, 18.34
 1.180, 23.79, 18.39
 1.185, 23.66, 18.44
 1.190, 23.50, 18.51
 1.195, 23.29, 18.57
 1.200, 23.08, 18.63
 1.205, 22.80, 18.66
 1.210, 22.53, 18.71
 1.215, 22.22, 18.75
 1.220, 21.93, 18.81
 1.225, 21.69, 18.81
 1.230, 21.45, 18.82
 1.235, 21.22, 18.79
 1.240, 21.00, 18.79
 1.245, 20.81, 18.80
 1.250, 20.62, 18.80
 1.255, 20.44, 18.81
 1.260, 20.30, 18.83
 1.265, 20.18, 18.82
 1.270, 20.09, 18.81
 1.275, 20.03, 18.80
 1.280, 19.99, 18.78
 1.285, 19.97, 18.73
 1.290, 19.98, 18.71
 1.295, 20.01, 18.68
 1.300, 20.07, 18.61
 1.305, 20.11, 18.60
 1.310, 20.20, 18.52
 1.315, 20.28, 18.48
 1.320, 20.38, 18.44
 1.325, 20.46, 18.38
 1.330, 20.60, 18.35
 1.335, 20.73, 18.32
 1.340, 20.87, 18.29
 1.345, 21.03, 18.28
 1.350, 21.20, 18.27
 1.355, 21.42, 18.30
 1.360, 21.65, 18.34
 1.365, 21.88, 18.39
 1.370, 22.15, 18.47
 1.375, 22.39, 18.56
 1.380, 22.66, 18.65
 1.385, 22.88, 18.73
 1.390, 23.08, 18.83
 1.395, 23.26, 18.92
 1.400, 23.36, 19.02
 1.405, 23.44, 19.09
 1.410, 23.48, 19.15
 1.415, 23.46, 19.22
 1.420, 23.40, 19.26
 1.425, 23.30, 19.33
 1.430, 23.16, 19.35
 1.435, 23.00, 19.37
 1.440, 22.83, 19.36
 1.445, 22.66, 19.36
 1.450, 22.49, 19.37
 1.455, 22.33, 19.35
 1.460, 22.16, 19.33
 1.465, 22.00, 19.29
 1.470, 21.86, 19.27
 1.475, 21.75, 19.23
 1.480, 21.65, 19.19
 1.485, 21.61, 19.12
 1.490, 21.54, 19.04
 1.495, 21.54, 18.96
 1.500, 21.57, 18.84
 1.505, 21.61, 18.71
 1.510, 21.68, 18.57
 1.515, 21.80, 18.45
 1.520, 21.95, 18.30
 1.525, 22.13, 18.17
 1.530, 22.35, 18.03
 1.535, 22.58, 17.91
 1.540, 22.87, 17.82
 1.545, 23.13, 17.74
 1.550, 23.40, 17.65
 1.555, 23.65, 17.58
 1.560, 23.91, 17.52
 1.565, 24.14, 17.48
 1.570, 24.37, 17.44
 1.575, 24.57, 17.43
 1.580, 24.71, 17.40
 1.585, 24.80, 17.43
 1.590, 24.80, 17.44
 1.595, 24.72, 17.51
 1.600, 24.57, 17.59
 1.605, 24.35, 17.72
 1.610, 24.05, 17.84
 1.615, 23.76, 17.96
 1.620, 23.47, 18.01
 1.625, 23.19, 18.03
 1.630, 22.89, 17.98
 1.635, 22.63, 17.89
 1.640, 22.38, 17.80
 1.645, 22.12, 17.65
 1.650, 21.90, 17.52
 1.655, 21.69, 17.37
 1.660, 21.49, 17.24
 1.665, 21.33, 17.14
 1.670, 21.14, 17.06
 1.675, 21.01, 16.99
 1.680, 20.89, 16.91
 1.685, 20.77, 16.88
 1.690, 20.71, 16.84
 1.695, 20.63, 16.81
 1.700, 20.59, 16.79
 1.705, 20.56, 16.77
 1.710, 20.56, 16.77
 1.715, 20.59, 16.76
 1.720, 20.61, 16.75
 1.725, 20.70, 16.73
 1.730, 20.80, 16.73
 1.735, 20.91, 16.74
 1.740, 21.05, 16.75
 1.745, 21.24, 16.77
 1.750, 21.42, 16.78
 1.755, 21.66, 16.80
 1.760, 21.93, 16.83
 1.765, 22.19, 16.87
 1.770, 22.50, 16.95
 1.775, 22.82, 17.02
 1.780, 23.18, 17.11
 1.785, 23.54, 17.21
 1.790, 23.92, 17.33
 1.795, 24.32, 17.47
 1.800, 24.70, 17.63
 1.805, 25.10, 17.78
 1.810, 25.43, 17.90
 1.815, 25.75, 18.02
 1.820, 25.97, 18.13
 1.825, 26.09, 18.24
 1.830, 26.18, 18.33
 1.835, 26.17, 18.41
 1.840, 26.08, 18.46
 1.845, 25.89, 18.51
 1.850, 25.68, 18.54
 1.855, 25.38, 18.56
 1.860, 25.05, 18.57
 1.865, 24.69, 18.57
 1.870, 24.30, 18.56
 1.875, 23.92, 18.53
 1.880, 23.53, 18.51
 1.885, 23.15, 18.47
 1.890, 22.83, 18.41
 1.895, 22.49, 18.37
 1.900, 22.18, 18.30
 1.905, 21.90, 18.21
 1.910, 21.66, 18.14
 1.915, 21.44, 18.05
 1.920, 21.28, 17.95
 1.925, 21.13, 17.82
 1.930, 21.05, 17.72
 1.935, 20.99, 17.58
 1.940, 20.98, 17.43
 1.945, 21.01, 17.29
 1.950, 21.04, 17.15
 1.955, 21.13, 16.99
 1.960, 21.24, 16.83
 1.965, 21.36, 16.69
 1.970, 21.55, 16.56
 1.975, 21.74, 16.45
 1.980, 22.00, 16.31
 1.985, 22.25, 16.20
 1.990, 22.53, 16.10
 1.995, 22.82, 16.02
 2.000, 23.08, 15.95
 2.005, 23.39, 15.91
 2.010, 23.64, 15.85
 2.015, 23.87, 15.84
 2.020, 24.10, 15.85
 2.025, 24.28, 15.88
 2.030, 24.43, 15.92
 2.035, 24.49, 15.99
 2.040, 24.51, 16.06
 2.045, 24.43, 16.18
 2.050, 24.27, 16.31
 2.055, 24.06, 16.47
 2.060, 23.80, 16.66
 2.065, 23.50, 16.83
 2.070, 23.19, 17.01
 2.075, 22.89, 17.17
 2.080, 22.62, 17.27
 2.085, 22.32, 17.34
 2.090, 22.09, 17.36
 2.095, 21.84, 17.33
 2.100, 21.64, 17.32
 2.105, 21.45, 17.28
 2.110, 21.25, 17.22
 2.115, 21.10, 17.20
 2.120, 20.94, 17.19
 2.125, 20.81, 17.16
 2.130, 20.71, 17.16
 2.135, 20.60, 17.16
 2.140, 20.52, 17.19
 2.145, 20.46, 17.21
 2.150, 20.44, 17.23
 2.155, 20.42, 17.29
 2.160, 20.43, 17.32
 2.165, 20.47, 17.36
 2.170, 20.52, 17.41
 2.175, 20.59, 17.47
 2.180, 20.69, 17.51
 2.185, 20.81, 17.56
 2.190, 20.97, 17.62
 2.195, 21.15, 17.67
 2.200, 21.34, 17.73
 2.205, 21.58, 17.79
 2.210, 21.80, 17.88
 2.215, 22.04, 17.96
 2.220, 22.31, 18.07
 2.225, 22.56, 18.18
 2.230, 22.81, 18.32
 2.235, 23.07, 18.49
 2.240, 23.30, 18.67
 2.245, 23.50, 18.84
 2.250, 23.66, 19.02
 2.255, 23.78, 19.20
 2.260, 23.85, 19.36
 2.265, 23.85, 19.48
 2.270, 23.81, 19.58
 2.275, 23.68, 19.66
 2.280, 23.45, 19.74
 2.285, 23.17, 19.76
 2.290, 22.85, 19.77
 2.295, 22.46, 19.76
 2.300, 22.06, 19.73
 2.305, 21.63, 19.69
 2.310, 21.20, 19.62
 2.315, 20.79, 19.58
 2.320, 20.39, 19.53
 2.325, 20.04, 19.45
 2.330, 19.67, 19.39
 2.335, 19.35, 19.30
 2.340, 19.09, 19.24
 2.345, 18.82, 19.17
 2.350, 18.62, 19.08
 2.355, 18.44, 19.01
 2.360, 18.31, 18.92
 2.365, 18.18, 18.83
 2.370, 18.13, 18.75
 2.375, 18.10, 18.64
 2.380, 18.14, 18.55
 2.385, 18.18, 18.45
 2.390, 18.27, 18.38
 2.395, 18.40, 18.27
 2.400, 18.51, 18.17
 2.405, 18.70, 18.08
 2.410, 18.90, 17.99
 2.415, 19.15, 17.91
 2.420, 19.45, 17.83
 2.425, 19.79, 17.77
 2.430, 20.13, 17.74
 2.435, 20.52, 17.70
 2.440, 20.88, 17.66
 2.445, 21.24, 17.65
 2.450, 21.57, 17.63
 2.455, 21.91, 17.64
 2.460, 22.20, 17.65
 2.465, 22.45, 17.66
 2.470, 22.66, 17.71
 2.475, 22.80, 17.78
 2.480, 22.86, 17.86
 2.485, 22.83, 17.97
 2.490, 22.73, 18.10
 2.495, 22.52, 18.24
 2.500, 22.28, 18.40
 2.505, 21.99, 18.58
 2.510, 21.69, 18.75
 2.515, 21.40, 18.89
 2.520, 21.09, 19.01
 2.525, 20.85, 19.05
 2.530, 20.58, 19.07
 2.535, 20.35, 19.05
 2.540, 20.14, 19.01
 2.545, 19.95, 18.95
 2.550, 19.79, 18.92
 2.555, 19.60, 18.88
 2.560, 19.45, 18.86
 2.565, 19.33, 18.84
 2.570, 19.20, 18.83
 2.575, 19.10, 18.82
 2.580, 19.04, 18.84
 2.585, 18.94, 18.87
 2.590, 18.92, 18.92
 2.595, 18.90, 18.95
 2.600, 18.92, 19.01
 2.605, 18.94, 19.06
 2.610, 18.99, 19.11
 2.615, 19.05, 19.17
 2.620, 19.15, 19.23
 2.625, 19.26, 19.29
 2.630, 19.40, 19.37
 2.635, 19.57, 19.43
 2.640, 19.78, 19.48
 2.645, 20.00, 19.56
 2.650, 20.22, 19.68
 2.655, 20.50, 19.77
 2.660, 20.78, 19.85
 2.665, 21.06, 19.99
 2.670, 21.40, 20.12
 2.675, 21.68, 20.28
 2.680, 22.01, 20.44
 2.685, 22.28, 20.62
 2.690, 22.55, 20.77
 2.695, 22.80, 20.91
 2.700, 22.95, 21.03
 2.705, 23.06, 21.13
 2.710, 23.12, 21.18
 2.715, 23.07, 21.25
 2.720, 23.00, 21.30
 2.725, 22.82, 21.32
 2.730, 22.61, 21.31
 2.735, 22.36, 21.29
 2.740, 22.08, 21.25
 2.745, 21.77, 21.19
 2.750, 21.48, 21.12
 2.755, 21.17, 21.04
 2.760, 20.84, 20.92
 2.765, 20.57, 20.84
 2.770, 20.29, 20.72
 2.775, 20.05, 20.62
 2.780, 19.86, 20.52
 2.785, 19.65, 20.39
 2.790, 19.50, 20.32
 2.795, 19.35, 20.16
 2.800, 19.25, 20.02
 2.805, 19.18, 19.88
 2.810, 19.16, 19.72
 2.815, 19.16, 19.57
 2.820, 19.22, 19.40
 2.825, 19.32, 19.26
 2.830, 19.47, 19.08
 2.835, 19.59, 18.90
 2.840, 19.79, 18.74
 2.845, 20.02, 18.59
 2.850, 20.26, 18.42
 2.855, 20.56, 18.27
 2.860, 20.94, 18.14
 2.865, 21.31, 17.99
 2.870, 21.74, 17.87
 2.875, 22.16, 17.77
 2.880, 22.61, 17.69
 2.885, 23.06, 17.61
 2.890, 23.50, 17.56
 2.895, 23.94, 17.51
 2.900, 24.33, 17.47
 2.905, 24.72, 17.46
 2.910, 25.03, 17.47
 2.915, 25.26, 17.50
 2.920, 25.41, 17.57
 2.925, 25.44, 17.68
 2.930, 25.38, 17.82
 2.935, 25.23, 17.99
 2.940, 25.00, 18.20
 2.945, 24.71, 18.41
 2.950, 24.43, 18.61
 2.955, 24.14, 18.79
 2.960, 23.85, 18.93
 2.965, 23.59, 18.99
 2.970, 23.31, 18.95
 2.975, 23.07, 18.94
 2.980, 22.78, 18.85
 2.985, 22.53, 18.73
 2.990, 22.31, 18.64
 2.995, 22.04, 18.54
 3.000, 21.84, 18.48
 3.005, 21.59, 18.38
 3.010, 21.39, 18.33
 3.015, 21.21, 18.29
 3.020, 21.05, 18.24
 3.025, 20.90, 18.20
 3.030, 20.77, 18.18
 3.035, 20.63, 18.17
 3.040, 20.54, 18.17
 3.045, 20.44, 18.18
 3.050, 20.39, 18.16
 3.055, 20.32, 18.17
 3.060, 20.29, 18.15
 3.065, 20.28, 18.15
 3.070, 20.28, 18.14
 3.075, 20.30, 18.14
 3.080, 20.36, 18.13
 3.085, 20.41, 18.13
 3.090, 20.49, 18.13
 3.095, 20.61, 18.14
 3.100, 20.74, 18.17
 3.105, 20.90, 18.20
 3.110, 21.09, 18.25
 3.115, 21.31, 18.30
 3.120, 21.52, 18.36
 3.125, 21.76, 18.43
 3.130, 22.04, 18.53
 3.135, 22.33, 18.63
 3.140, 22.60, 18.75
 3.145, 22.92, 18.87
 3.150, 23.22, 18.98
 3.155, 23.51, 19.10
 3.160, 23.78, 19.19
 3.165, 23.98, 19.29
 3.170, 24.13, 19.35
 3.175, 24.22, 19.44
 3.180, 24.26, 19.54
 3.185, 24.21, 19.62
 3.190, 24.13, 19.68
 3.195, 23.96, 19.72
 3.200, 23.76, 19.72
 3.205, 23.49, 19.74
 3.210, 23.17, 19.72
 3.215, 22.87, 19.69
 3.220, 22.53, 19.65
 3.225, 22.20, 19.60
 3.230, 21.87, 19.50
 3.235, 21.59, 19.42
 3.240, 21.30, 19.35
 3.245, 21.06, 19.24
 3.250, 20.83, 19.14
 3.255, 20.63, 19.03
 3.260, 20.45, 18.93
 3.265, 20.32, 18.82
 3.270, 20.17, 18.73
 3.275, 20.10, 18.62
 3.280, 20.02, 18.50
 3.285, 20.01, 18.39
 3.290, 20.02, 18.27
 3.295, 20.04, 18.14
 3.300, 20.13, 18.04
 3.305, 20.26, 17.92
 3.310, 20.38, 17.81
 3.315, 20.58, 17.72
 3.320, 20.82, 17.62
 3.325, 21.10, 17.54
 3.330, 21.44, 17.44
 3.335, 21.82, 17.36
 3.340, 22.22, 17.30
 3.345, 22.65, 17.24
 3.350, 23.07, 17.22
 3.355, 23.52, 17.22
 3.360, 23.95, 17.23
 3.365, 24.39, 17.25
 3.370, 24.84, 17.26
 3.375, 25.22, 17.31
 3.380, 25.59, 17.36
 3.385, 25.88, 17.43
 3.390, 26.12, 17.51
 3.395, 26.27, 17.60
 3.400, 26.34, 17.71
 3.405, 26.29, 17.83
 3.410, 26.18, 17.97
 3.415, 25.98, 18.11
 3.420, 25.71, 18.25
 3.425, 25.44, 18.38
 3.430, 25.13, 18.46
 3.435, 24.79, 18.51
 3.440, 24.45, 18.56
 3.445, 24.05, 18.59
 3.450, 23.68, 18.54
 3.455, 23.30, 18.50
 3.460, 22.89, 18.42
 3.465, 22.52, 18.36
 3.470, 22.11, 18.26
 3.475, 21.73, 18.17
 3.480, 21.36, 18.08
 3.485, 21.02, 18.01
 3.490, 20.71, 17.95
 3.495, 20.38, 17.86
 3.500, 20.12, 17.83
 3.505, 19.85, 17.79
 3.510, 19.62, 17.75
 3.515, 19.40, 17.74
 3.520, 19.22, 17.73
 3.525, 19.04, 17.72
 3.530, 18.89, 17.70
 3.535, 18.75, 17.70
 3.540, 18.67, 17.71
 3.545, 18.57, 17.71
 3.550, 18.53, 17.73
 3.555, 18.53, 17.74
 3.560, 18.54, 17.79
 3.565, 18.61, 17.84
 3.570, 18.70, 17.93
 3.575, 18.82, 18.02
 3.580, 18.96, 18.13
 3.585, 19.16, 18.25
 3.590, 19.37, 18.39
 3.595, 19.62, 18.57
 3.600, 19.87, 18.74
 3.605, 20.15, 18.94
 3.610, 20.47, 19.14
 3.615, 20.77, 19.36
 3.620, 21.07, 19.55
 3.625, 21.31, 19.72
 3.630, 21.49, 19.89
 3.635, 21.60, 20.02
 3.640, 21.63, 20.15
 3.645, 21.61, 20.26
 3.650, 21.51, 20.35
 3.655, 21.32, 20.42
 3.660, 21.11, 20.46
 3.665, 20.83, 20.49
 3.670, 20.53, 20.48
 3.675, 20.23, 20.49
 3.680, 19.94, 20.45
 3.685, 19.63, 20.40
 3.690, 19.38, 20.37
 3.695, 19.12, 20.29
 3.700, 18.92, 20.23
 3.705, 18.71, 20.16
 3.710, 18.55, 20.07
 3.715, 18.42, 19.98
 3.720, 18.30, 19.89
 3.725, 18.21, 19.78
 3.730, 18.16, 19.66
 3.735, 18.12, 19.51
 3.740, 18.11, 19.37
 3.745, 18.14, 19.22
 3.750, 18.21, 19.08
 3.755, 18.30, 18.90
 3.760, 18.46, 18.75
 3.765, 18.63, 18.60
 3.770, 18.83, 18.43
 3.775, 19.07, 18.26
 3.780, 19.36, 18.13
 3.785, 19.68, 18.01
 3.790, 20.03, 17.89
 3.795, 20.44, 17.77
 3.800, 20.86, 17.71
 3.805, 21.30, 17.62
 3.810, 21.75, 17.54
 3.815, 22.17, 17.50
 3.820, 22.61, 17.46
 3.825, 22.98, 17.45
 3.830, 23.30, 17.44
 3.835, 23.59, 17.45
 3.840, 23.79, 17.49
 3.845, 23.91, 17.57
 3.850, 23.92, 17.68
 3.855, 23.81, 17.82
 3.860, 23.58, 18.00
 3.865, 23.25, 18.18
 3.870, 22.85, 18.41
 3.875, 22.43, 18.62
 3.880, 21.99, 18.83
 3.885, 21.54, 19.03
 3.890, 21.17, 19.15
 3.895, 20.78, 19.19
 3.900, 20.47, 19.15
 3.905, 20.17, 19.07
 3.910, 19.90, 18.94
 3.915, 19.63, 18.84
 3.920, 19.37, 18.71
 3.925, 19.14, 18.65
 3.930, 18.92, 18.55
 3.935, 18.70, 18.47
 3.940, 18.50, 18.44
 3.945, 18.32, 18.41
 3.950, 18.17, 18.40
 3.955, 18.06, 18.41
 3.960, 17.95, 18.44
 3.965, 17.87, 18.44
 3.970, 17.85, 18.45
 3.975, 17.82, 18.47
 3.980, 17.82, 18.51
 3.985, 17.85, 18.56
 3.990, 17.92, 18.60
 3.995, 17.99, 18.65
 4.000, 18.12, 18.71
 4.005, 18.29, 18.78
 4.010, 18.47, 18.86
 4.015, 18.68, 18.91
 4.020, 18.96, 19.01
 4.025, 19.20, 19.10
 4.030, 19.49, 19.24
 4.035, 19.83, 19.39
 4.040, 20.14, 19.57
 4.045, 20.47, 19.79
 4.050, 20.78, 20.00
 4.055, 21.08, 20.22
 4.060, 21.31, 20.43
 4.065, 21.50, 20.56
 4.070, 21.62, 20.73
 4.075, 21.64, 20.80
 4.080, 21.57, 20.89
 4.085, 21.41, 20.94
 4.090, 21.20, 20.98
 4.095, 20.93, 20.99
 4.100, 20.66, 21.01
 4.105, 20.36, 21.02
 4.110, 20.08, 21.02
 4.115, 19.82, 21.02
 4.120, 19.56, 21.00
 4.125, 19.35, 20.93
 4.130, 19.15, 20.92
 4.135, 18.97, 20.87
 4.140, 18.82, 20.82
 4.145, 18.67, 20.77
 4.150, 18.58, 20.69
 4.155, 18.48, 20.59
 4.160, 18.43, 20.47
 4.165, 18.40, 20.34
 4.170, 18.40, 20.18
 4.175, 18.43, 20.00
 4.180, 18.52, 19.84
 4.185, 18.64, 19.63
 4.190, 18.81, 19.45
 4.195, 18.98, 19.23
 4.200, 19.19, 19.02
 4.205, 19.44, 18.80
 4.210, 19.74, 18.59
 4.215, 20.07, 18.39
 4.220, 20.46, 18.18
 4.225, 20.87, 18.02
 4.230, 21.29, 17.85
 4.235, 21.73, 17.72
 4.240, 22.21, 17.58
 4.245, 22.72, 17.49
 4.250, 23.19, 17.41
 4.255, 23.66, 17.34
 4.260, 24.13, 17.30
 4.265, 24.53, 17.28
 4.270, 24.91, 17.31
 4.275, 25.15, 17.36
 4.280, 25.28, 17.47
 4.285, 25.27, 17.60
 4.290, 25.11, 17.79
 4.295, 24.82, 18.04
 4.300, 24.47, 18.30
 4.305, 24.05, 18.61
 4.310, 23.66, 18.87
 4.315, 23.29, 19.12
 4.320, 22.90, 19.29
 4.325, 22.58, 19.40
 4.330, 22.23, 19.38
 4.335, 21.89, 19.31
 4.340, 21.57, 19.20
 4.345, 21.19, 19.06
 4.350, 20.87, 18.91
 4.355, 20.51, 18.76
 4.360, 20.18, 18.65
 4.365, 19.83, 18.52
 4.370, 19.48, 18.43
 4.375, 19.16, 18.31
 4.380, 18.88, 18.22
 4.385, 18.61, 18.13
 4.390, 18.38, 18.05
 4.395, 18.13, 17.96
 4.400, 17.94, 17.91
 4.405, 17.73, 17.84
 4.410, 17.54, 17.79
 4.415, 17.39, 17.74
 4.420, 17.24, 17.67
 4.425, 17.10, 17.62
 4.430, 17.00, 17.58
 4.435, 16.91, 17.57
 4.440, 16.86, 17.54
 4.445, 16.83, 17.54
 4.450, 16.83, 17.55
 4.455, 16.89, 17.56
 4.460, 16.95, 17.58
 4.465, 17.05, 17.62
 4.470, 17.20, 17.68
 4.475, 17.39, 17.74
 4.480, 17.61, 17.84
 4.485, 17.83, 17.95
 4.490, 18.09, 18.06
 4.495, 18.39, 18.23
 4.500, 18.68, 18.43
 4.505, 19.00, 18.59
 4.510, 19.33, 18.77
 4.515, 19.60, 18.93
 4.520, 19.80, 19.05
 4.525, 20.01, 19.15
 4.530, 20.11, 19.25
 4.535, 20.18, 19.31
 4.540, 20.17, 19.38
 4.545, 20.07, 19.40
 4.550, 19.94, 19.41
 4.555, 19.77, 19.38
 4.560, 19.57, 19.36
 4.565, 19.35, 19.31
 4.570, 19.13, 19.26
 4.575, 18.91, 19.19
 4.580, 18.71, 19.10
 4.585, 18.53, 19.00
 4.590, 18.34, 18.93
 4.595, 18.18, 18.87
 4.600, 18.04, 18.77
 4.605, 17.95, 18.69
 4.610, 17.86, 18.63
 4.615, 17.81, 18.57
 4.620, 17.77, 18.47
 4.625, 17.74, 18.39
 4.630, 17.75, 18.27
 4.635, 17.77, 18.17
 4.640, 17.85, 18.05
 4.645, 17.94, 17.91
 4.650, 18.07, 17.80
 4.655, 18.20, 17.68
 4.660, 18.41, 17.58
 4.665, 18.61, 17.44
 4.670, 18.83, 17.32
 4.675, 19.06, 17.19
 4.680, 19.35, 17.07
 4.685, 19.68, 16.97
 4.690, 20.01, 16.89
 4.695, 20.39, 16.80
 4.700, 20.78, 16.74
 4.705, 21.21, 16.69
 4.710, 21.64, 16.68
 4.715, 22.11, 16.69
 4.720, 22.56, 16.70
 4.725, 23.01, 16.72
 4.730, 23.47, 16.75
 4.735, 23.86, 16.81
 4.740, 24.23, 16.88
 4.745, 24.53, 16.97
 4.750, 24.78, 17.09
 4.755, 24.91, 17.22
 4.760, 25.00, 17.40
 4.765, 24.97, 17.60
 4.770, 24.88, 17.81
 4.775, 24.75, 18.02
 4.780, 24.59, 18.22
 4.785, 24.42, 18.41
 4.790, 24.26, 18.52
 4.795, 24.08, 18.59
 4.800, 23.91, 18.56
 4.805, 23.70, 18.51
 4.810, 23.46, 18.48
 4.815, 23.20, 18.40
 4.820, 22.93, 18.36
 4.825, 22.61, 18.29
 4.830, 22.27, 18.21
 4.835, 21.94, 18.16
 4.840, 21.58, 18.08
 4.845, 21.23, 18.01
 4.850, 20.87, 17.94
 4.855, 20.52, 17.85
 4.860, 20.21, 17.77
 4.865, 19.92, 17.70
 4.870, 19.60, 17.62
 4.875, 19.33, 17.54
 4.880, 19.06, 17.50
 4.885, 18.82, 17.44
 4.890, 18.59, 17.41
 4.895, 18.36, 17.38
 4.900, 18.18, 17.36
 4.905, 17.96, 17.33
 4.910, 17.84, 17.36
 4.915, 17.68, 17.35
 4.920, 17.55, 17.37
 4.925, 17.45, 17.38
 4.930, 17.41, 17.42
 4.935, 17.39, 17.45
 4.940, 17.41, 17.53
 4.945, 17.43, 17.57
 4.950, 17.49, 17.62
 4.955, 17.62, 17.72
 4.960, 17.74, 17.79
 4.965, 17.91, 17.89
 4.970, 18.12, 17.99
 4.975, 18.37, 18.13
 4.980, 18.63, 18.24
 4.985, 18.95, 18.41
 4.990, 19.28, 18.55
 4.995, 19.67, 18.70
 5.000, 20.02, 18.85
 5.005, 20.44, 18.97
 5.010, 20.77, 19.09
 5.015, 21.07, 19.16
 5.020, 21.33, 19.25
 5.025, 21.53, 19.32
 5.030, 21.68, 19.36
 5.035, 21.76, 19.41
 5.040, 21.78, 19.47
 5.045, 21.74, 19.47
 5.050, 21.64, 19.47
 5.055, 21.50, 19.47
 5.060, 21.30, 19.47
 5.065, 21.09, 19.43
 5.070, 20.83, 19.38
 5.075, 20.60, 19.35
 5.080, 20.35, 19.28
 5.085, 20.12, 19.24
 5.090, 19.91, 19.18
 5.095, 19.70, 19.15
 5.100, 19.51, 19.09
 5.105, 19.35, 19.06
 5.110, 19.21, 19.02
 5.115, 19.10, 19.00
 5.120, 18.99, 18.93
 5.125, 18.94, 18.87
 5.130, 18.91, 18.82
 5.135, 18.89, 18.74
 5.140, 18.93, 18.65
 5.145, 18.96, 18.56
 5.150, 19.05, 18.47
 5.155, 19.17, 18.41
 5.160, 19.34, 18.31
 5.165, 19.50, 18.23
 5.170, 19.69, 18.11
 5.175, 19.90, 17.98
 5.180, 20.16, 17.89
 5.185, 20.44, 17.77
 5.190, 20.75, 17.70
 5.195, 21.11, 17.58
 5.200, 21.45, 17.48
 5.205, 21.83, 17.44
 5.210, 22.22, 17.34
 5.215, 22.61, 17.29
 5.220, 22.98, 17.25
 5.225, 23.33, 17.22
 5.230, 23.68, 17.20
 5.235, 23.95, 17.22
 5.240, 24.18, 17.25
 5.245, 24.35, 17.29
 5.250, 24.40, 17.38
 5.255, 24.38, 17.51
 5.260, 24.24, 17.69
 5.265, 24.01, 17.88
 5.270, 23.67, 18.10
 5.275, 23.32, 18.31
 5.280, 22.93, 18.56
 5.285, 22.54, 18.76
 5.290, 22.17, 18.93
 5.295, 21.83, 19.04
 5.300, 21.51, 19.04
 5.305, 21.24, 19.01
 5.310, 20.99, 18.92
 5.315, 20.75, 18.81
 5.320, 20.50, 18.68
 5.325, 20.29, 18.57
 5.330, 20.08, 18.46
 5.335, 19.89, 18.35
 5.340, 19.69, 18.27
 5.345, 19.52, 18.18
 5.350, 19.37, 18.12
 5.355, 19.25, 18.06
 5.360, 19.12, 18.00
 5.365, 19.01, 17.95
 5.370, 18.94, 17.93
 5.375, 18.88, 17.88
 5.380, 18.81, 17.85
 5.385, 18.80, 17.82
 5.390, 18.77, 17.80
 5.395, 18.79, 17.79
 5.400, 18.80, 17.76
 5.405, 18.83, 17.75
 5.410, 18.91, 17.74
 5.415, 18.98, 17.72
 5.420, 19.10, 17.72
 5.425, 19.23, 17.73
 5.430, 19.39, 17.74
 5.435, 19.60, 17.78
 5.440, 19.80, 17.83
 5.445, 20.04, 17.91
 5.450, 20.29, 17.98
 5.455, 20.56, 18.10
 5.460, 20.86, 18.25
 5.465, 21.11, 18.39
 5.470, 21.42, 18.54
 5.475, 21.69, 18.71
 5.480, 21.94, 18.86
 5.485, 22.10, 19.01
 5.490, 22.24, 19.15
 5.495, 22.30, 19.25
 5.500, 22.30, 19.35
 5.505, 22.23, 19.45
 5.510, 22.10, 19.50
 5.515, 21.92, 19.58
 5.520, 21.69, 19.60
 5.525, 21.41, 19.63
 5.530, 21.09, 19.63
 5.535, 20.80, 19.63
 5.540, 20.49, 19.60
 5.545, 20.16, 19.58
 5.550, 19.89, 19.53
 5.555, 19.60, 19.51
 5.560, 19.35, 19.47
 5.565, 19.11, 19.42
 5.570, 18.90, 19.39
 5.575, 18.74, 19.35
 5.580, 18.59, 19.30
 5.585, 18.46, 19.23
 5.590, 18.37, 19.20
 5.595, 18.30, 19.10
 5.600, 18.29, 19.02
 5.605, 18.29, 18.91
 5.610, 18.33, 18.82
 5.615, 18.42, 18.71
 5.620, 18.55, 18.61
 5.625, 18.71, 18.51
 5.630, 18.90, 18.40
 5.635, 19.08, 18.28
 5.640, 19.33, 18.17
 5.645, 19.59, 18.06
 5.650, 19.92, 17.96
 5.655, 20.29, 17.88
 5.660, 20.68, 17.79
 5.665, 21.11, 17.72
 5.670, 21.57, 17.67
 5.675, 22.02, 17.63
 5.680, 22.48, 17.59
 5.685, 22.96, 17.58
 5.690, 23.41, 17.58
 5.695, 23.84, 17.61
 5.700, 24.22, 17.65
 5.705, 24.56, 17.70
 5.710, 24.82, 17.77
 5.715, 24.98, 17.90
 5.720, 25.02, 18.06
 5.725, 24.94, 18.23
 5.730, 24.76, 18.46
 5.735, 24.50, 18.68
 5.740, 24.23, 18.91
 5.745, 23.92, 19.11
 5.750, 23.62, 19.25
 5.755, 23.32, 19.33
 5.760, 23.03, 19.31
 5.765, 22.72, 19.25
 5.770, 22.37, 19.18
 5.775, 22.06, 19.09
 5.780, 21.69, 19.01
 5.785, 21.35, 18.88
 5.790, 20.98, 18.79
 5.795, 20.61, 18.68
 5.800, 20.27, 18.60
 5.805, 19.92, 18.50
 5.810, 19.57, 18.43
 5.815, 19.29, 18.35
 5.820, 19.00, 18.25
 5.825, 18.75, 18.17
 5.830, 18.51, 18.12
 5.835, 18.29, 18.04
 5.840, 18.07, 18.00
 5.845, 17.90, 17.95
 5.850, 17.73, 17.92
 5.855, 17.56, 17.88
 5.860, 17.43, 17.86
 5.865, 17.31, 17.84
 5.870, 17.17, 17.82
 5.875, 17.07, 17.80
 5.880, 17.01, 17.83
 5.885, 16.95, 17.85
 5.890, 16.95, 17.88
 5.895, 16.93, 17.94
 5.900, 16.97, 17.99
 5.905, 17.03, 18.06
 5.910, 17.11, 18.12
 5.915, 17.21, 18.20
 5.920, 17.34, 18.30
 5.925, 17.49, 18.43
 5.930, 17.65, 18.58
 5.935, 17.83, 18.72
 5.940, 18.00, 18.90
 5.945, 18.22, 19.08
 5.950, 18.44, 19.25
 5.955, 18.65, 19.41
 5.960, 18.83, 19.57
 5.965, 18.96, 19.71
 5.970, 19.07, 19.82
 5.975, 19.15, 19.92
 5.980, 19.15, 19.97
 5.985, 19.12, 20.01
 5.990, 19.04, 20.05
 5.995, 18.89, 20.05
 6.000, 18.71, 20.05
 6.005, 18.48, 20.00
 6.010, 18.26, 19.94
 6.015, 18.01, 19.91
 6.020, 17.78, 19.82
 6.025, 17.56, 19.72
 6.030, 17.34, 19.61
 6.035, 17.14, 19.51
 6.040, 16.98, 19.41
 6.045, 16.81, 19.29
 6.050, 16.69, 19.18
 6.055, 16.60, 19.09
 6.060, 16.53, 18.98
 6.065, 16.48, 18.89
 6.070, 16.45, 18.76
 6.075, 16.44, 18.65
 6.080, 16.47, 18.53
 6.085, 16.54, 18.41
 6.090, 16.64, 18.27
 6.095, 16.77, 18.14
 6.100, 16.93, 18.00
 6.105, 17.09, 17.87
 6.110, 17.30, 17.73
 6.115, 17.54, 17.63
 6.120, 17.78, 17.50
 6.125, 18.08, 17.39
 6.130, 18.41, 17.29
 6.135, 18.77, 17.17
 6.140, 19.19, 17.08
 6.145, 19.63, 17.00
 6.150, 20.10, 16.94
 6.155, 20.60, 16.88
 6.160, 21.11, 16.86
 6.165, 21.64, 16.84
 6.170, 22.20, 16.84
 6.175, 22.69, 16.86
 6.180, 23.21, 16.86
 6.185, 23.70, 16.90
 6.190, 24.12, 16.96
 6.195, 24.50, 17.03
 6.200, 24.75, 17.14
 6.205, 24.91, 17.29
 6.210, 24.91, 17.45
 6.215, 24.78, 17.67
 6.220, 24.56, 17.90
 6.225, 24.31, 18.10
 6.230, 24.03, 18.32
 6.235, 23.73, 18.49
 6.240, 23.46, 18.59
 6.245, 23.20, 18.59
 6.250, 22.94, 18.50
 6.255, 22.64, 18.40
 6.260, 22.31, 18.28
 6.265, 21.99, 18.18
 6.270, 21.63, 18.06
 6.275, 21.28, 17.93
 6.280, 20.88, 17.82
 6.285, 20.49, 17.72
 6.290, 20.12, 17.63
 6.295, 19.69, 17.54
 6.300, 19.36, 17.44
 6.305, 19.02, 17.35
 6.310, 18.71, 17.27
 6.315, 18.42, 17.18
 6.320, 18.17, 17.09
 6.325, 17.94, 17.06
 6.330, 17.71, 16.99
 6.335, 17.49, 16.94
 6.340, 17.31, 16.92
 6.345, 17.14, 16.91
 6.350, 16.99, 16.90
 6.355, 16.84, 16.91
 6.360, 16.72, 16.92
 6.365, 16.61, 16.93
 6.370, 16.52, 16.94
 6.375, 16.47, 16.97
 6.380, 16.44, 17.05
 6.385, 16.43, 17.11
 6.390, 16.44, 17.15
 6.395, 16.48, 17.23
 6.400, 16.55, 17.31
 6.405, 16.65, 17.41
 6.410, 16.76, 17.53
 6.415, 16.92, 17.65
 6.420, 17.07, 17.79
 6.425, 17.26, 17.97
 6.430, 17.46, 18.16
 6.435, 17.68, 18.34
 6.440, 17.92, 18.53
 6.445, 18.18, 18.70
 6.450, 18.40, 18.87
 6.455, 18.59, 18.99
 6.460, 18.76, 19.10
 6.465, 18.88, 19.20
 6.470, 18.99, 19.31
 6.475, 19.02, 19.38
 6.480, 19.01, 19.46
 6.485, 18.97, 19.51
 6.490, 18.88, 19.54
 6.495, 18.76, 19.54
 6.500, 18.65, 19.54
 6.505, 18.49, 19.53
 6.510, 18.34, 19.52
 6.515, 18.21, 19.49
 6.520, 18.06, 19.42
 6.525, 17.91, 19.35
 6.530, 17.80, 19.30
 6.535, 17.69, 19.26
 6.540, 17.62, 19.19
 6.545, 17.57, 19.12
 6.550, 17.54, 19.08
 6.555, 17.52, 19.02
 6.560, 17.53, 18.98
 6.565, 17.54, 18.89
 6.570, 17.57, 18.85
 6.575, 17.64, 18.77
 6.580, 17.75, 18.67
 6.585, 17.86, 18.58
 6.590, 17.97, 18.46
 6.595, 18.18, 18.37
 6.600, 18.37, 18.29
 6.605, 18.60, 18.19
 6.610, 18.83, 18.08
 6.615, 19.09, 18.01
 6.620, 19.38, 17.94
 6.625, 19.68, 17.84
 6.630, 20.02, 17.74
 6.635, 20.35, 17.65
 6.640, 20.73, 17.59
 6.645, 21.15, 17.51
 6.650, 21.55, 17.45
 6.655, 22.00, 17.40
 6.660, 22.44, 17.36
 6.665, 22.88, 17.32
 6.670, 23.32, 17.30
 6.675, 23.72, 17.29
 6.680, 24.13, 17.28
 6.685, 24.47, 17.30
 6.690, 24.76, 17.34
 6.695, 24.98, 17.39
 6.700, 25.11, 17.49
 6.705, 25.18, 17.60
 6.710, 25.14, 17.75
 6.715, 25.05, 17.89
 6.720, 24.94, 18.03
 6.725, 24.81, 18.19
 6.730, 24.62, 18.28
 6.735, 24.45, 18.35
 6.740, 24.24, 18.35
 6.745, 24.00, 18.30
 6.750, 23.75, 18.28
 6.755, 23.46, 18.22
 6.760, 23.15, 18.17
 6.765, 22.82, 18.09
 6.770, 22.45, 18.04
 6.775, 22.09, 17.97
 6.780, 21.68, 17.90
 6.785, 21.30, 17.84
 6.790, 20.90, 17.77
 6.795, 20.51, 17.71
 6.800, 20.15, 17.62
 6.805, 19.80, 17.52
 6.810, 19.49, 17.41
 6.815, 19.18, 17.33
 6.820, 18.92, 17.26
 6.825, 18.62, 17.17
 6.830, 18.38, 17.11
 6.835, 18.15, 17.04
 6.840, 17.91, 16.98
 6.845, 17.68, 16.94
 6.850, 17.50, 16.91
 6.855, 17.32, 16.87
 6.860, 17.14, 16.86
 6.865, 17.01, 16.85
 6.870, 16.90, 16.85
 6.875, 16.81, 16.85
 6.880, 16.75, 16.87
 6.885, 16.71, 16.89
 6.890, 16.72, 16.92
 6.895, 16.74, 16.96
 6.900, 16.79, 17.01
 6.905, 16.87, 17.10
 6.910, 16.96, 17.16
 6.915, 17.09, 17.29
 6.920, 17.24, 17.41
 6.925, 17.42, 17.56
 6.930, 17.60, 17.72
 6.935, 17.83, 17.91
 6.940, 18.03, 18.10
 6.945, 18.26, 18.28
 6.950, 18.45, 18.45
 6.955, 18.61, 18.62
 6.960, 18.73, 18.77
 6.965, 18.80, 18.88
 6.970, 18.83, 18.99
 6.975, 18.82, 19.10
 6.980, 18.76, 19.20
 6.985, 18.66, 19.27
 6.990, 18.55, 19.32
 6.995, 18.40, 19.33
 7.000, 18.22, 19.34
 7.005, 18.07, 19.36
 7.010, 17.91, 19.32
 7.015, 17.78, 19.32
 7.020, 17.66, 19.30
 7.025, 17.57, 19.27
 7.030, 17.44, 19.20
 7.035, 17.35, 19.19
 7.040, 17.30, 19.12
 7.045, 17.24, 19.06
 7.050, 17.23, 18.98
 7.055, 17.26, 18.92
 7.060, 17.29, 18.83
 7.065, 17.38, 18.71
 7.070, 17.48, 18.61
 7.075, 17.64, 18.46
 7.080, 17.84, 18.35
 7.085, 18.06, 18.23
 7.090, 18.31, 18.09
 7.095, 18.59, 17.95
 7.100, 18.86, 17.80
 7.105, 19.22, 17.65
 7.110, 19.59, 17.52
 7.115, 20.01, 17.40
 7.120, 20.44, 17.26
 7.125, 20.92, 17.12
 7.130, 21.43, 17.01
 7.135, 21.92, 16.89
 7.140, 22.42, 16.81
 7.145, 22.89, 16.72
 7.150, 23.31, 16.63
 7.155, 23.72, 16.57
 7.160, 24.03, 16.56
 7.165, 24.22, 16.59
 7.170, 24.33, 16.63
 7.175, 24.28, 16.74
 7.180, 24.11, 16.88
 7.185, 23.81, 17.05
 7.190, 23.43, 17.25
 7.195, 22.97, 17.50
 7.200, 22.53, 17.72
 7.205, 22.09, 17.92
 7.210, 21.68, 18.04
 7.215, 21.32, 18.07
 7.220, 20.96, 18.02
 7.225, 20.68, 17.91
 7.230, 20.37, 17.76
 7.235, 20.10, 17.61
 7.240, 19.84, 17.48
 7.245, 19.59, 17.36
 7.250, 19.36, 17.25
 7.255, 19.10, 17.17
 7.260, 18.89, 17.11
 7.265, 18.69, 17.07
 7.270, 18.48, 17.03
 7.275, 18.29, 16.99
 7.280, 18.14, 16.99
 7.285, 17.99, 16.97
 7.290, 17.87, 16.95
 7.295, 17.78, 16.95
 7.300, 17.73, 16.93
 7.305, 17.65, 16.92
 7.310, 17.64, 16.91
 7.315, 17.64, 16.90
 7.320, 17.66, 16.88
 7.325, 17.69, 16.89
 7.330, 17.77, 16.90
 7.335, 17.86, 16.92
 7.340, 17.98, 16.96
 7.345, 18.13, 17.00
 7.350, 18.30, 17.09
 7.355, 18.51, 17.18
 7.360, 18.75, 17.29
 7.365, 19.01, 17.43
 7.370, 19.29, 17.60
 7.375, 19.59, 17.78
 7.380, 19.91, 17.96
 7.385, 20.21, 18.14
 7.390, 20.53, 18.30
 7.395, 20.77, 18.47
 7.400, 20.97, 18.60
 7.405, 21.10, 18.72
 7.410, 21.18, 18.83
 7.415, 21.16, 18.93
 7.420, 21.07, 19.03
 7.425, 20.92, 19.06
 7.430, 20.68, 19.12
 7.435, 20.46, 19.14
 7.440, 20.17, 19.15
 7.445, 19.88, 19.17
 7.450, 19.61, 19.14
 7.455, 19.30, 19.11
 7.460, 19.05, 19.09
 7.465, 18.81, 19.05
 7.470, 18.58, 18.98
 7.475, 18.39, 18.94
 7.480, 18.20, 18.87
 7.485, 18.05, 18.77
 7.490, 17.91, 18.69
 7.495, 17.84, 18.59
 7.500, 17.75, 18.46
 7.505, 17.72, 18.35
 7.510, 17.71, 18.22
 7.515, 17.73, 18.08
 7.520, 17.80, 17.98
 7.525, 17.91, 17.83
 7.530, 18.04, 17.71
 7.535, 18.20, 17.59
 7.540, 18.38, 17.44
 7.545, 18.60, 17.31
 7.550, 18.81, 17.15
 7.555, 19.04, 17.00
 7.560, 19.32, 16.88
 7.565, 19.62, 16.75
 7.570, 19.98, 16.65
 7.575, 20.35, 16.55
 7.580, 20.79, 16.48
 7.585, 21.24, 16.42
 7.590, 21.67, 16.38
 7.595, 22.11, 16.33
 7.600, 22.52, 16.30
 7.605, 22.94, 16.31
 7.610, 23.31, 16.34
 7.615, 23.62, 16.36
 7.620, 23.92, 16.41
 7.625, 24.08, 16.50
 7.630, 24.18, 16.61
 7.635, 24.16, 16.75
 7.640, 24.02, 16.94
 7.645, 23.78, 17.16
 7.650, 23.48, 17.39
 7.655, 23.09, 17.65
 7.660, 22.72, 17.88
 7.665, 22.36, 18.11
 7.670, 22.00, 18.30
 7.675, 21.70, 18.40
 7.680, 21.39, 18.41
 7.685, 21.12, 18.34
 7.690, 20.87, 18.25
 7.695, 20.60, 18.08
 7.700, 20.37, 17.94
 7.705, 20.13, 17.79
 7.710, 19.90, 17.66
 7.715, 19.67, 17.53
 7.720, 19.45, 17.40
 7.725, 19.24, 17.31
 7.730, 19.04, 17.20
 7.735, 18.87, 17.14
 7.740, 18.71, 17.08
 7.745, 18.57, 17.02
 7.750, 18.41, 16.97
 7.755, 18.30, 16.95
 7.760, 18.20, 16.92
 7.765, 18.12, 16.89
 7.770, 18.05, 16.85
 7.775, 18.01, 16.81
 7.780, 17.98, 16.77
 7.785, 17.97, 16.75
 7.790, 17.99, 16.74
 7.795, 18.07, 16.73
 7.800, 18.10, 16.73
 7.805, 18.20, 16.74
 7.810, 18.33, 16.75
 7.815, 18.49, 16.77
 7.820, 18.69, 16.85
 7.825, 18.90, 16.90
 7.830, 19.15, 16.98
 7.835, 19.43, 17.09
 7.840, 19.72, 17.21
 7.845, 20.05, 17.33
 7.850, 20.41, 17.49
 7.855, 20.78, 17.65
 7.860, 21.15, 17.80
 7.865, 21.50, 17.95
 7.870, 21.81, 18.08
 7.875, 22.06, 18.19
 7.880, 22.25, 18.33
 7.885, 22.35, 18.44
 7.890, 22.38, 18.54
 7.895, 22.35, 18.62
 7.900, 22.24, 18.71
 7.905, 22.05, 18.75
 7.910, 21.83, 18.79
 7.915, 21.54, 18.80
 7.920, 21.24, 18.79
 7.925, 20.96, 18.80
 7.930, 20.65, 18.79
 7.935, 20.37, 18.76
 7.940, 20.09, 18.71
 7.945, 19.82, 18.69
 7.950, 19.60, 18.66
 7.955, 19.38, 18.61
 7.960, 19.22, 18.55
 7.965, 19.08, 18.51
 7.970, 18.94, 18.43
 7.975, 18.84, 18.36
 7.980, 18.79, 18.26
 7.985, 18.72, 18.15
 7.990, 18.73, 18.02
 7.995, 18.74, 17.88
 8.000, 18.83, 17.79
 8.005, 18.93, 17.65
 8.010, 19.08, 17.54
 8.015, 19.25, 17.42
 8.020, 19.40, 17.26
 8.025, 19.58, 17.13
 8.030, 19.80, 17.00
 8.035, 20.05, 16.88
 8.040, 20.33, 16.80
 8.045, 20.66, 16.69
 8.050, 20.97, 16.61
 8.055, 21.36, 16.55
 8.060, 21.71, 16.46
 8.065, 22.09, 16.42
 8.070, 22.45, 16.37
 8.075, 22.80, 16.36
 8.080, 23.16, 16.33
 8.085, 23.42, 16.31
 8.090, 23.64, 16.35
 8.095, 23.82, 16.40
 8.100, 23.92, 16.49
 8.105, 23.90, 16.61
 8.110, 23.79, 16.73
 8.115, 23.59, 16.89
 8.120, 23.29, 17.09
 8.125, 22.97, 17.26
 8.130, 22.59, 17.45
 8.135, 22.22, 17.61
 8.140, 21.84, 17.72
 8.145, 21.47, 17.75
 8.150, 21.13, 17.69
 8.155, 20.77, 17.60
 8.160, 20.44, 17.47
 8.165, 20.12, 17.30
 8.170, 19.79, 17.15
 8.175, 19.49, 17.00
 8.180, 19.19, 16.90
 8.185, 18.91, 16.77
 8.190, 18.63, 16.66
 8.195, 18.37, 16.57
 8.200, 18.16, 16.50
 8.205, 17.93, 16.44
 8.210, 17.73, 16.37
 8.215, 17.54, 16.31
 8.220, 17.39, 16.27
 8.225, 17.27, 16.20
 8.230, 17.17, 16.14
 8.235, 17.09, 16.07
 8.240, 17.02, 16.02
 8.245, 17.00, 16.00
 8.250, 16.99, 15.95
 8.255, 17.02, 15.91
 8.260, 17.05, 15.90
 8.265, 17.14, 15.91
 8.270, 17.26, 15.91
 8.275, 17.40, 15.93
 8.280, 17.56, 16.00
 8.285, 17.75, 16.05
 8.290, 17.97, 16.13
 8.295, 18.22, 16.26
 8.300, 18.45, 16.39
 8.305, 18.73, 16.55
 8.310, 19.02, 16.72
 8.315, 19.27, 16.91
 8.320, 19.56, 17.09
 8.325, 19.79, 17.23
 8.330, 19.99, 17.41
 8.335, 20.10, 17.52
 8.340, 20.20, 17.63
 8.345, 20.20, 17.69
 8.350, 20.12, 17.75
 8.355, 19.98, 17.76
 8.360, 19.78, 17.79
 8.365, 19.50, 17.76
 8.370, 19.21, 17.74
 8.375, 18.93, 17.68
 8.380, 18.62, 17.64
 8.385, 18.31, 17.58
 8.390, 18.02, 17.52
 8.395, 17.77, 17.46
 8.400, 17.56, 17.39
 8.405, 17.32, 17.36
 8.410, 17.16, 17.29
 8.415, 17.00, 17.24
 8.420, 16.91, 17.17
 8.425, 16.82, 17.13
 8.430, 16.76, 17.05
 8.435, 16.73, 17.00
 8.440, 16.75, 16.91
 8.445, 16.78, 16.83
 8.450, 16.84, 16.74
 8.455, 16.93, 16.66
 8.460, 17.05, 16.53
 8.465, 17.21, 16.44
 8.470, 17.38, 16.32
 8.475, 17.60, 16.26
 8.480, 17.83, 16.17
 8.485, 18.09, 16.08
 8.490, 18.36, 16.00
 8.495, 18.64, 15.89
 8.500, 18.97, 15.82
 8.505, 19.34, 15.77
 8.510, 19.71, 15.68
 8.515, 20.12, 15.68
 8.520, 20.56, 15.65
 8.525, 20.99, 15.61
 8.530, 21.47, 15.60
 8.535, 21.91, 15.60
 8.540, 22.35, 15.64
 8.545, 22.77, 15.66
 8.550, 23.15, 15.71
 8.555, 23.47, 15.78
 8.560, 23.69, 15.85
 8.565, 23.80, 15.98
 8.570, 23.78, 16.17
 8.575, 23.65, 16.37
 8.580, 23.39, 16.65
 8.585, 23.07, 16.91
 8.590, 22.72, 17.22
 8.595, 22.34, 17.49
 8.600, 21.99, 17.74
 8.605, 21.64, 17.85
 8.610, 21.32, 17.83
 8.615, 21.03, 17.75
 8.620, 20.70, 17.58
 8.625, 20.44, 17.42
 8.630, 20.13, 17.20
 8.635, 19.86, 17.00
 8.640, 19.57, 16.81
 8.645, 19.32, 16.64
 8.650, 19.04, 16.48
 8.655, 18.78, 16.33
 8.660, 18.56, 16.22
 8.665, 18.31, 16.10
 8.670, 18.12, 16.00
 8.675, 17.94, 15.93
 8.680, 17.73, 15.87
 8.685, 17.58, 15.84
 8.690, 17.43, 15.78
 8.695, 17.30, 15.73
 8.700, 17.18, 15.69
 8.705, 17.07, 15.66
 8.710, 16.99, 15.64
 8.715, 16.91, 15.61
 8.720, 16.86, 15.60
 8.725, 16.83, 15.60
 8.730, 16.83, 15.62
 8.735, 16.86, 15.64
 8.740, 16.91, 15.69
 8.745, 16.97, 15.76
 8.750, 17.09, 15.85
 8.755, 17.22, 15.96
 8.760, 17.38, 16.07
 8.765, 17.54, 16.24
 8.770, 17.76, 16.43
 8.775, 17.95, 16.61
 8.780, 18.17, 16.84
 8.785, 18.42, 17.06
 8.790, 18.66, 17.26
 8.795, 18.90, 17.47
 8.800, 19.07, 17.64
 8.805, 19.23, 17.81
 8.810, 19.31, 17.95
 8.815, 19.35, 18.06
 8.820, 19.30, 18.17
 8.825, 19.20, 18.23
 8.830, 19.06, 18.28
 8.835, 18.87, 18.32
 8.840, 18.64, 18.33
 8.845, 18.42, 18.33
 8.850, 18.20, 18.30
 8.855, 17.98, 18.25
 8.860, 17.79, 18.24
 8.865, 17.59, 18.20
 8.870, 17.46, 18.13
 8.875, 17.35, 18.08
 8.880, 17.24, 18.02
 8.885, 17.16, 17.94
 8.890, 17.13, 17.88
 8.895, 17.11, 17.79
 8.900, 17.13, 17.71
 8.905, 17.15, 17.61
 8.910, 17.20, 17.50
 8.915, 17.31, 17.39
 8.920, 17.39, 17.21
 8.925, 17.55, 17.10
 8.930, 17.73, 16.95
 8.935, 17.92, 16.80
 8.940, 18.17, 16.68
 8.945, 18.42, 16.51
 8.950, 18.72, 16.41
 8.955, 19.03, 16.25
 8.960, 19.37, 16.12
 8.965, 19.76, 16.01
 8.970, 20.15, 15.89
 8.975, 20.59, 15.81
 8.980, 21.06, 15.72
 8.985, 21.52, 15.68
 8.990, 22.02, 15.64
 8.995, 22.54, 15.60
 9.000, 23.01, 15.60
 9.005, 23.51, 15.62
 9.010, 23.95, 15.66
 9.015, 24.34, 15.73
 9.020, 24.68, 15.80
 9.025, 24.90, 15.91
 9.030, 25.02, 16.06
 9.035, 25.02, 16.26
 9.040, 24.88, 16.48
 9.045, 24.59, 16.75
 9.050, 24.23, 17.04
 9.055, 23.80, 17.37
 9.060, 23.36, 17.71
 9.065, 22.94, 18.06
 9.070, 22.51, 18.36
 9.075, 22.14, 18.56
 9.080, 21.79, 18.66
 9.085, 21.45, 18.66
 9.090, 21.14, 18.61
 9.095, 20.79, 18.49
 9.100, 20.51, 18.36
 9.105, 20.21, 18.22
 9.110, 19.90, 18.11
 9.115, 19.58, 17.98
 9.120, 19.28, 17.85
 9.125, 19.02, 17.76
 9.130, 18.72, 17.65
 9.135, 18.49, 17.57
 9.140, 18.27, 17.47
 9.145, 18.01, 17.38
 9.150, 17.82, 17.32
 9.155, 17.63, 17.24
 9.160, 17.46, 17.16
 9.165, 17.31, 17.13
 9.170, 17.18, 17.03
 9.175, 17.06, 16.96
 9.180, 16.98, 16.92
 9.185, 16.89, 16.84
 9.190, 16.84, 16.78
 9.195, 16.78, 16.72
 9.200, 16.79, 16.68
 9.205, 16.79, 16.64
 9.210, 16.80, 16.61
 9.215, 16.85, 16.57
 9.220, 16.93, 16.57
 9.225, 17.02, 16.59
 9.230, 17.12, 16.64
 9.235, 17.27, 16.69
 9.240, 17.39, 16.82
 9.245, 17.53, 16.94
 9.250, 17.68, 17.06
 9.255, 17.83, 17.24
 9.260, 17.96, 17.38
 9.265, 18.06, 17.52
 9.270, 18.13, 17.64
 9.275, 18.16, 17.71
 9.280, 18.17, 17.78
 9.285, 18.13, 17.81
 9.290, 18.06, 17.81
 9.295, 17.95, 17.82
 9.300, 17.82, 17.81
 9.305, 17.70, 17.80
 9.310, 17.59, 17.77
 9.315, 17.48, 17.74
 9.320, 17.37, 17.72
 9.325, 17.28, 17.71
 9.330, 17.20, 17.69
 9.335, 17.16, 17.68
 9.340, 17.12, 17.67
 9.345, 17.12, 17.67
 9.350, 17.13, 17.63
 9.355, 17.15, 17.61
 9.360, 17.21, 17.56
 9.365, 17.30, 17.51
 9.370, 17.39, 17.43
 9.375, 17.53, 17.37
 9.380, 17.74, 17.29
 9.385, 17.91, 17.19
 9.390, 18.17, 17.14
 9.395, 18.42, 17.05
 9.400, 18.71, 16.98
 9.405, 19.03, 16.90
 9.410, 19.35, 16.82
 9.415, 19.72, 16.77
 9.420, 20.13, 16.72
 9.425, 20.55, 16.66
 9.430, 21.02, 16.63
 9.435, 21.44, 16.58
 9.440, 21.89, 16.57
 9.445, 22.33, 16.56
 9.450, 22.74, 16.56
 9.455, 23.12, 16.55
 9.460, 23.47, 16.56
 9.465, 23.75, 16.60
 9.470, 23.96, 16.66
 9.475, 24.06, 16.72
 9.480, 24.08, 16.85
 9.485, 23.99, 17.01
 9.490, 23.82, 17.20
 9.495, 23.55, 17.44
 9.500, 23.30, 17.65
 9.505, 23.02, 17.86
 9.510, 22.74, 17.96
 9.515, 22.45, 18.01
 9.520, 22.11, 17.98
 9.525, 21.81, 17.91
 9.530, 21.46, 17.80
 9.535, 21.12, 17.68
 9.540, 20.79, 17.54
 9.545, 20.45, 17.38
 9.550, 20.11, 17.26
 9.555, 19.79, 17.14
 9.560, 19.47, 17.00
 9.565, 19.18, 16.90
 9.570, 18.90, 16.79
 9.575, 18.62, 16.71
 9.580, 18.37, 16.63
 9.585, 18.13, 16.53
 9.590, 17.91, 16.48
 9.595, 17.70, 16.44
 9.600, 17.52, 16.38
 9.605, 17.33, 16.31
 9.610, 17.20, 16.28
 9.615, 17.09, 16.24
 9.620, 17.00, 16.19
 9.625, 16.93, 16.16
 9.630, 16.89, 16.12
 9.635, 16.86, 16.09
 9.640, 16.89, 16.10
 9.645, 16.90, 16.09
 9.650, 16.99, 16.09
 9.655, 17.09, 16.12
 9.660, 17.22, 16.18
 9.665, 17.37, 16.25
 9.670, 17.56, 16.34
 9.675, 17.77, 16.48
 9.680, 18.02, 16.65
 9.685, 18.26, 16.83
 9.690, 18.53, 17.04
 9.695, 18.80, 17.22
 9.700, 19.05, 17.40
 9.705, 19.27, 17.56
 9.710, 19.46, 17.69
 9.715, 19.60, 17.83
 9.720, 19.71, 17.97
 9.725, 19.76, 18.05
 9.730, 19.74, 18.15
 9.735, 19.71, 18.24
 9.740, 19.62, 18.32
 9.745, 19.54, 18.38
 9.750, 19.45, 18.44
 9.755, 19.35, 18.50
 9.760, 19.24, 18.56
 9.765, 19.16, 18.60
 9.770, 19.09, 18.66
 9.775, 19.01, 18.68
 9.780, 18.97, 18.72
 9.785, 18.98, 18.76
 9.790, 18.98, 18.78
 9.795, 19.02, 18.76
 9.800, 19.07, 18.72
 9.805, 19.16, 18.68
 9.810, 19.28, 18.60
 9.815, 19.45, 18.49
 9.820, 19.63, 18.40
 9.825, 19.81, 18.26
 9.830, 20.09, 18.09
 9.835, 20.34, 17.95
 9.840, 20.64, 17.77
 9.845, 20.96, 17.61
 9.850, 21.28, 17.45
 9.855, 21.68, 17.31
 9.860, 22.05, 17.19
 9.865, 22.41, 17.06
 9.870, 22.76, 16.95
 9.875, 23.07, 16.86
 9.880, 23.39, 16.77
 9.885, 23.66, 16.70
 9.890, 23.88, 16.63
 9.895, 24.04, 16.63
 9.900, 24.08, 16.61
 9.905, 24.05, 16.66
 9.910, 23.91, 16.73
 9.915, 23.64, 16.90
 9.920, 23.31, 17.06
 9.925, 22.92, 17.25
 9.930, 22.50, 17.45
 9.935, 22.09, 17.64
 9.940, 21.69, 17.81
 9.945, 21.29, 17.91
 9.950, 20.97, 17.95
 9.955, 20.63, 17.93
 9.960, 20.35, 17.87
 9.965, 20.10, 17.79
 9.970, 19.86, 17.68
 9.975, 19.65, 17.57
 9.980, 19.45, 17.46
 9.985, 19.27, 17.38
 9.990, 19.11, 17.30
 9.995, 18.94, 17.20
10.000, 18.84, 17.15
10.005, 18.76, 17.09
10.010, 18.69, 17.04
10.015, 18.62, 16.98
10.020, 18.61, 16.94
10.025, 18.60, 16.90
10.030, 18.63, 16.86
10.035, 18.67, 16.78
10.040, 18.73, 16.75
10.045, 18.83, 16.72
10.050, 18.93, 16.69
10.055, 19.09, 16.66
10.060, 19.25, 16.63
10.065, 19.43, 16.61
10.070, 19.65, 16.59
10.075, 19.89, 16.58
10.080, 20.14, 16.62
10.085, 20.41, 16.65
10.090, 20.67, 16.69
10.095, 20.97, 16.77
10.100, 21.19, 16.89
10.105, 21.45, 17.00
10.110, 21.66, 17.12
10.115, 21.86, 17.28
10.120, 22.01, 17.40
10.125, 22.07, 17.50
10.130, 22.11, 17.58
10.135, 22.06, 17.64
10.140, 21.95, 17.70
10.145, 21.76, 17.73
10.150, 21.53, 17.73
10.155, 21.29, 17.75
10.160, 20.99, 17.75
10.165, 20.68, 17.75
10.170, 20.38, 17.74
10.175, 20.09, 17.71
10.180, 19.78, 17.70
10.185, 19.52, 17.69
10.190, 19.29, 17.65
10.195, 19.07, 17.63
10.200, 18.87, 17.60
10.205, 18.71, 17.57
10.210, 18.58, 17.53
10.215, 18.49, 17.48
10.220, 18.41, 17.39
10.225, 18.38, 17.30
10.230, 18.40, 17.19
10.235, 18.44, 17.11
10.240, 18.54, 17.00
10.245, 18.65, 16.90
10.250, 18.80, 16.80
10.255, 18.98, 16.69
10.260, 19.18, 16.56
10.265, 19.41, 16.45
10.270, 19.69, 16.34
10.275, 19.99, 16.24
10.280, 20.32, 16.16
10.285, 20.66, 16.09
10.290, 21.01, 16.02
10.295, 21.38, 15.97
10.300, 21.71, 15.92
10.305, 22.07, 15.93
10.310, 22.37, 15.91
10.315, 22.67, 15.94
10.320, 22.94, 15.96
10.325, 23.12, 16.00
10.330, 23.26, 16.07
10.335, 23.29, 16.17
10.340, 23.24, 16.29
10.345, 23.08, 16.47
10.350, 22.84, 16.64
10.355, 22.53, 16.88
10.360, 22.17, 17.09
10.365, 21.81, 17.32
10.370, 21.47, 17.52
10.375, 21.12, 17.64
10.380, 20.80, 17.75
10.385, 20.52, 17.77
10.390, 20.23, 17.74
10.395, 19.97, 17.69
10.400, 19.73, 17.60
10.405, 19.51, 17.54
10.410, 19.28, 17.48
10.415, 19.09, 17.41
10.420, 18.91, 17.36
10.425, 18.74, 17.29
10.430, 18.60, 17.23
10.435, 18.45, 17.18
10.440, 18.36, 17.16
10.445, 18.27, 17.14
10.450, 18.21, 17.09
10.455, 18.19, 17.08
10.460, 18.17, 17.05
10.465, 18.18, 17.05
10.470, 18.23, 17.02
10.475, 18.27, 17.01
10.480, 18.37, 17.00
10.485, 18.49, 17.03
10.490, 18.64, 17.02
10.495, 18.83, 17.03
10.500, 19.04, 17.05
10.505, 19.28, 17.07
10.510, 19.56, 17.10
10.515, 19.82, 17.17
10.520, 20.15, 17.22
10.525, 20.47, 17.33
10.530, 20.83, 17.44
10.535, 21.16, 17.59
10.540, 21.46, 17.75
10.545, 21.74, 17.94
10.550, 22.00, 18.10
10.555, 22.21, 18.28
10.560, 22.36, 18.41
10.565, 22.43, 18.51
10.570, 22.43, 18.61
10.575, 22.38, 18.70
10.580, 22.24, 18.72
10.585, 22.03, 18.75
10.590, 21.78, 18.78
10.595, 21.51, 18.77
10.600, 21.24, 18.77
10.605, 20.95, 18.74
10.610, 20.68, 18.71
10.615, 20.42, 18.67
10.620, 20.17, 18.66
10.625, 19.95, 18.57
10.630, 19.76, 18.53
10.635, 19.61, 18.49
10.640, 19.48, 18.44
10.645, 19.39, 18.37
10.650, 19.32, 18.32
10.655, 19.28, 18.23
10.660, 19.30, 18.13
10.665, 19.34, 18.02
10.670, 19.38, 17.88
10.675, 19.49, 17.79
10.680, 19.66, 17.67
10.685, 19.82, 17.56
10.690, 20.01, 17.42
10.695, 20.26, 17.31
10.700, 20.49, 17.19
10.705, 20.82, 17.06
10.710, 21.12, 16.92
10.715, 21.51, 16.84
10.720, 21.91, 16.72
10.725, 22.32, 16.62
10.730, 22.78, 16.56
10.735, 23.22, 16.50
10.740, 23.70, 16.46
10.745, 24.14, 16.44
10.750, 24.58, 16.45
10.755, 25.00, 16.47
10.760, 25.34, 16.50
10.765, 25.60, 16.58
10.770, 25.76, 16.69
10.775, 25.82, 16.85
10.780, 25.71, 17.06
10.785, 25.46, 17.34
10.790, 25.12, 17.64
10.795, 24.71, 17.97
10.800, 24.30, 18.30
10.805, 23.91, 18.61
10.810, 23.52, 18.81
10.815, 23.18, 18.85
10.820, 22.80, 18.82
10.825, 22.48, 18.72
10.830, 22.13, 18.55
10.835, 21.85, 18.40
10.840, 21.56, 18.20
10.845, 21.28, 18.03
10.850, 21.01, 17.88
10.855, 20.76, 17.76
10.860, 20.53, 17.64
10.865, 20.32, 17.54
10.870, 20.12, 17.42
10.875, 19.96, 17.34
10.880, 19.82, 17.30
10.885, 19.70, 17.20
10.890, 19.59, 17.16
10.895, 19.51, 17.09
10.900, 19.46, 17.05
10.905, 19.43, 17.00
10.910, 19.39, 16.95
10.915, 19.41, 16.93
10.920, 19.45, 16.88
10.925, 19.49, 16.87
10.930, 19.58, 16.87
10.935, 19.68, 16.85
10.940, 19.81, 16.85
10.945, 19.96, 16.87
10.950, 20.12, 16.90
10.955, 20.33, 16.97
10.960, 20.55, 17.03
10.965, 20.78, 17.14
10.970, 21.05, 17.28
10.975, 21.32, 17.42
10.980, 21.63, 17.61
10.985, 21.87, 17.77
10.990, 22.16, 17.97
10.995, 22.39, 18.15
11.000, 22.58, 18.30
11.005, 22.72, 18.45
11.010, 22.80, 18.56
11.015, 22.81, 18.67
11.020, 22.78, 18.72
11.025, 22.66, 18.81
11.030, 22.49, 18.83
11.035, 22.29, 18.84
11.040, 22.06, 18.84
11.045, 21.80, 18.84
11.050, 21.56, 18.83
11.055, 21.29, 18.80
11.060, 21.04, 18.75
11.065, 20.80, 18.70
11.070, 20.60, 18.65
11.075, 20.39, 18.60
11.080, 20.18, 18.56
11.085, 20.03, 18.49
11.090, 19.89, 18.47
11.095, 19.75, 18.43
11.100, 19.65, 18.37
11.105, 19.57, 18.31
11.110, 19.49, 18.26
11.115, 19.48, 18.18
11.120, 19.46, 18.10
11.125, 19.49, 18.03
11.130, 19.58, 17.94
11.135, 19.68, 17.84
11.140, 19.82, 17.78
11.145, 20.00, 17.70
11.150, 20.20, 17.64
11.155, 20.43, 17.53
11.160, 20.66, 17.44
11.165, 20.96, 17.41
11.170, 21.29, 17.33
11.175, 21.61, 17.27
11.180, 22.01, 17.22
11.185, 22.37, 17.19
11.190, 22.78, 17.16
11.195, 23.20, 17.17
11.200, 23.61, 17.19
11.205, 24.05, 17.21
11.210, 24.48, 17.24
11.215, 24.86, 17.27
11.220, 25.23, 17.32
11.225, 25.51, 17.38
11.230, 25.77, 17.50
11.235, 25.89, 17.60
11.240, 25.94, 17.77
11.245, 25.86, 17.99
11.250, 25.68, 18.22
11.255, 25.45, 18.50
11.260, 25.22, 18.74
11.265, 24.95, 18.99
11.270, 24.70, 19.14
11.275, 24.42, 19.21
11.280, 24.15, 19.21
11.285, 23.87, 19.16
11.290, 23.56, 19.07
11.295, 23.25, 18.98
11.300, 22.97, 18.89
11.305, 22.63, 18.75
11.310, 22.32, 18.66
11.315, 22.00, 18.54
11.320, 21.69, 18.45
11.325, 21.40, 18.36
11.330, 21.12, 18.26
11.335, 20.86, 18.18
11.340, 20.60, 18.08
11.345, 20.36, 17.99
11.350, 20.19, 17.94
11.355, 19.98, 17.85
11.360, 19.81, 17.80
11.365, 19.68, 17.74
11.370, 19.56, 17.64
11.375, 19.47, 17.57
11.380, 19.39, 17.52
11.385, 19.34, 17.47
11.390, 19.34, 17.42
11.395, 19.32, 17.39
11.400, 19.37, 17.37
11.405, 19.40, 17.35
11.410, 19.47, 17.34
11.415, 19.60, 17.35
11.420, 19.71, 17.38
11.425, 19.90, 17.41
11.430, 20.10, 17.51
11.435, 20.33, 17.57
11.440, 20.56, 17.68
11.445, 20.79, 17.81
11.450, 21.08, 17.96
11.455, 21.38, 18.13
11.460, 21.66, 18.29
11.465, 21.96, 18.47
11.470, 22.24, 18.63
11.475, 22.48, 18.81
11.480, 22.70, 18.97
11.485, 22.82, 19.13
11.490, 22.91, 19.25
11.495, 22.92, 19.37
11.500, 22.89, 19.47
11.505, 22.79, 19.58
11.510, 22.63, 19.65
11.515, 22.41, 19.69
11.520, 22.17, 19.72
11.525, 21.89, 19.74
11.530, 21.58, 19.75
11.535, 21.28, 19.74
11.540, 20.96, 19.71
11.545, 20.64, 19.65
11.550, 20.36, 19.60
11.555, 20.07, 19.53
11.560, 19.84, 19.48
11.565, 19.61, 19.40
11.570, 19.41, 19.33
11.575, 19.22, 19.26
11.580, 19.06, 19.17
11.585, 18.96, 19.11
11.590, 18.86, 19.02
11.595, 18.82, 18.94
11.600, 18.82, 18.85
11.605, 18.81, 18.78
11.610, 18.89, 18.68
11.615, 18.98, 18.60
11.620, 19.12, 18.52
11.625, 19.28, 18.47
11.630, 19.51, 18.40
11.635, 19.74, 18.31
11.640, 19.99, 18.25
11.645, 20.28, 18.18
11.650, 20.62, 18.14
11.655, 20.98, 18.07
11.660, 21.39, 18.05
11.665, 21.80, 18.01
11.670, 22.25, 17.97
11.675, 22.66, 17.97
11.680, 23.09, 17.99
11.685, 23.49, 18.00
11.690, 23.84, 18.02
11.695, 24.17, 18.08
11.700, 24.40, 18.13
11.705, 24.58, 18.20
11.710, 24.64, 18.32
11.715, 24.60, 18.45
11.720, 24.46, 18.63
11.725, 24.19, 18.83
11.730, 23.85, 19.06
11.735, 23.51, 19.27
11.740, 23.17, 19.46
11.745, 22.80, 19.61
11.750, 22.50, 19.66
11.755, 22.15, 19.59
11.760, 21.85, 19.49
11.765, 21.56, 19.36
11.770, 21.28, 19.20
11.775, 20.99, 19.03
11.780, 20.72, 18.88
11.785, 20.48, 18.74
11.790, 20.23, 18.64
11.795, 20.00, 18.54
11.800, 19.78, 18.44
11.805, 19.57, 18.39
11.810, 19.38, 18.33
11.815, 19.23, 18.30
11.820, 19.06, 18.25
11.825, 18.94, 18.26
11.830, 18.83, 18.25
11.835, 18.73, 18.24
11.840, 18.64, 18.25
11.845, 18.61, 18.23
11.850, 18.54, 18.25
11.855, 18.52, 18.24
11.860, 18.52, 18.25
11.865, 18.57, 18.26
11.870, 18.61, 18.24
11.875, 18.69, 18.26
11.880, 18.78, 18.29
11.885, 18.90, 18.34
11.890, 19.03, 18.38
11.895, 19.20, 18.44
11.900, 19.36, 18.51
11.905, 19.58, 18.61
11.910, 19.81, 18.71
11.915, 20.03, 18.85
11.920, 20.32, 18.98
11.925, 20.60, 19.10
11.930, 20.90, 19.25
11.935, 21.19, 19.35
11.940, 21.45, 19.44
11.945, 21.71, 19.53
11.950, 21.86, 19.61
11.955, 22.02, 19.68
11.960, 22.08, 19.71
11.965, 22.06, 19.77
11.970, 22.04, 19.79
11.975, 21.90, 19.81
11.980, 21.72, 19.83
11.985, 21.47, 19.85
11.990, 21.21, 19.83
11.995, 20.92, 19.80
12.000, 20.63, 19.78
12.005, 20.32, 19.74
12.010, 20.03, 19.72
12.015, 19.73, 19.68
12.020, 19.46, 19.62
12.025, 19.23, 19.60
12.030, 19.00, 19.52
12.035, 18.84, 19.51
12.040, 18.65, 19.45
12.045, 18.53, 19.41
12.050, 18.42, 19.35
12.055, 18.35, 19.29
12.060, 18.27, 19.20
12.065, 18.27, 19.11
12.070, 18.27, 19.00
12.075, 18.30, 18.87
12.080, 18.36, 18.74
12.085, 18.49, 18.64
12.090, 18.63, 18.49
12.095, 18.83, 18.35
12.100, 19.02, 18.22
12.105, 19.25, 18.08
12.110, 19.49, 17.94
12.115, 19.78, 17.81
12.120, 20.09, 17.68
12.125, 20.40, 17.54
12.130, 20.77, 17.43
12.135, 21.13, 17.34
12.140, 21.56, 17.26
12.145, 21.96, 17.17
12.150, 22.38, 17.10
12.155, 22.85, 17.05
12.160, 23.25, 16.99
12.165, 23.65, 16.94
12.170, 24.01, 16.92
12.175, 24.30, 16.93
12.180, 24.50, 16.98
12.185, 24.58, 17.07
12.190, 24.51, 17.20
12.195, 24.34, 17.44
12.200, 24.07, 17.69
12.205, 23.78, 17.99
12.210, 23.50, 18.27
12.215, 23.25, 18.50
12.220, 22.99, 18.64
12.225, 22.73, 18.63
12.230, 22.47, 18.55
12.235, 22.19, 18.41
12.240, 21.91, 18.22
12.245, 21.61, 18.02
12.250, 21.32, 17.82
12.255, 21.02, 17.58
12.260, 20.74, 17.40
12.265, 20.46, 17.20
12.270, 20.15, 17.02
12.275, 19.90, 16.87
12.280, 19.64, 16.71
12.285, 19.42, 16.55
12.290, 19.23, 16.44
12.295, 19.04, 16.29
12.300, 18.93, 16.17
12.305, 18.77, 16.07
12.310, 18.69, 15.97
12.315, 18.60, 15.87
12.320, 18.51, 15.75
12.325, 18.49, 15.64
12.330, 18.48, 15.57
12.335, 18.50, 15.46
12.340, 18.55, 15.40
12.345, 18.62, 15.35
12.350, 18.71, 15.27
12.355, 18.84, 15.25
12.360, 18.96, 15.23
12.365, 19.17, 15.23
12.370, 19.37, 15.25
12.375, 19.60, 15.28
12.380, 19.89, 15.36
12.385, 20.16, 15.43
12.390, 20.49, 15.57
12.395, 20.81, 15.71
12.400, 21.13, 15.88
12.405, 21.46, 16.04
12.410, 21.74, 16.21
12.415, 22.02, 16.35
12.420, 22.22, 16.48
12.425, 22.37, 16.60
12.430, 22.47, 16.72
12.435, 22.49, 16.78
12.440, 22.44, 16.88
12.445, 22.35, 16.94
12.450, 22.18, 16.98
12.455, 21.98, 17.02
12.460, 21.75, 17.08
12.465, 21.52, 17.10
12.470, 21.27, 17.12
12.475, 21.01, 17.14
12.480, 20.77, 17.18
12.485, 20.55, 17.20
12.490, 20.34, 17.22
12.495, 20.16, 17.27
12.500, 20.01, 17.30
12.505, 19.87, 17.30
12.510, 19.77, 17.31
12.515, 19.69, 17.32
12.520, 19.64, 17.31
12.525, 19.63, 17.28
12.530, 19.65, 17.23
12.535, 19.70, 17.18
12.540, 19.81, 17.14
12.545, 19.95, 17.07
12.550, 20.11, 17.00
12.555, 20.32, 16.90
12.560, 20.52, 16.80
12.565, 20.76, 16.69
12.570, 21.05, 16.61
12.575, 21.34, 16.53
12.580, 21.68, 16.44
12.585, 21.99, 16.37
12.590, 22.32, 16.31
12.595, 22.62, 16.26
12.600, 22.90, 16.23
12.605, 23.18, 16.18
12.610, 23.41, 16.17
12.615, 23.62, 16.17
12.620, 23.77, 16.17
12.625, 23.87, 16.20
12.630, 23.90, 16.27
12.635, 23.84, 16.36
12.640, 23.70, 16.49
12.645, 23.45, 16.66
12.650, 23.18, 16.85
12.655, 22.84, 17.07
12.660, 22.49, 17.23
12.665, 22.18, 17.43
12.670, 21.84, 17.52
12.675, 21.54, 17.53
12.680, 21.24, 17.47
12.685, 20.97, 17.37
12.690, 20.70, 17.22
12.695, 20.46, 17.05
12.700, 20.23, 16.89
12.705, 20.01, 16.73
12.710, 19.79, 16.59
12.715, 19.59, 16.44
12.720, 19.40, 16.31
12.725, 19.26, 16.20
12.730, 19.11, 16.08
12.735, 18.99, 16.01
12.740, 18.87, 15.92
12.745, 18.78, 15.84
12.750, 18.71, 15.78
12.755, 18.62, 15.72
12.760, 18.59, 15.66
12.765, 18.54, 15.62
12.770, 18.51, 15.57
12.775, 18.48, 15.54
12.780, 18.47, 15.50
12.785, 18.47, 15.49
12.790, 18.49, 15.48
12.795, 18.49, 15.46
12.800, 18.52, 15.47
12.805, 18.58, 15.52
12.810, 18.64, 15.57
12.815, 18.74, 15.64
12.820, 18.83, 15.71
12.825, 18.95, 15.83
12.830, 19.07, 15.98
12.835, 19.21, 16.11
12.840, 19.36, 16.28
12.845, 19.48, 16.46
12.850, 19.61, 16.63
12.855, 19.74, 16.83
12.860, 19.82, 17.00
12.865, 19.90, 17.19
12.870, 19.96, 17.37
12.875, 19.96, 17.54
12.880, 19.92, 17.69
12.885, 19.82, 17.86
12.890, 19.69, 17.98
12.895, 19.51, 18.10
12.900, 19.32, 18.17
12.905, 19.07, 18.24
12.910, 18.81, 18.28
12.915, 18.52, 18.29
12.920, 18.21, 18.26
12.925, 17.90, 18.25
12.930, 17.60, 18.20
12.935, 17.34, 18.13
12.940, 17.09, 18.06
12.945, 16.87, 17.98
12.950, 16.67, 17.89
12.955, 16.50, 17.81
12.960, 16.36, 17.73
12.965, 16.24, 17.66
12.970, 16.18, 17.58
12.975, 16.14, 17.47
12.980, 16.12, 17.39
12.985, 16.13, 17.34
12.990, 16.18, 17.24
12.995, 16.27, 17.13
13.000, 16.37, 17.06
13.005, 16.52, 16.95
13.010, 16.68, 16.86
13.015, 16.88, 16.75
13.020, 17.11, 16.69
13.025, 17.36, 16.60
13.030, 17.63, 16.51
13.035, 17.93, 16.41
13.040, 18.26, 16.35
13.045, 18.60, 16.27
13.050, 18.98, 16.21
13.055, 19.43, 16.15
13.060, 19.87, 16.12
13.065, 20.38, 16.08
13.070, 20.89, 16.03
13.075, 21.43, 16.02
13.080, 22.01, 16.02
13.085, 22.54, 16.02
13.090, 23.11, 16.04
13.095, 23.64, 16.07
13.100, 24.15, 16.10
13.105, 24.64, 16.17
13.110, 25.03, 16.24
13.115, 25.40, 16.31
13.120, 25.66, 16.44
13.125, 25.79, 16.55
13.130, 25.82, 16.73
13.135, 25.75, 16.91
13.140, 25.60, 17.14
13.145, 25.43, 17.36
13.150, 25.23, 17.56
13.155, 25.02, 17.74
13.160, 24.83, 17.81
13.165, 24.61, 17.81
13.170, 24.39, 17.75
13.175, 24.13, 17.69
13.180, 23.84, 17.60
13.185, 23.54, 17.51
13.190, 23.20, 17.40
13.195, 22.87, 17.28
13.200, 22.49, 17.18
13.205, 22.11, 17.07
13.210, 21.73, 16.97
13.215, 21.32, 16.88
13.220, 20.97, 16.79
13.225, 20.61, 16.69
13.230, 20.25, 16.59
13.235, 19.93, 16.50
13.240, 19.66, 16.42
13.245, 19.37, 16.30
13.250, 19.12, 16.23
13.255, 18.87, 16.13
13.260, 18.67, 16.07
13.265, 18.47, 15.98
13.270, 18.29, 15.90
13.275, 18.14, 15.84
13.280, 18.00, 15.81
13.285, 17.89, 15.77
13.290, 17.81, 15.75
13.295, 17.75, 15.73
13.300, 17.71, 15.71
13.305, 17.69, 15.73
13.310, 17.69, 15.77
13.315, 17.74, 15.82
13.320, 17.83, 15.87
13.325, 17.94, 15.97
13.330, 18.07, 16.07
13.335, 18.22, 16.18
13.340, 18.40, 16.33
13.345, 18.61, 16.49
13.350, 18.84, 16.66
13.355, 19.10, 16.86
13.360, 19.36, 17.04
13.365, 19.63, 17.26
13.370, 19.91, 17.45
13.375, 20.13, 17.64
13.380, 20.34, 17.83
13.385, 20.50, 17.99
13.390, 20.60, 18.15
13.395, 20.66, 18.28
13.400, 20.66, 18.39
13.405, 20.62, 18.52
13.410, 20.52, 18.60
13.415, 20.40, 18.68
13.420, 20.24, 18.71
13.425, 20.04, 18.76
13.430, 19.83, 18.77
13.435, 19.65, 18.77
13.440, 19.44, 18.77
13.445, 19.26, 18.77
13.450, 19.11, 18.77
13.455, 18.94, 18.75
13.460, 18.83, 18.75
13.465, 18.72, 18.72
13.470, 18.63, 18.68
13.475, 18.55, 18.68
13.480, 18.52, 18.64
13.485, 18.51, 18.61
13.490, 18.52, 18.57
13.495, 18.56, 18.48
13.500, 18.62, 18.42
13.505, 18.74, 18.36
13.510, 18.90, 18.28
13.515, 19.08, 18.18
13.520, 19.30, 18.08
13.525, 19.54, 18.00
13.530, 19.79, 17.88
13.535, 20.10, 17.79
13.540, 20.42, 17.67
13.545, 20.77, 17.57
13.550, 21.16, 17.47
13.555, 21.60, 17.32
13.560, 22.03, 17.27
13.565, 22.50, 17.18
13.570, 22.96, 17.10
13.575, 23.41, 17.04
13.580, 23.86, 16.98
13.585, 24.29, 16.96
13.590, 24.67, 16.92
13.595, 24.98, 16.93
13.600, 25.19, 16.94
13.605, 25.32, 17.04
13.610, 25.30, 17.14
13.615, 25.13, 17.33
13.620, 24.84, 17.56
13.625, 24.48, 17.85
13.630, 24.05, 18.15
13.635, 23.63, 18.42
13.640, 23.18, 18.70
13.645, 22.81, 18.90
13.650, 22.45, 18.99
13.655, 22.10, 18.98
13.660, 21.78, 18.93
13.665, 21.47, 18.82
13.670, 21.19, 18.67
13.675, 20.91, 18.55
13.680, 20.64, 18.43
13.685, 20.36, 18.29
13.690, 20.11, 18.21
13.695, 19.86, 18.13
13.700, 19.62, 18.05
13.705, 19.41, 17.99
13.710, 19.21, 17.93
13.715, 19.03, 17.87
13.720, 18.88, 17.82
13.725, 18.74, 17.80
13.730, 18.63, 17.76
13.735, 18.55, 17.74
13.740, 18.46, 17.70
13.745, 18.42, 17.66
13.750, 18.38, 17.63
13.755, 18.37, 17.62
13.760, 18.38, 17.58
13.765, 18.39, 17.57
13.770, 18.44, 17.54
13.775, 18.52, 17.53
13.780, 18.63, 17.52
13.785, 18.77, 17.54
13.790, 18.93, 17.56
13.795, 19.14, 17.57
13.800, 19.35, 17.64
13.805, 19.57, 17.73
13.810, 19.79, 17.82
13.815, 20.07, 17.93
13.820, 20.35, 18.06
13.825, 20.60, 18.19
13.830, 20.86, 18.32
13.835, 21.08, 18.43
13.840, 21.26, 18.52
13.845, 21.38, 18.59
13.850, 21.43, 18.63
13.855, 21.42, 18.68
13.860, 21.37, 18.69
13.865, 21.21, 18.69
13.870, 21.04, 18.69
13.875, 20.82, 18.69
13.880, 20.55, 18.65
13.885, 20.32, 18.65
13.890, 20.07, 18.63
13.895, 19.84, 18.60
13.900, 19.61, 18.56
13.905, 19.41, 18.55
13.910, 19.23, 18.52
13.915, 19.06, 18.48
13.920, 18.89, 18.44
13.925, 18.78, 18.43
13.930, 18.66, 18.38
13.935, 18.60, 18.33
13.940, 18.55, 18.29
13.945, 18.53, 18.21
13.950, 18.53, 18.17
13.955, 18.55, 18.07
13.960, 18.61, 17.99
13.965, 18.71, 17.90
13.970, 18.82, 17.80
13.975, 18.95, 17.71
13.980, 19.16, 17.60
13.985, 19.37, 17.50
13.990, 19.60, 17.41
13.995, 19.83, 17.28
14.000, 20.11, 17.19
14.005, 20.44, 17.06
14.010, 20.77, 16.95
14.015, 21.14, 16.84
14.020, 21.53, 16.73
14.025, 21.98, 16.64
14.030, 22.46, 16.55
14.035, 22.93, 16.47
14.040, 23.46, 16.43
14.045, 23.95, 16.35
14.050, 24.48, 16.34
14.055, 25.03, 16.31
14.060, 25.51, 16.28
14.065, 26.02, 16.29
14.070, 26.45, 16.30
14.075, 26.81, 16.36
14.080, 27.09, 16.44
14.085, 27.23, 16.55
14.090, 27.27, 16.73
14.095, 27.19, 16.93
14.100, 27.04, 17.16
14.105, 26.84, 17.42
14.110, 26.65, 17.61
14.115, 26.44, 17.81
14.120, 26.23, 17.94
14.125, 26.01, 17.95
14.130, 25.76, 17.93
14.135, 25.47, 17.86
14.140, 25.15, 17.83
14.145, 24.83, 17.75
14.150, 24.50, 17.67
14.155, 24.13, 17.61
14.160, 23.75, 17.53
14.165, 23.35, 17.45
14.170, 22.97, 17.40
14.175, 22.58, 17.31
14.180, 22.20, 17.25
14.185, 21.86, 17.20
14.190, 21.52, 17.11
14.195, 21.19, 17.04
14.200, 20.89, 16.98
14.205, 20.61, 16.92
14.210, 20.36, 16.87
14.215, 20.12, 16.82
14.220, 19.90, 16.76
14.225, 19.70, 16.73
14.230, 19.50, 16.70
14.235, 19.36, 16.68
14.240, 19.21, 16.65
14.245, 19.08, 16.62
14.250, 18.99, 16.60
14.255, 18.92, 16.58
14.260, 18.88, 16.57
14.265, 18.84, 16.56
14.270, 18.86, 16.57
14.275, 18.89, 16.60
14.280, 18.94, 16.64
14.285, 19.01, 16.67
14.290, 19.14, 16.73
14.295, 19.24, 16.77
14.300, 19.39, 16.85
14.305, 19.59, 16.94
14.310, 19.75, 17.04
14.315, 19.97, 17.14
14.320, 20.23, 17.27
14.325, 20.50, 17.40
14.330, 20.79, 17.54
14.335, 21.10, 17.66
14.340, 21.40, 17.80
14.345, 21.69, 17.92
14.350, 21.93, 18.06
14.355, 22.13, 18.16
14.360, 22.29, 18.23
14.365, 22.41, 18.31
14.370, 22.46, 18.40
14.375, 22.45, 18.50
14.380, 22.38, 18.59
14.385, 22.29, 18.63
14.390, 22.17, 18.69
14.395, 22.03, 18.74
14.400, 21.85, 18.76
14.405, 21.64, 18.77
14.410, 21.44, 18.77
14.415, 21.22, 18.78
14.420, 21.02, 18.77
14.425, 20.82, 18.75
14.430, 20.60, 18.77
14.435, 20.44, 18.76
14.440, 20.27, 18.74
14.445, 20.12, 18.72
14.450, 20.01, 18.70
14.455, 19.92, 18.67
14.460, 19.87, 18.62
14.465, 19.82, 18.58
14.470, 19.84, 18.50
14.475, 19.90, 18.43
14.480, 19.98, 18.35
14.485, 20.11, 18.26
14.490, 20.29, 18.17
14.495, 20.46, 18.02
14.500, 20.71, 17.91
14.505, 20.98, 17.77
14.510, 21.29, 17.66
14.515, 21.65, 17.55
14.520, 22.05, 17.46
14.525, 22.42, 17.36
14.530, 22.84, 17.29
14.535, 23.23, 17.22
14.540, 23.66, 17.17
14.545, 24.08, 17.15
14.550, 24.47, 17.11
14.555, 24.85, 17.10
14.560, 25.14, 17.09
14.565, 25.41, 17.12
14.570, 25.57, 17.17
14.575, 25.61, 17.27
14.580, 25.55, 17.40
14.585, 25.36, 17.58
14.590, 25.09, 17.79
14.595, 24.78, 18.01
14.600, 24.46, 18.23
14.605, 24.14, 18.42
14.610, 23.83, 18.59
14.615, 23.52, 18.62
14.620, 23.22, 18.63
14.625, 22.92, 18.58
14.630, 22.62, 18.48
14.635, 22.32, 18.34
14.640, 22.01, 18.22
14.645, 21.70, 18.09
14.650, 21.41, 17.97
14.655, 21.12, 17.87
14.660, 20.87, 17.79
14.665, 20.60, 17.71
14.670, 20.37, 17.62
14.675, 20.16, 17.58
14.680, 19.97, 17.52
14.685, 19.80, 17.49
14.690, 19.65, 17.45
14.695, 19.51, 17.42
14.700, 19.42, 17.41
14.705, 19.33, 17.37
14.710, 19.26, 17.35
14.715, 19.24, 17.33
14.720, 19.22, 17.32
14.725, 19.25, 17.32
14.730, 19.27, 17.29
14.735, 19.34, 17.29
14.740, 19.45, 17.30
14.745, 19.57, 17.29
14.750, 19.72, 17.32
14.755, 19.92, 17.35
14.760, 20.12, 17.40
14.765, 20.40, 17.47
14.770, 20.68, 17.56
14.775, 21.00, 17.67
14.780, 21.36, 17.82
14.785, 21.72, 17.96
14.790, 22.10, 18.13
14.795, 22.47, 18.29
14.800, 22.82, 18.48
14.805, 23.13, 18.61
14.810, 23.39, 18.72
14.815, 23.58, 18.85
14.820, 23.70, 18.93
14.825, 23.75, 19.02
14.830, 23.72, 19.08
14.835, 23.62, 19.14
14.840, 23.45, 19.18
14.845, 23.26, 19.17
14.850, 23.03, 19.18
14.855, 22.77, 19.16
14.860, 22.49, 19.15
14.865, 22.21, 19.09
14.870, 21.95, 19.04
14.875, 21.70, 18.97
14.880, 21.44, 18.93
14.885, 21.22, 18.85
14.890, 21.02, 18.79
14.895, 20.85, 18.71
14.900, 20.68, 18.63
14.905, 20.55, 18.56
14.910, 20.45, 18.46
14.915, 20.37, 18.35
14.920, 20.34, 18.24
14.925, 20.36, 18.13
14.930, 20.41, 18.02
14.935, 20.51, 17.92
14.940, 20.65, 17.79
14.945, 20.83, 17.70
14.950, 21.01, 17.59
14.955, 21.25, 17.49
14.960, 21.47, 17.39
14.965, 21.77, 17.31
14.970, 22.07, 17.22
14.975, 22.40, 17.17
14.980, 22.75, 17.12
14.985, 23.09, 17.09
14.990, 23.43, 17.06
14.995, 23.75, 17.06
15.000, 24.05, 17.08
15.005, 24.34, 17.11
15.010, 24.53, 17.14
15.015, 24.69, 17.21
15.020, 24.73, 17.32
15.025, 24.69, 17.44
15.030, 24.56, 17.62
15.035, 24.32, 17.79
15.040, 24.02, 18.01
15.045, 23.69, 18.23
15.050, 23.33, 18.45
15.055, 22.99, 18.66
15.060, 22.72, 18.82
15.065, 22.42, 18.87
15.070, 22.17, 18.84
15.075, 21.93, 18.81
15.080, 21.71, 18.67
15.085, 21.52, 18.58
15.090, 21.34, 18.44
15.095, 21.14, 18.34
15.100, 20.94, 18.24
15.105, 20.77, 18.15
15.110, 20.62, 18.07
15.115, 20.47, 18.00
15.120, 20.34, 17.93
15.125, 20.24, 17.89
15.130, 20.13, 17.85
15.135, 20.04, 17.80
15.140, 19.99, 17.75
15.145, 19.94, 17.74
15.150, 19.90, 17.70
15.155, 19.89, 17.67
15.160, 19.89, 17.64
15.165, 19.90, 17.61
15.170, 19.94, 17.59
15.175, 20.03, 17.56
15.180, 20.12, 17.53
15.185, 20.23, 17.51
15.190, 20.39, 17.51
15.195, 20.56, 17.51
15.200, 20.77, 17.50
15.205, 21.03, 17.51
15.210, 21.28, 17.52
15.215, 21.58, 17.55
15.220, 21.89, 17.61
15.225, 22.24, 17.66
15.230, 22.61, 17.75
15.235, 22.97, 17.83
15.240, 23.37, 17.94
15.245, 23.78, 18.01
15.250, 24.17, 18.09
15.255, 24.54, 18.18
15.260, 24.86, 18.26
15.265, 25.13, 18.34
15.270, 25.32, 18.40
15.275, 25.47, 18.45
15.280, 25.52, 18.52
15.285, 25.50, 18.55
15.290, 25.38, 18.56
15.295, 25.18, 18.57
15.300, 24.91, 18.57
15.305, 24.59, 18.56
15.310, 24.22, 18.53
15.315, 23.82, 18.49
15.320, 23.45, 18.49
15.325, 23.07, 18.45
15.330, 22.68, 18.40
15.335, 22.32, 18.36
15.340, 21.98, 18.30
15.345, 21.67, 18.27
15.350, 21.41, 18.21
15.355, 21.17, 18.16
15.360, 20.94, 18.10
15.365, 20.76, 18.04
15.370, 20.63, 17.94
15.375, 20.52, 17.85
15.380, 20.43, 17.74
15.385, 20.42, 17.63
15.390, 20.42, 17.52
15.395, 20.47, 17.40
15.400, 20.56, 17.31
15.405, 20.67, 17.17
15.410, 20.82, 17.06
15.415, 20.98, 16.91
15.420, 21.19, 16.80
15.425, 21.43, 16.69
15.430, 21.72, 16.59
15.435, 22.02, 16.50
15.440, 22.37, 16.40
15.445, 22.75, 16.32
15.450, 23.12, 16.24
15.455, 23.51, 16.17
15.460, 23.91, 16.09
15.465, 24.29, 16.06
15.470, 24.68, 16.05
15.475, 25.04, 16.05
15.480, 25.37, 16.06
15.485, 25.64, 16.08
15.490, 25.87, 16.12
15.495, 25.99, 16.22
15.500, 25.99, 16.33
15.505, 25.87, 16.49
15.510, 25.68, 16.69
15.515, 25.39, 16.92
15.520, 25.09, 17.13
15.525, 24.78, 17.35
15.530, 24.47, 17.52
15.535, 24.18, 17.60
15.540, 23.87, 17.59
15.545, 23.59, 17.53
15.550, 23.31, 17.41
15.555, 22.99, 17.24
15.560, 22.74, 17.11
15.565, 22.46, 16.96
15.570, 22.19, 16.79
15.575, 21.92, 16.65
15.580, 21.66, 16.56
15.585, 21.42, 16.45
15.590, 21.20, 16.33
15.595, 21.02, 16.23
15.600, 20.84, 16.14
15.605, 20.68, 16.07
15.610, 20.54, 16.01
15.615, 20.42, 15.92
15.620, 20.34, 15.89
15.625, 20.24, 15.82
15.630, 20.19, 15.79
15.635, 20.18, 15.74
15.640, 20.16, 15.69
15.645, 20.16, 15.66
15.650, 20.20, 15.63
15.655, 20.26, 15.63
15.660, 20.35, 15.63
15.665, 20.47, 15.63
15.670, 20.58, 15.65
15.675, 20.77, 15.69
15.680, 20.98, 15.74
15.685, 21.20, 15.78
15.690, 21.47, 15.88
15.695, 21.76, 15.97
15.700, 22.08, 16.11
15.705, 22.42, 16.24
15.710, 22.76, 16.44
15.715, 23.12, 16.61
15.720, 23.47, 16.78
15.725, 23.77, 16.96
15.730, 24.05, 17.10
15.735, 24.24, 17.25
15.740, 24.39, 17.35
15.745, 24.45, 17.46
15.750, 24.45, 17.55
15.755, 24.37, 17.61
15.760, 24.27, 17.66
15.765, 24.07, 17.70
15.770, 23.85, 17.72
15.775, 23.58, 17.72
15.780, 23.31, 17.68
15.785, 23.02, 17.66
15.790, 22.75, 17.62
15.795, 22.48, 17.55
15.800, 22.22, 17.52
15.805, 21.97, 17.44
15.810, 21.76, 17.36
15.815, 21.57, 17.31
15.820, 21.41, 17.21
15.825, 21.25, 17.14
15.830, 21.15, 17.04
15.835, 21.08, 16.94
15.840, 21.03, 16.83
15.845, 21.05, 16.71
15.850, 21.09, 16.60
15.855, 21.20, 16.50
15.860, 21.29, 16.39
15.865, 21.46, 16.30
15.870, 21.61, 16.22
15.875, 21.81, 16.11
15.880, 22.06, 16.03
15.885, 22.31, 15.98
15.890, 22.60, 15.95
15.895, 22.90, 15.91
15.900, 23.22, 15.88
15.905, 23.58, 15.87
15.910, 23.93, 15.90
15.915, 24.26, 15.94
15.920, 24.57, 15.98
15.925, 24.84, 16.06
15.930, 25.09, 16.16
15.935, 25.26, 16.27
15.940, 25.37, 16.40
15.945, 25.44, 16.55
15.950, 25.38, 16.73
15.955, 25.26, 16.93
15.960, 25.10, 17.12
15.965, 24.81, 17.34
15.970, 24.58, 17.54
15.975, 24.27, 17.76
15.980, 23.94, 17.95
15.985, 23.68, 18.05
15.990, 23.40, 18.07
15.995, 23.12, 18.06
16.000, 22.87, 17.97
16.005, 22.58, 17.87
16.010, 22.33, 17.77
16.015, 22.07, 17.64
16.020, 21.82, 17.51
16.025, 21.57, 17.41
16.030, 21.32, 17.29
16.035, 21.10, 17.20
16.040, 20.89, 17.10
16.045, 20.70, 17.00
16.050, 20.51, 16.91
16.055, 20.35, 16.85
16.060, 20.21, 16.78
16.065, 20.10, 16.74
16.070, 19.97, 16.67
16.075, 19.88, 16.65
16.080, 19.79, 16.59
16.085, 19.73, 16.55
16.090, 19.69, 16.50
16.095, 19.68, 16.47
16.100, 19.68, 16.45
16.105, 19.71, 16.41
16.110, 19.78, 16.38
16.115, 19.89, 16.36
16.120, 20.00, 16.35
16.125, 20.14, 16.37
16.130, 20.34, 16.39
16.135, 20.54, 16.43
16.140, 20.82, 16.49
16.145, 21.09, 16.55
16.150, 21.42, 16.65
16.155, 21.77, 16.76
16.160, 22.13, 16.88
16.165, 22.54, 17.01
16.170, 22.93, 17.18
16.175, 23.34, 17.32
16.180, 23.73, 17.47
16.185, 24.06, 17.60
16.190, 24.35, 17.74
16.195, 24.55, 17.83
16.200, 24.66, 17.93
16.205, 24.70, 18.02
16.210, 24.68, 18.11
16.215, 24.58, 18.18
16.220, 24.42, 18.23
16.225, 24.22, 18.26
16.230, 23.97, 18.29
16.235, 23.70, 18.27
16.240, 23.40, 18.26
16.245, 23.13, 18.24
16.250, 22.85, 18.18
16.255, 22.59, 18.12
16.260, 22.33, 18.07
16.265, 22.08, 18.00
16.270, 21.88, 17.91
16.275, 21.68, 17.84
16.280, 21.52, 17.74
16.285, 21.40, 17.62
16.290, 21.29, 17.50
16.295, 21.22, 17.37
16.300, 21.20, 17.24
16.305, 21.20, 17.12
16.310, 21.29, 17.01
16.315, 21.40, 16.91
16.320, 21.53, 16.83
16.325, 21.68, 16.76
16.330, 21.85, 16.68
16.335, 22.03, 16.63
16.340, 22.25, 16.61
16.345, 22.49, 16.57
16.350, 22.74, 16.57
16.355, 23.00, 16.58
16.360, 23.29, 16.61
16.365, 23.62, 16.66
16.370, 23.89, 16.72
16.375, 24.18, 16.81
16.380, 24.46, 16.91
16.385, 24.68, 17.02
16.390, 24.84, 17.14
16.395, 24.97, 17.28
16.400, 25.01, 17.45
16.405, 24.98, 17.64
16.410, 24.88, 17.83
16.415, 24.70, 18.02
16.420, 24.50, 18.22
16.425, 24.27, 18.40
16.430, 23.97, 18.60
16.435, 23.72, 18.71
16.440, 23.39, 18.76
16.445, 23.12, 18.75
16.450, 22.79, 18.71
16.455, 22.48, 18.61
16.460, 22.18, 18.50
16.465, 21.87, 18.38
16.470, 21.57, 18.23
16.475, 21.32, 18.10
16.480, 21.04, 17.97
16.485, 20.79, 17.85
16.490, 20.55, 17.73
16.495, 20.33, 17.59
16.500, 20.12, 17.49
16.505, 19.94, 17.37
16.510, 19.79, 17.29
16.515, 19.62, 17.20
16.520, 19.48, 17.14
16.525, 19.36, 17.08
16.530, 19.25, 17.03
16.535, 19.16, 16.98
16.540, 19.08, 16.94
16.545, 19.03, 16.91
16.550, 18.98, 16.88
16.555, 18.95, 16.87
16.560, 18.96, 16.85
16.565, 18.98, 16.83
16.570, 19.02, 16.80
16.575, 19.09, 16.81
16.580, 19.17, 16.80
16.585, 19.27, 16.84
16.590, 19.44, 16.88
16.595, 19.59, 16.94
16.600, 19.78, 17.02
16.605, 20.00, 17.11
16.610, 20.24, 17.25
16.615, 20.52, 17.40
16.620, 20.77, 17.56
16.625, 21.07, 17.73
16.630, 21.32, 17.90
16.635, 21.58, 18.04
16.640, 21.81, 18.17
16.645, 21.95, 18.29
16.650, 22.06, 18.38
16.655, 22.12, 18.47
16.660, 22.10, 18.52
16.665, 22.05, 18.61
16.670, 21.95, 18.63
16.675, 21.78, 18.67
16.680, 21.61, 18.69
16.685, 21.42, 18.68
16.690, 21.21, 18.68
16.695, 20.99, 18.65
16.700, 20.79, 18.62
16.705, 20.60, 18.56
16.710, 20.39, 18.53
16.715, 20.20, 18.47
16.720, 20.01, 18.42
16.725, 19.86, 18.36
16.730, 19.69, 18.29
16.735, 19.59, 18.23
16.740, 19.49, 18.15
16.745, 19.43, 18.05
16.750, 19.40, 17.98
16.755, 19.42, 17.90
16.760, 19.48, 17.82
16.765, 19.55, 17.75
16.770, 19.63, 17.66
16.775, 19.75, 17.58
16.780, 19.92, 17.51
16.785, 20.07, 17.43
16.790, 20.30, 17.34
16.795, 20.56, 17.30
16.800, 20.84, 17.22
16.805, 21.14, 17.18
16.810, 21.44, 17.13
16.815, 21.75, 17.10
16.820, 22.04, 17.08
16.825, 22.31, 17.08
16.830, 22.59, 17.09
16.835, 22.84, 17.13
16.840, 23.05, 17.16
16.845, 23.19, 17.23
16.850, 23.31, 17.32
16.855, 23.37, 17.38
16.860, 23.35, 17.48
16.865, 23.27, 17.62
16.870, 23.11, 17.74
16.875, 22.91, 17.88
16.880, 22.65, 18.00
16.885, 22.42, 18.09
16.890, 22.15, 18.15
16.895, 21.91, 18.16
16.900, 21.64, 18.10
16.905, 21.38, 18.01
16.910, 21.15, 17.89
16.915, 20.93, 17.76
16.920, 20.71, 17.62
16.925, 20.51, 17.49
16.930, 20.31, 17.36
16.935, 20.14, 17.26
16.940, 19.96, 17.16
16.945, 19.82, 17.06
16.950, 19.70, 17.00
16.955, 19.58, 16.93
16.960, 19.49, 16.89
16.965, 19.42, 16.86
16.970, 19.36, 16.80
16.975, 19.31, 16.79
16.980, 19.27, 16.77
16.985, 19.26, 16.75
16.990, 19.26, 16.71
16.995, 19.30, 16.70
17.000, 19.36, 16.69
17.005, 19.44, 16.67
17.010, 19.55, 16.66
17.015, 19.65, 16.66
17.020, 19.78, 16.66
17.025, 19.92, 16.66
17.030, 20.11, 16.68
17.035, 20.32, 16.75
17.040, 20.51, 16.80
17.045, 20.75, 16.88
17.050, 20.99, 16.97
17.055, 21.28, 17.10
17.060, 21.54, 17.27
17.065, 21.84, 17.43
17.070, 22.08, 17.60
17.075, 22.35, 17.75
17.080, 22.56, 17.93
17.085, 22.72, 18.05
17.090, 22.83, 18.17
17.095, 22.89, 18.26
17.100, 22.87, 18.32
17.105, 22.81, 18.39
17.110, 22.69, 18.47
17.115, 22.50, 18.51
17.120, 22.32, 18.54
17.125, 22.08, 18.59
17.130, 21.85, 18.60
17.135, 21.62, 18.61
17.140, 21.37, 18.62
17.145, 21.12, 18.63
17.150, 20.88, 18.62
17.155, 20.65, 18.64
17.160, 20.44, 18.64
17.165, 20.22, 18.63
17.170, 20.01, 18.63
17.175, 19.83, 18.62
17.180, 19.71, 18.60
17.185, 19.58, 18.54
17.190, 19.50, 18.49
17.195, 19.47, 18.42
17.200, 19.45, 18.37
17.205, 19.48, 18.26
17.210, 19.55, 18.19
17.215, 19.66, 18.09
17.220, 19.77, 17.99
17.225, 19.95, 17.88
17.230, 20.14, 17.77
17.235, 20.39, 17.66
17.240, 20.67, 17.54
17.245, 20.96, 17.46
17.250, 21.25, 17.34
17.255, 21.57, 17.26
17.260, 21.86, 17.17
17.265, 22.19, 17.11
17.270, 22.50, 17.09
17.275, 22.83, 17.07
17.280, 23.15, 17.05
17.285, 23.45, 17.04
17.290, 23.72, 17.05
17.295, 23.95, 17.10
17.300, 24.13, 17.15
17.305, 24.20, 17.24
17.310, 24.22, 17.39
17.315, 24.13, 17.56
17.320, 23.96, 17.76
17.325, 23.74, 17.98
17.330, 23.51, 18.19
17.335, 23.27, 18.39
17.340, 23.02, 18.57
17.345, 22.76, 18.69
17.350, 22.50, 18.80
17.355, 22.25, 18.82
17.360, 21.98, 18.81
17.365, 21.71, 18.77
17.370, 21.47, 18.73
17.375, 21.24, 18.68
17.380, 20.99, 18.62
17.385, 20.75, 18.59
17.390, 20.53, 18.52
17.395, 20.36, 18.47
17.400, 20.15, 18.43
17.405, 20.00, 18.39
17.410, 19.88, 18.35
17.415, 19.76, 18.30
17.420, 19.69, 18.24
17.425, 19.62, 18.20
17.430, 19.60, 18.14
17.435, 19.59, 18.08
17.440, 19.61, 18.03
17.445, 19.68, 17.98
17.450, 19.75, 17.91
17.455, 19.87, 17.83
17.460, 20.01, 17.77
17.465, 20.19, 17.69
17.470, 20.39, 17.60
17.475, 20.65, 17.53
17.480, 20.91, 17.44
17.485, 21.23, 17.37
17.490, 21.61, 17.31
17.495, 21.98, 17.23
17.500, 22.43, 17.17
17.505, 22.89, 17.10
17.510, 23.36, 17.09
17.515, 23.88, 17.05
17.520, 24.40, 17.03
17.525, 24.95, 17.03
17.530, 25.52, 17.06
17.535, 26.04, 17.08
17.540, 26.58, 17.10
17.545, 27.03, 17.12
17.550, 27.44, 17.15
17.555, 27.77, 17.17
17.560, 28.02, 17.24
17.565, 28.16, 17.30
17.570, 28.24, 17.36
17.575, 28.20, 17.37
17.580, 28.06, 17.41
17.585, 27.85, 17.45
17.590, 27.57, 17.47
17.595, 27.25, 17.48
17.600, 26.88, 17.50
17.605, 26.53, 17.48
17.610, 26.14, 17.47
17.615, 25.75, 17.45
17.620, 25.39, 17.42
17.625, 25.04, 17.36
17.630, 24.70, 17.31
17.635, 24.39, 17.26
17.640, 24.06, 17.18
17.645, 23.80, 17.09
17.650, 23.55, 17.02
17.655, 23.32, 16.92
17.660, 23.12, 16.82
17.665, 22.97, 16.71
17.670, 22.83, 16.61
17.675, 22.76, 16.51
17.680, 22.71, 16.42
17.685, 22.72, 16.34
17.690, 22.76, 16.27
17.695, 22.83, 16.19
17.700, 22.96, 16.13
17.705, 23.09, 16.06
17.710, 23.26, 16.01
17.715, 23.48, 15.98
17.720, 23.71, 15.98
17.725, 23.98, 15.97
17.730, 24.29, 15.97
17.735, 24.60, 16.03
17.740, 24.94, 16.06
17.745, 25.28, 16.14
17.750, 25.61, 16.23
17.755, 25.94, 16.35
17.760, 26.23, 16.47
17.765, 26.50, 16.63
17.770, 26.69, 16.76
17.775, 26.80, 16.98
17.780, 26.79, 17.19
17.785, 26.69, 17.44
17.790, 26.46, 17.73
17.795, 26.13, 18.05
17.800, 25.72, 18.38
17.805, 25.27, 18.75
17.810, 24.85, 19.08
17.815, 24.41, 19.43
17.820, 24.04, 19.66
17.825, 23.67, 19.74
17.830, 23.33, 19.72
17.835, 23.03, 19.64
17.840, 22.69, 19.49
17.845, 22.43, 19.31
17.850, 22.14, 19.14
17.855, 21.89, 18.95
17.860, 21.67, 18.80
17.865, 21.42, 18.62
17.870, 21.21, 18.46
17.875, 21.01, 18.30
17.880, 20.84, 18.18
17.885, 20.68, 18.06
17.890, 20.53, 17.95
17.895, 20.42, 17.83
17.900, 20.30, 17.74
17.905, 20.20, 17.66
17.910, 20.11, 17.60
17.915, 20.02, 17.53
17.920, 19.98, 17.47
17.925, 19.94, 17.43
17.930, 19.93, 17.39
17.935, 19.95, 17.35
17.940, 20.00, 17.33
17.945, 20.05, 17.30
17.950, 20.16, 17.31
17.955, 20.30, 17.31
17.960, 20.46, 17.37
17.965, 20.66, 17.43
17.970, 20.87, 17.51
17.975, 21.15, 17.62
17.980, 21.42, 17.72
17.985, 21.74, 17.86
17.990, 22.07, 18.05
17.995, 22.40, 18.20
18.000, 22.76, 18.40
18.005, 23.11, 18.60
18.010, 23.42, 18.80
18.015, 23.74, 18.99
18.020, 23.97, 19.16
18.025, 24.15, 19.33
18.030, 24.27, 19.49
18.035, 24.31, 19.64
18.040, 24.25, 19.79
18.045, 24.09, 19.92
18.050, 23.86, 20.02
18.055, 23.56, 20.11
18.060, 23.22, 20.16
18.065, 22.80, 20.22
18.070, 22.40, 20.23
18.075, 22.00, 20.25
18.080, 21.56, 20.26
18.085, 21.20, 20.24
18.090, 20.79, 20.24
18.095, 20.44, 20.22
18.100, 20.10, 20.18
18.105, 19.81, 20.16
18.110, 19.53, 20.15
18.115, 19.30, 20.10
18.120, 19.08, 20.08
18.125, 18.90, 20.06
18.130, 18.76, 19.99
18.135, 18.63, 19.95
18.140, 18.54, 19.88
18.145, 18.48, 19.82
18.150, 18.42, 19.73
18.155, 18.44, 19.64
18.160, 18.50, 19.55
18.165, 18.54, 19.47
18.170, 18.66, 19.35
18.175, 18.81, 19.27
18.180, 18.95, 19.18
18.185, 19.15, 19.10
18.190, 19.34, 18.99
18.195, 19.56, 18.88
18.200, 19.81, 18.82
18.205, 20.11, 18.71
18.210, 20.42, 18.61
18.215, 20.77, 18.52
18.220, 21.14, 18.46
18.225, 21.57, 18.40
18.230, 22.01, 18.36
18.235, 22.42, 18.32
18.240, 22.88, 18.28
18.245, 23.31, 18.28
18.250, 23.74, 18.29
18.255, 24.16, 18.29
18.260, 24.53, 18.33
18.265, 24.88, 18.37
18.270, 25.16, 18.43
18.275, 25.37, 18.51
18.280, 25.54, 18.62
18.285, 25.59, 18.75
18.290, 25.56, 18.91
18.295, 25.49, 19.09
18.300, 25.36, 19.29
18.305, 25.23, 19.47
18.310, 25.11, 19.61
18.315, 24.95, 19.72
18.320, 24.83, 19.77
18.325, 24.68, 19.71
18.330, 24.50, 19.68
18.335, 24.30, 19.57
18.340, 24.06, 19.48
18.345, 23.83, 19.38
18.350, 23.54, 19.29
18.355, 23.24, 19.19
18.360, 22.93, 19.12
18.365, 22.58, 19.02
18.370, 22.25, 18.92
18.375, 21.91, 18.82
18.380, 21.58, 18.71
18.385, 21.29, 18.60
18.390, 20.98, 18.48
18.395, 20.73, 18.36
18.400, 20.46, 18.23
18.405, 20.22, 18.10
18.410, 20.01, 17.98
18.415, 19.78, 17.89
18.420, 19.59, 17.79
18.425, 19.43, 17.73
18.430, 19.26, 17.63
18.435, 19.13, 17.60
18.440, 19.01, 17.54
18.445, 18.91, 17.54
18.450, 18.83, 17.54
18.455, 18.76, 17.54
18.460, 18.74, 17.56
18.465, 18.73, 17.58
18.470, 18.76, 17.63
18.475, 18.83, 17.68
18.480, 18.92, 17.75
18.485, 19.04, 17.82
18.490, 19.19, 17.92
18.495, 19.37, 18.02
18.500, 19.57, 18.16
18.505, 19.79, 18.29
18.510, 20.03, 18.45
18.515, 20.32, 18.62
18.520, 20.56, 18.82
18.525, 20.87, 19.02
18.530, 21.14, 19.21
18.535, 21.39, 19.39
18.540, 21.62, 19.57
18.545, 21.76, 19.71
18.550, 21.90, 19.89
18.555, 21.95, 20.01
18.560, 21.96, 20.13
18.565, 21.92, 20.23
18.570, 21.82, 20.31
18.575, 21.65, 20.36
18.580, 21.46, 20.41
18.585, 21.21, 20.44
18.590, 21.00, 20.44
18.595, 20.72, 20.45
18.600, 20.47, 20.44
18.605, 20.23, 20.38
18.610, 20.01, 20.35
18.615, 19.80, 20.27
18.620, 19.62, 20.19
18.625, 19.42, 20.14
18.630, 19.30, 20.07
18.635, 19.16, 19.99
18.640, 19.04, 19.90
18.645, 18.96, 19.79
18.650, 18.89, 19.70
18.655, 18.86, 19.56
18.660, 18.85, 19.46
18.665, 18.90, 19.33
18.670, 18.93, 19.16
18.675, 19.04, 19.01
18.680, 19.17, 18.88
18.685, 19.36, 18.74
18.690, 19.59, 18.59
18.695, 19.81, 18.45
18.700, 20.10, 18.29
18.705, 20.42, 18.14
18.710, 20.75, 17.98
18.715, 21.13, 17.83
18.720, 21.54, 17.73
18.725, 21.99, 17.60
18.730, 22.47, 17.50
18.735, 22.92, 17.41
18.740, 23.43, 17.35
18.745, 23.91, 17.31
18.750, 24.36, 17.29
18.755, 24.81, 17.32
18.760, 25.18, 17.36
18.765, 25.54, 17.42
18.770, 25.77, 17.51
18.775, 25.95, 17.63
18.780, 26.02, 17.79
18.785, 25.98, 17.97
18.790, 25.83, 18.19
18.795, 25.63, 18.41
18.800, 25.36, 18.64
18.805, 25.10, 18.85
18.810, 24.83, 19.04
18.815, 24.59, 19.15
18.820, 24.35, 19.18
18.825, 24.14, 19.14
18.830, 23.90, 19.05
18.835, 23.65, 18.93
18.840, 23.41, 18.82
18.845, 23.17, 18.65
18.850, 22.89, 18.51
18.855, 22.65, 18.37
18.860, 22.39, 18.21
18.865, 22.12, 18.06
18.870, 21.90, 17.95
18.875, 21.65, 17.80
18.880, 21.42, 17.65
18.885, 21.21, 17.54
18.890, 20.98, 17.41
18.895, 20.81, 17.31
18.900, 20.62, 17.19
18.905, 20.46, 17.11
18.910, 20.31, 16.99
18.915, 20.18, 16.91
18.920, 20.08, 16.86
18.925, 19.97, 16.77
18.930, 19.91, 16.71
18.935, 19.87, 16.66
18.940, 19.83, 16.63
18.945, 19.81, 16.59
18.950, 19.82, 16.58
18.955, 19.87, 16.59
18.960, 19.93, 16.61
18.965, 20.04, 16.63
18.970, 20.15, 16.69
18.975, 20.33, 16.78
18.980, 20.50, 16.86
18.985, 20.69, 16.97
18.990, 20.93, 17.08
18.995, 21.19, 17.22
19.000, 21.44, 17.40
19.005, 21.73, 17.53
19.010, 22.00, 17.73
19.015, 22.34, 17.89
19.020, 22.63, 18.06
19.025, 22.94, 18.27
19.030, 23.23, 18.46
19.035, 23.45, 18.64
19.040, 23.66, 18.83
19.045, 23.79, 19.01
19.050, 23.88, 19.17
19.055, 23.90, 19.33
19.060, 23.89, 19.45
19.065, 23.79, 19.59
19.070, 23.66, 19.70
19.075, 23.47, 19.79
19.080, 23.25, 19.88
19.085, 22.97, 19.93
19.090, 22.70, 19.99
19.095, 22.42, 20.02
19.100, 22.15, 20.04
19.105, 21.87, 20.06
19.110, 21.63, 20.07
19.115, 21.39, 20.09
19.120, 21.19, 20.11
19.125, 20.99, 20.13
19.130, 20.84, 20.13
19.135, 20.68, 20.14
19.140, 20.56, 20.12
19.145, 20.49, 20.09
19.150, 20.44, 20.09
19.155, 20.42, 20.03
19.160, 20.44, 19.98
19.165, 20.44, 19.89
19.170, 20.54, 19.81
19.175, 20.67, 19.74
19.180, 20.83, 19.65
19.185, 21.01, 19.55
19.190, 21.26, 19.46
19.195, 21.50, 19.33
19.200, 21.81, 19.22
19.205, 22.15, 19.10
19.210, 22.52, 19.00
19.215, 22.93, 18.89
19.220, 23.34, 18.81
19.225, 23.78, 18.73
19.230, 24.25, 18.67
19.235, 24.68, 18.61
19.240, 25.12, 18.58
19.245, 25.54, 18.56
19.250, 25.93, 18.54
19.255, 26.24, 18.55
19.260, 26.48, 18.61
19.265, 26.62, 18.70
19.270, 26.64, 18.84
19.275, 26.57, 19.02
19.280, 26.38, 19.25
19.285, 26.14, 19.50
19.290, 25.88, 19.74
19.295, 25.60, 19.98
19.300, 25.34, 20.14
19.305, 25.08, 20.23
19.310, 24.82, 20.24
19.315, 24.55, 20.22
19.320, 24.28, 20.13
19.325, 23.97, 20.02
19.330, 23.67, 19.91
19.335, 23.38, 19.80
19.340, 23.06, 19.68
19.345, 22.75, 19.57
19.350, 22.42, 19.47
19.355, 22.11, 19.37
19.360, 21.85, 19.28
19.365, 21.56, 19.21
19.370, 21.29, 19.15
19.375, 21.02, 19.08
19.380, 20.77, 19.02
19.385, 20.55, 18.98
19.390, 20.33, 18.90
19.395, 20.14, 18.86
19.400, 19.98, 18.81
19.405, 19.80, 18.75
19.410, 19.68, 18.71
19.415, 19.57, 18.65
19.420, 19.47, 18.64
19.425, 19.39, 18.60
19.430, 19.35, 18.58
19.435, 19.33, 18.58
19.440, 19.31, 18.57
19.445, 19.35, 18.58
19.450, 19.39, 18.58
19.455, 19.48, 18.61
19.460, 19.59, 18.65
19.465, 19.71, 18.71
19.470, 19.88, 18.79
19.475, 20.03, 18.88
19.480, 20.22, 18.99
19.485, 20.44, 19.12
19.490, 20.66, 19.23
19.495, 20.89, 19.35
19.500, 21.17, 19.47
19.505, 21.42, 19.59
19.510, 21.64, 19.70
19.515, 21.84, 19.80
19.520, 22.02, 19.88
19.525, 22.16, 19.96
19.530, 22.23, 20.03
19.535, 22.24, 20.08
19.540, 22.22, 20.12
19.545, 22.17, 20.15
19.550, 22.07, 20.18
19.555, 21.94, 20.21
19.560, 21.83, 20.21
19.565, 21.63, 20.23
19.570, 21.45, 20.21
19.575, 21.23, 20.19
19.580, 21.04, 20.17
19.585, 20.85, 20.13
19.590, 20.63, 20.10
19.595, 20.46, 20.08
19.600, 20.25, 20.06
19.605, 20.09, 20.05
19.610, 19.93, 20.01
19.615, 19.81, 19.99
19.620, 19.68, 19.94
19.625, 19.60, 19.90
19.630, 19.54, 19.85
19.635, 19.52, 19.77
19.640, 19.50, 19.68
19.645, 19.53, 19.59
19.650, 19.60, 19.49
19.655, 19.69, 19.39
19.660, 19.82, 19.29
19.665, 19.99, 19.16
19.670, 20.16, 19.03
19.675, 20.34, 18.86
19.680, 20.57, 18.70
19.685, 20.82, 18.57
19.690, 21.09, 18.40
19.695, 21.39, 18.27
19.700, 21.71, 18.17
19.705, 22.05, 18.04
19.710, 22.37, 17.94
19.715, 22.71, 17.83
19.720, 23.05, 17.75
19.725, 23.41, 17.66
19.730, 23.72, 17.57
19.735, 24.02, 17.54
19.740, 24.27, 17.50
19.745, 24.48, 17.49
19.750, 24.67, 17.51
19.755, 24.76, 17.55
19.760, 24.78, 17.61
19.765, 24.71, 17.70
19.770, 24.57, 17.81
19.775, 24.36, 17.96
19.780, 24.11, 18.13
19.785, 23.84, 18.28
19.790, 23.54, 18.41
19.795, 23.29, 18.54
19.800, 23.01, 18.61
19.805, 22.76, 18.65
19.810, 22.53, 18.63
19.815, 22.32, 18.61
19.820, 22.12, 18.52
19.825, 21.91, 18.41
19.830, 21.75, 18.31
19.835, 21.56, 18.20
19.840, 21.42, 18.09
19.845, 21.26, 17.98
19.850, 21.13, 17.89
19.855, 20.99, 17.79
19.860, 20.89, 17.73
19.865, 20.80, 17.64
19.870, 20.73, 17.54
19.875, 20.66, 17.52
19.880, 20.63, 17.46
19.885, 20.61, 17.41
19.890, 20.59, 17.36
19.895, 20.61, 17.34
19.900, 20.65, 17.32
19.905, 20.68, 17.28
19.910, 20.79, 17.26
19.915, 20.89, 17.26
19.920, 21.00, 17.24
19.925, 21.17, 17.24
19.930, 21.34, 17.25
19.935, 21.54, 17.26
19.940, 21.77, 17.30
19.945, 22.01, 17.34
19.950, 22.27, 17.41
19.955, 22.52, 17.47
19.960, 22.82, 17.55
19.965, 23.12, 17.67
19.970, 23.41, 17.79
19.975, 23.70, 17.95
19.980, 23.97, 18.08
19.985, 24.18, 18.22
19.990, 24.35, 18.38
19.995, 24.48, 18.48
20.000, 24.55, 18.61
