 0.000, 41.76, 28.52
 0.005, 42.14, 27.80
 0.010, 42.49, 27.07
 0.015, 42.76, 26.42
 0.020, 43.05, 25.69
 0.025, 43.24, 25.04
 0.030, 43.37, 24.36
 0.035, 43.49, 23.67
 0.040, 43.56, 23.03
 0.045, 43.57, 22.35
 0.050, 43.54, 21.73
 0.055, 43.46, 21.12
 0.060, 43.32, 20.50
 0.065, 43.14, 19.90
 0.070, 42.91, 19.30
 0.075, 42.65, 18.74
 0.080, 42.33, 18.16
 0.085, 41.99, 17.62
 0.090, 41.64, 17.11
 0.095, 41.25, 16.61
 0.100, 40.88, 16.13
 0.105, 40.53, 15.70
 0.110, 40.16, 15.29
 0.115, 39.85, 14.92
 0.120, 39.54, 14.56
 0.125, 39.29, 14.29
 0.130, 39.09, 14.02
 0.135, 38.94, 13.84
 0.140, 38.87, 13.71
 0.145, 38.87, 13.64
 0.150, 38.94, 13.63
 0.155, 39.09, 13.67
 0.160, 39.29, 13.81
 0.165, 39.51, 13.98
 0.170, 39.82, 14.24
 0.175, 40.11, 14.54
 0.180, 40.46, 14.90
 0.185, 40.80, 15.32
 0.190, 41.13, 15.77
 0.195, 41.48, 16.29
 0.200, 41.80, 16.83
 0.205, 42.13, 17.45
 0.210, 42.45, 18.13
 0.215, 42.74, 18.81
 0.220, 43.01, 19.59
 0.225, 43.24, 20.37
 0.230, 43.45, 21.19
 0.235, 43.62, 22.06
 0.240, 43.73, 22.93
 0.245, 43.82, 23.90
 0.250, 43.86, 24.82
 0.255, 43.83, 25.80
 0.260, 43.77, 26.78
 0.265, 43.66, 27.73
 0.270, 43.46, 28.77
 0.275, 43.24, 29.69
 0.280, 42.94, 30.66
 0.285, 42.58, 31.58
 0.290, 42.19, 32.41
 0.295, 41.71, 33.25
 0.300, 41.26, 33.94
 0.305, 40.73, 34.55
 0.310, 40.20, 35.09
 0.315, 39.67, 35.49
 0.320, 39.13, 35.80
 0.325, 38.69, 35.99
 0.330, 38.25, 36.08
 0.335, 37.87, 36.08
 0.340, 37.55, 36.03
 0.345, 37.29, 35.92
 0.350, 37.17, 35.77
 0.355, 37.07, 35.56
 0.360, 37.14, 35.30
 0.365, 37.27, 35.03
 0.370, 37.51, 34.70
 0.375, 37.80, 34.33
 0.380, 38.13, 33.91
 0.385, 38.54, 33.45
 0.390, 38.94, 32.98
 0.395, 39.40, 32.45
 0.400, 39.82, 31.91
 0.405, 40.28, 31.32
 0.410, 40.72, 30.69
 0.415, 41.13, 30.09
 0.420, 41.54, 29.40
 0.425, 41.90, 28.74
 0.430, 42.25, 28.02
 0.435, 42.57, 27.30
 0.440, 42.85, 26.59
 0.445, 43.08, 25.82
 0.450, 43.28, 25.11
 0.455, 43.41, 24.39
 0.460, 43.52, 23.65
 0.465, 43.57, 22.95
 0.470, 43.55, 22.24
 0.475, 43.51, 21.58
 0.480, 43.40, 20.89
 0.485, 43.24, 20.22
 0.490, 43.06, 19.61
 0.495, 42.80, 18.97
 0.500, 42.50, 18.36
 0.505, 42.19, 17.78
 0.510, 41.82, 17.21
 0.515, 41.45, 16.66
 0.520, 41.04, 16.14
 0.525, 40.65, 15.64
 0.530, 40.27, 15.16
 0.535, 39.91, 14.72
 0.540, 39.61, 14.36
 0.545, 39.36, 14.03
 0.550, 39.19, 13.74
 0.555, 39.11, 13.52
 0.560, 39.09, 13.35
 0.565, 39.14, 13.27
 0.570, 39.31, 13.23
 0.575, 39.53, 13.28
 0.580, 39.83, 13.41
 0.585, 40.18, 13.61
 0.590, 40.58, 13.89
 0.595, 41.03, 14.26
 0.600, 41.48, 14.68
 0.605, 41.95, 15.21
 0.610, 42.43, 15.80
 0.615, 42.87, 16.45
 0.620, 43.31, 17.20
 0.625, 43.71, 17.93
 0.630, 44.08, 18.79
 0.635, 44.43, 19.69
 0.640, 44.71, 20.61
 0.645, 44.96, 21.62
 0.650, 45.13, 22.59
 0.655, 45.27, 23.66
 0.660, 45.32, 24.75
 0.665, 45.33, 25.82
 0.670, 45.28, 26.97
 0.675, 45.17, 28.03
 0.680, 44.95, 29.15
 0.685, 44.66, 30.22
 0.690, 44.33, 31.22
 0.695, 43.90, 32.21
 0.700, 43.45, 33.08
 0.705, 42.91, 33.90
 0.710, 42.36, 34.61
 0.715, 41.81, 35.19
 0.720, 41.16, 35.70
 0.725, 40.57, 36.06
 0.730, 39.97, 36.35
 0.735, 39.38, 36.53
 0.740, 38.81, 36.64
 0.745, 38.29, 36.67
 0.750, 37.88, 36.65
 0.755, 37.45, 36.59
 0.760, 37.16, 36.49
 0.765, 36.97, 36.37
 0.770, 36.88, 36.21
 0.775, 36.96, 36.05
 0.780, 37.11, 35.87
 0.785, 37.37, 35.61
 0.790, 37.71, 35.37
 0.795, 38.07, 35.04
 0.800, 38.47, 34.71
 0.805, 38.90, 34.32
 0.810, 39.35, 33.89
 0.815, 39.78, 33.47
 0.820, 40.29, 32.98
 0.825, 40.75, 32.46
 0.830, 41.25, 31.90
 0.835, 41.73, 31.31
 0.840, 42.18, 30.71
 0.845, 42.64, 30.04
 0.850, 43.04, 29.40
 0.855, 43.42, 28.72
 0.860, 43.76, 27.99
 0.865, 44.05, 27.31
 0.870, 44.33, 26.56
 0.875, 44.51, 25.86
 0.880, 44.68, 25.12
 0.885, 44.77, 24.39
 0.890, 44.84, 23.67
 0.895, 44.84, 22.94
 0.900, 44.77, 22.26
 0.905, 44.66, 21.54
 0.910, 44.52, 20.85
 0.915, 44.32, 20.18
 0.920, 44.06, 19.47
 0.925, 43.77, 18.83
 0.930, 43.43, 18.16
 0.935, 43.04, 17.52
 0.940, 42.65, 16.93
 0.945, 42.19, 16.30
 0.950, 41.72, 15.74
 0.955, 41.24, 15.16
 0.960, 40.73, 14.60
 0.965, 40.26, 14.11
 0.970, 39.77, 13.60
 0.975, 39.36, 13.12
 0.980, 39.00, 12.69
 0.985, 38.71, 12.33
 0.990, 38.51, 12.02
 0.995, 38.38, 11.75
 1.000, 38.33, 11.57
 1.005, 38.37, 11.44
 1.010, 38.48, 11.39
 1.015, 38.68, 11.44
 1.020, 38.94, 11.57
 1.025, 39.28, 11.79
 1.030, 39.69, 12.10
 1.035, 40.15, 12.49
 1.040, 40.60, 12.95
 1.045, 41.11, 13.51
 1.050, 41.58, 14.13
 1.055, 42.07, 14.82
 1.060, 42.53, 15.59
 1.065, 42.95, 16.41
 1.070, 43.38, 17.34
 1.075, 43.74, 18.24
 1.080, 44.10, 19.25
 1.085, 44.41, 20.32
 1.090, 44.65, 21.39
 1.095, 44.87, 22.56
 1.100, 45.02, 23.70
 1.105, 45.12, 24.91
 1.110, 45.14, 26.15
 1.115, 45.13, 27.32
 1.120, 45.01, 28.56
 1.125, 44.87, 29.74
 1.130, 44.60, 30.93
 1.135, 44.26, 32.07
 1.140, 43.87, 32.88
 1.145, 43.44, 33.51
 1.150, 43.12, 33.96
 1.155, 42.83, 34.30
 1.160, 42.58, 34.56
 1.165, 42.29, 34.79
 1.170, 41.97, 34.99
 1.175, 41.65, 35.09
 1.180, 41.33, 35.13
 1.185, 41.07, 35.08
 1.190, 40.88, 34.93
 1.195, 40.79, 34.70
 1.200, 40.75, 34.41
 1.205, 40.77, 34.04
 1.210, 40.85, 33.61
 1.215, 40.97, 33.10
 1.220, 41.17, 32.55
 1.225, 41.39, 31.95
 1.230, 41.65, 31.27
 1.235, 41.93, 30.56
 1.240, 42.21, 29.86
 1.245, 42.50, 29.09
 1.250, 42.77, 28.35
 1.255, 43.08, 27.61
 1.260, 43.38, 26.84
 1.265, 43.65, 26.12
 1.270, 43.94, 25.35
 1.275, 44.20, 24.64
 1.280, 44.44, 23.92
 1.285, 44.69, 23.21
 1.290, 44.88, 22.54
 1.295, 45.05, 21.85
 1.300, 45.20, 21.23
 1.305, 45.31, 20.61
 1.310, 45.38, 20.01
 1.315, 45.44, 19.47
 1.320, 45.44, 18.91
 1.325, 45.43, 18.44
 1.330, 45.36, 17.95
 1.335, 45.29, 17.51
 1.340, 45.17, 17.09
 1.345, 45.02, 16.68
 1.350, 44.85, 16.35
 1.355, 44.63, 15.99
 1.360, 44.40, 15.70
 1.365, 44.16, 15.41
 1.370, 43.85, 15.13
 1.375, 43.60, 14.92
 1.380, 43.30, 14.72
 1.385, 43.04, 14.57
 1.390, 42.80, 14.45
 1.395, 42.60, 14.37
 1.400, 42.44, 14.31
 1.405, 42.35, 14.32
 1.410, 42.28, 14.38
 1.415, 42.30, 14.47
 1.420, 42.39, 14.61
 1.425, 42.53, 14.82
 1.430, 42.73, 15.07
 1.435, 42.97, 15.38
 1.440, 43.30, 15.72
 1.445, 43.65, 16.15
 1.450, 44.04, 16.61
 1.455, 44.41, 17.12
 1.460, 44.81, 17.69
 1.465, 45.16, 18.29
 1.470, 45.52, 18.94
 1.475, 45.82, 19.63
 1.480, 46.09, 20.36
 1.485, 46.34, 21.11
 1.490, 46.52, 21.87
 1.495, 46.67, 22.72
 1.500, 46.75, 23.50
 1.505, 46.79, 24.35
 1.510, 46.79, 25.22
 1.515, 46.72, 26.07
 1.520, 46.60, 26.99
 1.525, 46.44, 27.83
 1.530, 46.19, 28.71
 1.535, 45.88, 29.55
 1.540, 45.51, 30.35
 1.545, 45.03, 31.18
 1.550, 44.55, 31.88
 1.555, 43.97, 32.58
 1.560, 43.34, 33.18
 1.565, 42.71, 33.67
 1.570, 42.04, 34.08
 1.575, 41.40, 34.39
 1.580, 40.76, 34.59
 1.585, 40.14, 34.71
 1.590, 39.62, 34.73
 1.595, 39.11, 34.67
 1.600, 38.71, 34.58
 1.605, 38.42, 34.44
 1.610, 38.26, 34.25
 1.615, 38.21, 34.07
 1.620, 38.26, 33.82
 1.625, 38.41, 33.58
 1.630, 38.66, 33.28
 1.635, 39.01, 32.97
 1.640, 39.37, 32.62
 1.645, 39.83, 32.24
 1.650, 40.27, 31.84
 1.655, 40.78, 31.41
 1.660, 41.27, 30.90
 1.665, 41.76, 30.46
 1.670, 42.27, 29.89
 1.675, 42.74, 29.36
 1.680, 43.22, 28.78
 1.685, 43.69, 28.18
 1.690, 44.11, 27.59
 1.695, 44.52, 26.94
 1.700, 44.87, 26.33
 1.705, 45.20, 25.64
 1.710, 45.48, 24.97
 1.715, 45.70, 24.31
 1.720, 45.90, 23.61
 1.725, 46.02, 22.93
 1.730, 46.09, 22.24
 1.735, 46.12, 21.52
 1.740, 46.09, 20.86
 1.745, 46.01, 20.16
 1.750, 45.87, 19.51
 1.755, 45.69, 18.83
 1.760, 45.45, 18.19
 1.765, 45.17, 17.55
 1.770, 44.82, 16.90
 1.775, 44.46, 16.31
 1.780, 44.04, 15.71
 1.785, 43.57, 15.11
 1.790, 43.10, 14.56
 1.795, 42.56, 13.99
 1.800, 42.06, 13.48
 1.805, 41.50, 12.97
 1.810, 40.99, 12.51
 1.815, 40.50, 12.09
 1.820, 40.01, 11.66
 1.825, 39.62, 11.31
 1.830, 39.28, 10.99
 1.835, 39.05, 10.72
 1.840, 38.89, 10.51
 1.845, 38.83, 10.34
 1.850, 38.90, 10.23
 1.855, 39.03, 10.16
 1.860, 39.29, 10.15
 1.865, 39.61, 10.20
 1.870, 40.05, 10.29
 1.875, 40.48, 10.44
 1.880, 40.98, 10.65
 1.885, 41.51, 10.93
 1.890, 42.04, 11.24
 1.895, 42.59, 11.64
 1.900, 43.09, 12.09
 1.905, 43.59, 12.59
 1.910, 44.07, 13.15
 1.915, 44.51, 13.75
 1.920, 44.95, 14.44
 1.925, 45.34, 15.15
 1.930, 45.68, 15.91
 1.935, 46.00, 16.71
 1.940, 46.28, 17.56
 1.945, 46.49, 18.49
 1.950, 46.64, 19.40
 1.955, 46.75, 20.36
 1.960, 46.79, 21.36
 1.965, 46.79, 22.32
 1.970, 46.74, 23.36
 1.975, 46.61, 24.33
 1.980, 46.42, 25.34
 1.985, 46.18, 26.31
 1.990, 45.87, 27.24
 1.995, 45.51, 28.17
 2.000, 45.14, 28.97
 2.005, 44.70, 29.75
 2.010, 44.25, 30.46
 2.015, 43.82, 31.04
 2.020, 43.37, 31.55
 2.025, 42.93, 31.95
 2.030, 42.50, 32.29
 2.035, 42.10, 32.52
 2.040, 41.75, 32.65
 2.045, 41.43, 32.72
 2.050, 41.20, 32.71
 2.055, 41.02, 32.62
 2.060, 40.92, 32.49
 2.065, 40.88, 32.30
 2.070, 40.92, 32.08
 2.075, 41.02, 31.83
 2.080, 41.20, 31.53
 2.085, 41.42, 31.20
 2.090, 41.68, 30.86
 2.095, 42.02, 30.46
 2.100, 42.36, 30.05
 2.105, 42.71, 29.61
 2.110, 43.08, 29.12
 2.115, 43.43, 28.65
 2.120, 43.79, 28.09
 2.125, 44.12, 27.57
 2.130, 44.44, 26.98
 2.135, 44.74, 26.35
 2.140, 45.00, 25.79
 2.145, 45.23, 25.12
 2.150, 45.42, 24.50
 2.155, 45.56, 23.85
 2.160, 45.67, 23.20
 2.165, 45.71, 22.56
 2.170, 45.74, 21.88
 2.175, 45.71, 21.27
 2.180, 45.62, 20.63
 2.185, 45.50, 20.00
 2.190, 45.32, 19.42
 2.195, 45.08, 18.80
 2.200, 44.82, 18.22
 2.205, 44.49, 17.67
 2.210, 44.14, 17.11
 2.215, 43.73, 16.59
 2.220, 43.30, 16.05
 2.225, 42.83, 15.54
 2.230, 42.32, 15.04
 2.235, 41.80, 14.59
 2.240, 41.28, 14.16
 2.245, 40.72, 13.72
 2.250, 40.24, 13.33
 2.255, 39.74, 12.98
 2.260, 39.28, 12.62
 2.265, 38.92, 12.36
 2.270, 38.59, 12.09
 2.275, 38.35, 11.90
 2.280, 38.19, 11.72
 2.285, 38.11, 11.59
 2.290, 38.14, 11.54
 2.295, 38.20, 11.54
 2.300, 38.38, 11.59
 2.305, 38.60, 11.70
 2.310, 38.90, 11.90
 2.315, 39.21, 12.13
 2.320, 39.58, 12.44
 2.325, 39.95, 12.79
 2.330, 40.31, 13.19
 2.335, 40.70, 13.69
 2.340, 41.04, 14.21
 2.345, 41.37, 14.80
 2.350, 41.66, 15.38
 2.355, 41.94, 16.07
 2.360, 42.20, 16.78
 2.365, 42.43, 17.52
 2.370, 42.66, 18.32
 2.375, 42.83, 19.13
 2.380, 42.97, 19.99
 2.385, 43.09, 20.94
 2.390, 43.17, 21.82
 2.395, 43.20, 22.83
 2.400, 43.23, 23.79
 2.405, 43.18, 24.80
 2.410, 43.11, 25.85
 2.415, 42.97, 26.83
 2.420, 42.79, 27.91
 2.425, 42.58, 28.87
 2.430, 42.27, 29.90
 2.435, 41.94, 30.86
 2.440, 41.60, 31.74
 2.445, 41.18, 32.61
 2.450, 40.79, 33.38
 2.455, 40.34, 34.07
 2.460, 39.90, 34.65
 2.465, 39.48, 35.14
 2.470, 39.06, 35.54
 2.475, 38.71, 35.80
 2.480, 38.36, 35.96
 2.485, 38.09, 36.03
 2.490, 37.88, 36.01
 2.495, 37.71, 35.94
 2.500, 37.62, 35.79
 2.505, 37.62, 35.59
 2.510, 37.73, 35.36
 2.515, 37.86, 35.06
 2.520, 38.08, 34.72
 2.525, 38.37, 34.39
 2.530, 38.70, 33.98
 2.535, 39.07, 33.55
 2.540, 39.45, 33.11
 2.545, 39.88, 32.61
 2.550, 40.30, 32.12
 2.555, 40.72, 31.56
 2.560, 41.15, 31.00
 2.565, 41.54, 30.43
 2.570, 41.95, 29.78
 2.575, 42.33, 29.15
 2.580, 42.67, 28.45
 2.585, 43.00, 27.76
 2.590, 43.28, 27.06
 2.595, 43.52, 26.32
 2.600, 43.73, 25.61
 2.605, 43.88, 24.86
 2.610, 44.01, 24.13
 2.615, 44.10, 23.40
 2.620, 44.12, 22.66
 2.625, 44.12, 21.95
 2.630, 44.08, 21.24
 2.635, 43.97, 20.54
 2.640, 43.82, 19.88
 2.645, 43.61, 19.19
 2.650, 43.37, 18.55
 2.655, 43.09, 17.90
 2.660, 42.76, 17.29
 2.665, 42.40, 16.71
 2.670, 42.00, 16.12
 2.675, 41.58, 15.57
 2.680, 41.13, 15.04
 2.685, 40.66, 14.52
 2.690, 40.23, 14.08
 2.695, 39.80, 13.63
 2.700, 39.40, 13.22
 2.705, 39.04, 12.85
 2.710, 38.76, 12.52
 2.715, 38.55, 12.24
 2.720, 38.40, 12.02
 2.725, 38.35, 11.85
 2.730, 38.37, 11.74
 2.735, 38.45, 11.68
 2.740, 38.60, 11.68
 2.745, 38.86, 11.73
 2.750, 39.17, 11.84
 2.755, 39.53, 12.03
 2.760, 39.94, 12.28
 2.765, 40.37, 12.58
 2.770, 40.82, 12.96
 2.775, 41.23, 13.38
 2.780, 41.67, 13.86
 2.785, 42.10, 14.41
 2.790, 42.49, 14.98
 2.795, 42.88, 15.64
 2.800, 43.24, 16.30
 2.805, 43.59, 17.04
 2.810, 43.90, 17.81
 2.815, 44.17, 18.60
 2.820, 44.43, 19.48
 2.825, 44.63, 20.34
 2.830, 44.81, 21.33
 2.835, 44.95, 22.31
 2.840, 45.03, 23.29
 2.845, 45.07, 24.37
 2.850, 45.06, 25.39
 2.855, 44.96, 26.47
 2.860, 44.82, 27.58
 2.865, 44.60, 28.58
 2.870, 44.31, 29.67
 2.875, 43.99, 30.62
 2.880, 43.59, 31.59
 2.885, 43.13, 32.48
 2.890, 42.65, 33.26
 2.895, 42.11, 33.98
 2.900, 41.58, 34.55
 2.905, 40.97, 35.05
 2.910, 40.41, 35.40
 2.915, 39.86, 35.61
 2.920, 39.31, 35.79
 2.925, 38.81, 35.81
 2.930, 38.37, 35.81
 2.935, 37.99, 35.79
 2.940, 37.72, 35.69
 2.945, 37.53, 35.58
 2.950, 37.45, 35.45
 2.955, 37.47, 35.27
 2.960, 37.61, 35.06
 2.965, 37.83, 34.85
 2.970, 38.13, 34.58
 2.975, 38.48, 34.29
 2.980, 38.89, 33.95
 2.985, 39.34, 33.57
 2.990, 39.78, 33.18
 2.995, 40.27, 32.72
 3.000, 40.73, 32.27
 3.005, 41.22, 31.74
 3.010, 41.68, 31.21
 3.015, 42.15, 30.67
 3.020, 42.63, 30.05
 3.025, 43.07, 29.43
 3.030, 43.49, 28.79
 3.035, 43.91, 28.12
 3.040, 44.26, 27.47
 3.045, 44.59, 26.77
 3.050, 44.90, 26.10
 3.055, 45.14, 25.40
 3.060, 45.37, 24.71
 3.065, 45.55, 24.03
 3.070, 45.68, 23.33
 3.075, 45.77, 22.68
 3.080, 45.82, 22.00
 3.085, 45.83, 21.33
 3.090, 45.78, 20.70
 3.095, 45.71, 20.04
 3.100, 45.60, 19.44
 3.105, 45.43, 18.81
 3.110, 45.23, 18.22
 3.115, 44.99, 17.66
 3.120, 44.71, 17.04
 3.125, 44.40, 16.51
 3.130, 44.04, 15.97
 3.135, 43.66, 15.43
 3.140, 43.26, 14.94
 3.145, 42.81, 14.43
 3.150, 42.37, 13.97
 3.155, 41.90, 13.52
 3.160, 41.43, 13.08
 3.165, 40.98, 12.68
 3.170, 40.54, 12.29
 3.175, 40.15, 11.96
 3.180, 39.81, 11.65
 3.185, 39.54, 11.37
 3.190, 39.33, 11.16
 3.195, 39.20, 10.94
 3.200, 39.15, 10.84
 3.205, 39.14, 10.73
 3.210, 39.24, 10.70
 3.215, 39.42, 10.73
 3.220, 39.70, 10.83
 3.225, 40.03, 10.98
 3.230, 40.41, 11.22
 3.235, 40.84, 11.51
 3.240, 41.29, 11.89
 3.245, 41.78, 12.33
 3.250, 42.22, 12.83
 3.255, 42.67, 13.38
 3.260, 43.10, 14.01
 3.265, 43.50, 14.69
 3.270, 43.89, 15.44
 3.275, 44.24, 16.19
 3.280, 44.58, 17.01
 3.285, 44.86, 17.85
 3.290, 45.12, 18.73
 3.295, 45.33, 19.70
 3.300, 45.51, 20.64
 3.305, 45.65, 21.69
 3.310, 45.72, 22.75
 3.315, 45.78, 23.78
 3.320, 45.77, 24.94
 3.325, 45.70, 26.02
 3.330, 45.53, 27.18
 3.335, 45.30, 28.30
 3.340, 45.00, 29.37
 3.345, 44.61, 30.50
 3.350, 44.16, 31.48
 3.355, 43.62, 32.46
 3.360, 43.02, 33.37
 3.365, 42.39, 34.14
 3.370, 41.73, 34.82
 3.375, 41.05, 35.35
 3.380, 40.33, 35.80
 3.385, 39.63, 36.12
 3.390, 38.94, 36.34
 3.395, 38.26, 36.47
 3.400, 37.66, 36.53
 3.405, 37.08, 36.55
 3.410, 36.57, 36.51
 3.415, 36.18, 36.47
 3.420, 35.88, 36.41
 3.425, 35.73, 36.32
 3.430, 35.65, 36.23
 3.435, 35.72, 36.08
 3.440, 35.87, 35.91
 3.445, 36.12, 35.69
 3.450, 36.42, 35.42
 3.455, 36.81, 35.11
 3.460, 37.24, 34.73
 3.465, 37.69, 34.34
 3.470, 38.17, 33.85
 3.475, 38.64, 33.41
 3.480, 39.14, 32.87
 3.485, 39.62, 32.30
 3.490, 40.09, 31.73
 3.495, 40.56, 31.07
 3.500, 40.98, 30.43
 3.505, 41.42, 29.74
 3.510, 41.80, 29.04
 3.515, 42.15, 28.35
 3.520, 42.48, 27.60
 3.525, 42.75, 26.89
 3.530, 42.97, 26.14
 3.535, 43.18, 25.42
 3.540, 43.30, 24.72
 3.545, 43.42, 23.97
 3.550, 43.47, 23.27
 3.555, 43.49, 22.55
 3.560, 43.47, 21.84
 3.565, 43.39, 21.17
 3.570, 43.27, 20.46
 3.575, 43.12, 19.80
 3.580, 42.91, 19.11
 3.585, 42.64, 18.43
 3.590, 42.34, 17.78
 3.595, 42.01, 17.13
 3.600, 41.62, 16.49
 3.605, 41.21, 15.85
 3.610, 40.75, 15.25
 3.615, 40.29, 14.68
 3.620, 39.81, 14.11
 3.625, 39.35, 13.61
 3.630, 38.91, 13.12
 3.635, 38.50, 12.66
 3.640, 38.17, 12.27
 3.645, 37.87, 11.94
 3.650, 37.67, 11.67
 3.655, 37.55, 11.43
 3.660, 37.50, 11.29
 3.665, 37.54, 11.20
 3.670, 37.71, 11.16
 3.675, 37.94, 11.25
 3.680, 38.23, 11.36
 3.685, 38.61, 11.54
 3.690, 38.99, 11.81
 3.695, 39.42, 12.15
 3.700, 39.84, 12.55
 3.705, 40.28, 13.06
 3.710, 40.68, 13.60
 3.715, 41.05, 14.20
 3.720, 41.46, 14.93
 3.725, 41.79, 15.64
 3.730, 42.12, 16.47
 3.735, 42.42, 17.34
 3.740, 42.66, 18.24
 3.745, 42.89, 19.25
 3.750, 43.06, 20.23
 3.755, 43.20, 21.33
 3.760, 43.28, 22.41
 3.765, 43.33, 23.54
 3.770, 43.29, 24.73
 3.775, 43.22, 25.87
 3.780, 43.04, 27.09
 3.785, 42.85, 28.28
 3.790, 42.58, 29.38
 3.795, 42.23, 30.59
 3.800, 41.85, 31.63
 3.805, 41.39, 32.65
 3.810, 40.92, 33.60
 3.815, 40.41, 34.46
 3.820, 39.86, 35.23
 3.825, 39.33, 35.84
 3.830, 38.80, 36.37
 3.835, 38.29, 36.74
 3.840, 37.83, 37.00
 3.845, 37.36, 37.13
 3.850, 37.00, 37.15
 3.855, 36.63, 37.10
 3.860, 36.34, 36.97
 3.865, 36.12, 36.80
 3.870, 36.01, 36.55
 3.875, 35.99, 36.30
 3.880, 36.02, 35.99
 3.885, 36.19, 35.65
 3.890, 36.43, 35.29
 3.895, 36.75, 34.87
 3.900, 37.10, 34.44
 3.905, 37.53, 33.95
 3.910, 37.99, 33.43
 3.915, 38.42, 32.88
 3.920, 38.90, 32.29
 3.925, 39.33, 31.68
 3.930, 39.79, 31.02
 3.935, 40.22, 30.35
 3.940, 40.61, 29.68
 3.945, 41.02, 28.90
 3.950, 41.35, 28.18
 3.955, 41.68, 27.40
 3.960, 41.97, 26.62
 3.965, 42.21, 25.85
 3.970, 42.41, 25.02
 3.975, 42.55, 24.27
 3.980, 42.65, 23.44
 3.985, 42.71, 22.68
 3.990, 42.71, 21.92
 3.995, 42.66, 21.15
 4.000, 42.57, 20.43
 4.005, 42.40, 19.67
 4.010, 42.21, 18.98
 4.015, 41.96, 18.32
 4.020, 41.66, 17.63
 4.025, 41.34, 17.01
 4.030, 40.93, 16.37
 4.035, 40.49, 15.75
 4.040, 40.05, 15.16
 4.045, 39.54, 14.58
 4.050, 39.08, 14.06
 4.055, 38.59, 13.53
 4.060, 38.14, 13.07
 4.065, 37.75, 12.65
 4.070, 37.42, 12.26
 4.075, 37.18, 11.98
 4.080, 37.00, 11.72
 4.085, 36.93, 11.54
 4.090, 36.93, 11.39
 4.095, 37.07, 11.34
 4.100, 37.26, 11.33
 4.105, 37.59, 11.38
 4.110, 37.99, 11.52
 4.115, 38.42, 11.71
 4.120, 38.89, 11.94
 4.125, 39.37, 12.25
 4.130, 39.88, 12.63
 4.135, 40.37, 13.07
 4.140, 40.83, 13.58
 4.145, 41.29, 14.17
 4.150, 41.71, 14.78
 4.155, 42.12, 15.48
 4.160, 42.49, 16.20
 4.165, 42.81, 16.96
 4.170, 43.13, 17.82
 4.175, 43.39, 18.68
 4.180, 43.62, 19.62
 4.185, 43.81, 20.63
 4.190, 43.95, 21.61
 4.195, 44.03, 22.72
 4.200, 44.08, 23.78
 4.205, 44.04, 24.91
 4.210, 43.94, 26.06
 4.215, 43.77, 27.20
 4.220, 43.52, 28.38
 4.225, 43.22, 29.46
 4.230, 42.82, 30.56
 4.235, 42.38, 31.62
 4.240, 41.93, 32.56
 4.245, 41.39, 33.49
 4.250, 40.84, 34.26
 4.255, 40.26, 34.94
 4.260, 39.66, 35.54
 4.265, 39.05, 35.97
 4.270, 38.40, 36.29
 4.275, 37.81, 36.50
 4.280, 37.17, 36.60
 4.285, 36.58, 36.61
 4.290, 36.00, 36.58
 4.295, 35.45, 36.50
 4.300, 35.04, 36.42
 4.305, 34.68, 36.32
 4.310, 34.46, 36.22
 4.315, 34.35, 36.12
 4.320, 34.35, 35.99
 4.325, 34.47, 35.83
 4.330, 34.71, 35.65
 4.335, 35.02, 35.40
 4.340, 35.37, 35.15
 4.345, 35.78, 34.83
 4.350, 36.19, 34.53
 4.355, 36.61, 34.14
 4.360, 37.05, 33.73
 4.365, 37.45, 33.30
 4.370, 37.91, 32.78
 4.375, 38.34, 32.27
 4.380, 38.78, 31.69
 4.385, 39.21, 31.09
 4.390, 39.62, 30.46
 4.395, 40.01, 29.78
 4.400, 40.37, 29.12
 4.405, 40.70, 28.41
 4.410, 41.00, 27.69
 4.415, 41.25, 26.99
 4.420, 41.47, 26.23
 4.425, 41.64, 25.52
 4.430, 41.78, 24.75
 4.435, 41.88, 24.01
 4.440, 41.92, 23.29
 4.445, 41.94, 22.53
 4.450, 41.92, 21.81
 4.455, 41.84, 21.07
 4.460, 41.72, 20.35
 4.465, 41.57, 19.65
 4.470, 41.39, 18.92
 4.475, 41.14, 18.25
 4.480, 40.87, 17.58
 4.485, 40.54, 16.91
 4.490, 40.19, 16.27
 4.495, 39.80, 15.62
 4.500, 39.40, 15.05
 4.505, 38.96, 14.44
 4.510, 38.50, 13.89
 4.515, 38.07, 13.38
 4.520, 37.64, 12.88
 4.525, 37.28, 12.45
 4.530, 36.95, 12.04
 4.535, 36.70, 11.73
 4.540, 36.53, 11.47
 4.545, 36.41, 11.24
 4.550, 36.37, 11.08
 4.555, 36.41, 10.96
 4.560, 36.55, 10.94
 4.565, 36.80, 10.99
 4.570, 37.14, 11.07
 4.575, 37.49, 11.25
 4.580, 37.94, 11.46
 4.585, 38.41, 11.73
 4.590, 38.88, 12.06
 4.595, 39.39, 12.47
 4.600, 39.84, 12.91
 4.605, 40.33, 13.41
 4.610, 40.77, 13.97
 4.615, 41.20, 14.56
 4.620, 41.61, 15.23
 4.625, 41.98, 15.87
 4.630, 42.33, 16.61
 4.635, 42.66, 17.38
 4.640, 42.96, 18.18
 4.645, 43.21, 19.04
 4.650, 43.43, 19.90
 4.655, 43.62, 20.86
 4.660, 43.76, 21.82
 4.665, 43.84, 22.80
 4.670, 43.88, 23.85
 4.675, 43.87, 24.84
 4.680, 43.80, 25.90
 4.685, 43.67, 26.95
 4.690, 43.48, 27.96
 4.695, 43.22, 29.02
 4.700, 42.93, 29.97
 4.705, 42.54, 30.93
 4.710, 42.15, 31.83
 4.715, 41.71, 32.67
 4.720, 41.18, 33.49
 4.725, 40.66, 34.16
 4.730, 40.07, 34.80
 4.735, 39.48, 35.31
 4.740, 38.89, 35.70
 4.745, 38.23, 36.02
 4.750, 37.63, 36.23
 4.755, 36.98, 36.37
 4.760, 36.36, 36.41
 4.765, 35.75, 36.43
 4.770, 35.17, 36.41
 4.775, 34.70, 36.40
 4.780, 34.31, 36.39
 4.785, 34.02, 36.38
 4.790, 33.83, 36.37
 4.795, 33.72, 36.37
 4.800, 33.71, 36.35
 4.805, 33.78, 36.31
 4.810, 33.92, 36.26
 4.815, 34.13, 36.14
 4.820, 34.39, 36.01
 4.825, 34.69, 35.86
 4.830, 35.05, 35.67
 4.835, 35.45, 35.40
 4.840, 35.88, 35.14
 4.845, 36.33, 34.81
 4.850, 36.79, 34.42
 4.855, 37.30, 34.02
 4.860, 37.81, 33.55
 4.865, 38.30, 33.05
 4.870, 38.81, 32.48
 4.875, 39.29, 31.90
 4.880, 39.78, 31.27
 4.885, 40.24, 30.60
 4.890, 40.65, 29.95
 4.895, 41.04, 29.21
 4.900, 41.38, 28.54
 4.905, 41.69, 27.79
 4.910, 41.99, 27.05
 4.915, 42.21, 26.34
 4.920, 42.41, 25.56
 4.925, 42.56, 24.83
 4.930, 42.67, 24.08
 4.935, 42.75, 23.32
 4.940, 42.81, 22.61
 4.945, 42.80, 21.85
 4.950, 42.76, 21.14
 4.955, 42.70, 20.42
 4.960, 42.56, 19.72
 4.965, 42.38, 19.02
 4.970, 42.17, 18.34
 4.975, 41.92, 17.69
 4.980, 41.63, 17.03
 4.985, 41.29, 16.40
 4.990, 40.93, 15.83
 4.995, 40.52, 15.25
 5.000, 40.12, 14.73
 5.005, 39.67, 14.20
 5.010, 39.24, 13.74
 5.015, 38.85, 13.30
 5.020, 38.45, 12.89
 5.025, 38.13, 12.57
 5.030, 37.84, 12.25
 5.035, 37.65, 11.99
 5.040, 37.53, 11.80
 5.045, 37.49, 11.62
 5.050, 37.51, 11.54
 5.055, 37.60, 11.48
 5.060, 37.78, 11.47
 5.065, 38.04, 11.50
 5.070, 38.42, 11.58
 5.075, 38.79, 11.74
 5.080, 39.25, 11.92
 5.085, 39.72, 12.15
 5.090, 40.18, 12.46
 5.095, 40.70, 12.79
 5.100, 41.14, 13.17
 5.105, 41.64, 13.64
 5.110, 42.07, 14.13
 5.115, 42.49, 14.66
 5.120, 42.91, 15.26
 5.125, 43.29, 15.85
 5.130, 43.63, 16.53
 5.135, 43.95, 17.24
 5.140, 44.25, 17.99
 5.145, 44.50, 18.80
 5.150, 44.71, 19.61
 5.155, 44.90, 20.52
 5.160, 45.03, 21.42
 5.165, 45.13, 22.35
 5.170, 45.19, 23.35
 5.175, 45.19, 24.32
 5.180, 45.13, 25.37
 5.185, 45.02, 26.41
 5.190, 44.85, 27.43
 5.195, 44.62, 28.50
 5.200, 44.35, 29.48
 5.205, 44.01, 30.48
 5.210, 43.61, 31.43
 5.215, 43.16, 32.30
 5.220, 42.66, 33.14
 5.225, 42.16, 33.83
 5.230, 41.62, 34.50
 5.235, 41.08, 35.00
 5.240, 40.55, 35.36
 5.245, 40.06, 35.66
 5.250, 39.58, 35.80
 5.255, 39.14, 35.85
 5.260, 38.76, 35.83
 5.265, 38.43, 35.74
 5.270, 38.17, 35.58
 5.275, 37.98, 35.38
 5.280, 37.89, 35.17
 5.285, 37.87, 34.92
 5.290, 37.92, 34.64
 5.295, 38.07, 34.31
 5.300, 38.27, 33.99
 5.305, 38.54, 33.64
 5.310, 38.86, 33.23
 5.315, 39.18, 32.84
 5.320, 39.58, 32.40
 5.325, 39.96, 31.94
 5.330, 40.37, 31.43
 5.335, 40.77, 30.92
 5.340, 41.15, 30.39
 5.345, 41.56, 29.81
 5.350, 41.95, 29.23
 5.355, 42.33, 28.60
 5.360, 42.69, 27.96
 5.365, 43.01, 27.31
 5.370, 43.33, 26.59
 5.375, 43.61, 25.93
 5.380, 43.84, 25.21
 5.385, 44.04, 24.51
 5.390, 44.20, 23.82
 5.395, 44.33, 23.10
 5.400, 44.39, 22.43
 5.405, 44.44, 21.74
 5.410, 44.44, 21.06
 5.415, 44.37, 20.42
 5.420, 44.28, 19.77
 5.425, 44.15, 19.16
 5.430, 43.96, 18.55
 5.435, 43.74, 17.94
 5.440, 43.50, 17.40
 5.445, 43.17, 16.82
 5.450, 42.84, 16.30
 5.455, 42.45, 15.77
 5.460, 42.04, 15.29
 5.465, 41.63, 14.81
 5.470, 41.16, 14.33
 5.475, 40.72, 13.93
 5.480, 40.28, 13.51
 5.485, 39.85, 13.12
 5.490, 39.47, 12.79
 5.495, 39.10, 12.46
 5.500, 38.83, 12.22
 5.505, 38.62, 12.00
 5.510, 38.49, 11.83
 5.515, 38.41, 11.73
 5.520, 38.42, 11.65
 5.525, 38.50, 11.64
 5.530, 38.69, 11.70
 5.535, 38.95, 11.78
 5.540, 39.24, 11.95
 5.545, 39.61, 12.16
 5.550, 39.97, 12.45
 5.555, 40.39, 12.78
 5.560, 40.80, 13.16
 5.565, 41.18, 13.59
 5.570, 41.58, 14.13
 5.575, 41.92, 14.65
 5.580, 42.29, 15.27
 5.585, 42.62, 15.92
 5.590, 42.88, 16.60
 5.595, 43.16, 17.36
 5.600, 43.37, 18.12
 5.605, 43.55, 18.98
 5.610, 43.71, 19.85
 5.615, 43.83, 20.75
 5.620, 43.92, 21.73
 5.625, 43.93, 22.70
 5.630, 43.92, 23.77
 5.635, 43.83, 24.83
 5.640, 43.70, 25.92
 5.645, 43.50, 27.06
 5.650, 43.25, 28.12
 5.655, 42.90, 29.27
 5.660, 42.49, 30.38
 5.665, 42.03, 31.43
 5.670, 41.47, 32.50
 5.675, 40.88, 33.43
 5.680, 40.20, 34.37
 5.685, 39.49, 35.18
 5.690, 38.73, 35.86
 5.695, 37.94, 36.45
 5.700, 37.21, 36.85
 5.705, 36.44, 37.16
 5.710, 35.65, 37.34
 5.715, 34.92, 37.38
 5.720, 34.17, 37.37
 5.725, 33.53, 37.34
 5.730, 32.95, 37.25
 5.735, 32.49, 37.22
 5.740, 32.16, 37.14
 5.745, 31.96, 37.10
 5.750, 31.85, 37.06
 5.755, 31.87, 36.99
 5.760, 31.98, 36.90
 5.765, 32.20, 36.77
 5.770, 32.50, 36.59
 5.775, 32.87, 36.36
 5.780, 33.27, 36.08
 5.785, 33.74, 35.76
 5.790, 34.21, 35.40
 5.795, 34.74, 34.99
 5.800, 35.24, 34.55
 5.805, 35.80, 34.07
 5.810, 36.34, 33.55
 5.815, 36.90, 32.98
 5.820, 37.48, 32.36
 5.825, 38.01, 31.76
 5.830, 38.57, 31.10
 5.835, 39.08, 30.40
 5.840, 39.54, 29.72
 5.845, 40.01, 28.97
 5.850, 40.41, 28.26
 5.855, 40.79, 27.52
 5.860, 41.12, 26.77
 5.865, 41.38, 26.06
 5.870, 41.65, 25.27
 5.875, 41.84, 24.56
 5.880, 42.00, 23.80
 5.885, 42.12, 23.07
 5.890, 42.20, 22.34
 5.895, 42.23, 21.61
 5.900, 42.22, 20.91
 5.905, 42.17, 20.16
 5.910, 42.09, 19.45
 5.915, 41.95, 18.78
 5.920, 41.78, 18.07
 5.925, 41.58, 17.42
 5.930, 41.32, 16.75
 5.935, 41.02, 16.10
 5.940, 40.72, 15.51
 5.945, 40.33, 14.89
 5.950, 39.95, 14.34
 5.955, 39.53, 13.78
 5.960, 39.10, 13.28
 5.965, 38.67, 12.80
 5.970, 38.25, 12.36
 5.975, 37.88, 11.99
 5.980, 37.56, 11.66
 5.985, 37.31, 11.40
 5.990, 37.14, 11.17
 5.995, 37.00, 11.02
 6.000, 36.97, 10.92
 6.005, 36.99, 10.89
 6.010, 37.10, 10.91
 6.015, 37.30, 11.00
 6.020, 37.58, 11.16
 6.025, 37.89, 11.38
 6.030, 38.25, 11.67
 6.035, 38.62, 12.01
 6.040, 38.99, 12.42
 6.045, 39.35, 12.90
 6.050, 39.69, 13.39
 6.055, 40.04, 13.99
 6.060, 40.35, 14.62
 6.065, 40.61, 15.28
 6.070, 40.89, 16.03
 6.075, 41.11, 16.77
 6.080, 41.30, 17.57
 6.085, 41.45, 18.44
 6.090, 41.57, 19.30
 6.095, 41.67, 20.24
 6.100, 41.70, 21.18
 6.105, 41.72, 22.22
 6.110, 41.69, 23.23
 6.115, 41.62, 24.30
 6.120, 41.48, 25.40
 6.125, 41.29, 26.47
 6.130, 41.05, 27.61
 6.135, 40.76, 28.72
 6.140, 40.40, 29.83
 6.145, 39.97, 30.97
 6.150, 39.51, 31.99
 6.155, 38.94, 33.03
 6.160, 38.37, 34.02
 6.165, 37.73, 34.91
 6.170, 37.04, 35.73
 6.175, 36.37, 36.38
 6.180, 35.63, 36.99
 6.185, 34.94, 37.42
 6.190, 34.26, 37.69
 6.195, 33.56, 37.87
 6.200, 32.90, 37.90
 6.205, 32.22, 37.85
 6.210, 31.61, 37.74
 6.215, 31.04, 37.60
 6.220, 30.59, 37.47
 6.225, 30.25, 37.37
 6.230, 30.04, 37.30
 6.235, 29.95, 37.21
 6.240, 29.95, 37.16
 6.245, 30.06, 37.10
 6.250, 30.25, 37.03
 6.255, 30.55, 36.90
 6.260, 30.89, 36.74
 6.265, 31.27, 36.54
 6.270, 31.74, 36.30
 6.275, 32.22, 35.99
 6.280, 32.74, 35.62
 6.285, 33.29, 35.23
 6.290, 33.85, 34.80
 6.295, 34.45, 34.29
 6.300, 35.02, 33.77
 6.305, 35.61, 33.19
 6.310, 36.20, 32.56
 6.315, 36.76, 31.95
 6.320, 37.34, 31.25
 6.325, 37.84, 30.57
 6.330, 38.35, 29.82
 6.335, 38.83, 29.08
 6.340, 39.25, 28.34
 6.345, 39.65, 27.58
 6.350, 39.98, 26.84
 6.355, 40.31, 26.05
 6.360, 40.60, 25.28
 6.365, 40.82, 24.54
 6.370, 41.04, 23.75
 6.375, 41.21, 23.04
 6.380, 41.35, 22.26
 6.385, 41.44, 21.54
 6.390, 41.50, 20.83
 6.395, 41.51, 20.08
 6.400, 41.51, 19.39
 6.405, 41.42, 18.68
 6.410, 41.32, 18.00
 6.415, 41.19, 17.34
 6.420, 41.00, 16.65
 6.425, 40.80, 16.05
 6.430, 40.54, 15.41
 6.435, 40.27, 14.83
 6.440, 39.96, 14.25
 6.445, 39.63, 13.69
 6.450, 39.30, 13.21
 6.455, 38.94, 12.72
 6.460, 38.62, 12.29
 6.465, 38.33, 11.92
 6.470, 38.09, 11.57
 6.475, 37.88, 11.30
 6.480, 37.75, 11.06
 6.485, 37.63, 10.89
 6.490, 37.60, 10.74
 6.495, 37.63, 10.67
 6.500, 37.73, 10.66
 6.505, 37.91, 10.72
 6.510, 38.16, 10.81
 6.515, 38.43, 10.95
 6.520, 38.77, 11.18
 6.525, 39.11, 11.43
 6.530, 39.49, 11.78
 6.535, 39.85, 12.15
 6.540, 40.21, 12.58
 6.545, 40.59, 13.08
 6.550, 40.93, 13.61
 6.555, 41.25, 14.22
 6.560, 41.57, 14.86
 6.565, 41.85, 15.53
 6.570, 42.12, 16.27
 6.575, 42.35, 16.99
 6.580, 42.55, 17.82
 6.585, 42.74, 18.66
 6.590, 42.87, 19.53
 6.595, 42.97, 20.46
 6.600, 43.03, 21.39
 6.605, 43.06, 22.41
 6.610, 43.03, 23.41
 6.615, 42.96, 24.41
 6.620, 42.80, 25.48
 6.625, 42.62, 26.47
 6.630, 42.35, 27.54
 6.635, 42.07, 28.52
 6.640, 41.73, 29.53
 6.645, 41.32, 30.50
 6.650, 40.91, 31.36
 6.655, 40.41, 32.27
 6.660, 39.89, 33.08
 6.665, 39.32, 33.79
 6.670, 38.69, 34.46
 6.675, 38.08, 34.96
 6.680, 37.41, 35.40
 6.685, 36.77, 35.75
 6.690, 36.11, 35.98
 6.695, 35.43, 36.12
 6.700, 34.82, 36.19
 6.705, 34.20, 36.22
 6.710, 33.68, 36.19
 6.715, 33.25, 36.15
 6.720, 32.85, 36.13
 6.725, 32.61, 36.08
 6.730, 32.43, 36.04
 6.735, 32.36, 36.00
 6.740, 32.38, 35.95
 6.745, 32.49, 35.86
 6.750, 32.66, 35.74
 6.755, 32.91, 35.58
 6.760, 33.18, 35.38
 6.765, 33.52, 35.15
 6.770, 33.93, 34.85
 6.775, 34.34, 34.53
 6.780, 34.78, 34.16
 6.785, 35.27, 33.75
 6.790, 35.75, 33.30
 6.795, 36.28, 32.79
 6.800, 36.77, 32.29
 6.805, 37.31, 31.73
 6.810, 37.81, 31.12
 6.815, 38.31, 30.54
 6.820, 38.77, 29.89
 6.825, 39.19, 29.26
 6.830, 39.63, 28.59
 6.835, 39.99, 27.95
 6.840, 40.33, 27.29
 6.845, 40.65, 26.59
 6.850, 40.92, 25.93
 6.855, 41.16, 25.25
 6.860, 41.37, 24.56
 6.865, 41.55, 23.88
 6.870, 41.68, 23.18
 6.875, 41.78, 22.52
 6.880, 41.87, 21.81
 6.885, 41.89, 21.17
 6.890, 41.88, 20.50
 6.895, 41.84, 19.83
 6.900, 41.75, 19.21
 6.905, 41.63, 18.56
 6.910, 41.49, 17.94
 6.915, 41.29, 17.34
 6.920, 41.06, 16.73
 6.925, 40.80, 16.17
 6.930, 40.49, 15.62
 6.935, 40.17, 15.10
 6.940, 39.81, 14.60
 6.945, 39.43, 14.11
 6.950, 39.08, 13.69
 6.955, 38.70, 13.28
 6.960, 38.38, 12.93
 6.965, 38.07, 12.65
 6.970, 37.82, 12.38
 6.975, 37.63, 12.18
 6.980, 37.52, 12.03
 6.985, 37.46, 11.94
 6.990, 37.50, 11.92
 6.995, 37.62, 11.93
 7.000, 37.81, 12.01
 7.005, 38.06, 12.14
 7.010, 38.36, 12.32
 7.015, 38.69, 12.55
 7.020, 39.09, 12.86
 7.025, 39.43, 13.19
 7.030, 39.85, 13.62
 7.035, 40.24, 14.10
 7.040, 40.62, 14.62
 7.045, 41.00, 15.23
 7.050, 41.34, 15.84
 7.055, 41.67, 16.53
 7.060, 41.98, 17.25
 7.065, 42.25, 18.01
 7.070, 42.51, 18.85
 7.075, 42.72, 19.70
 7.080, 42.91, 20.64
 7.085, 43.06, 21.59
 7.090, 43.14, 22.58
 7.095, 43.18, 23.64
 7.100, 43.15, 24.64
 7.105, 43.06, 25.74
 7.110, 42.91, 26.83
 7.115, 42.67, 27.91
 7.120, 42.37, 28.99
 7.125, 42.00, 29.98
 7.130, 41.55, 30.99
 7.135, 41.07, 31.86
 7.140, 40.52, 32.70
 7.145, 39.91, 33.42
 7.150, 39.35, 33.97
 7.155, 38.73, 34.42
 7.160, 38.15, 34.72
 7.165, 37.58, 34.88
 7.170, 37.05, 34.94
 7.175, 36.61, 34.89
 7.180, 36.18, 34.77
 7.185, 35.88, 34.60
 7.190, 35.64, 34.41
 7.195, 35.53, 34.19
 7.200, 35.50, 33.96
 7.205, 35.58, 33.70
 7.210, 35.73, 33.44
 7.215, 35.96, 33.16
 7.220, 36.27, 32.83
 7.225, 36.61, 32.51
 7.230, 37.01, 32.11
 7.235, 37.41, 31.73
 7.240, 37.83, 31.31
 7.245, 38.27, 30.83
 7.250, 38.65, 30.35
 7.255, 39.10, 29.85
 7.260, 39.51, 29.30
 7.265, 39.92, 28.74
 7.270, 40.32, 28.13
 7.275, 40.69, 27.55
 7.280, 41.04, 26.92
 7.285, 41.37, 26.30
 7.290, 41.68, 25.67
 7.295, 41.94, 25.02
 7.300, 42.16, 24.39
 7.305, 42.35, 23.74
 7.310, 42.52, 23.11
 7.315, 42.59, 22.49
 7.320, 42.65, 21.83
 7.325, 42.67, 21.25
 7.330, 42.64, 20.62
 7.335, 42.56, 20.02
 7.340, 42.44, 19.44
 7.345, 42.27, 18.82
 7.350, 42.07, 18.25
 7.355, 41.81, 17.67
 7.360, 41.52, 17.10
 7.365, 41.18, 16.55
 7.370, 40.79, 15.96
 7.375, 40.41, 15.45
 7.380, 39.98, 14.90
 7.385, 39.53, 14.39
 7.390, 39.08, 13.90
 7.395, 38.63, 13.43
 7.400, 38.22, 13.01
 7.405, 37.85, 12.60
 7.410, 37.53, 12.23
 7.415, 37.31, 11.94
 7.420, 37.12, 11.66
 7.425, 37.04, 11.47
 7.430, 37.02, 11.30
 7.435, 37.09, 11.20
 7.440, 37.26, 11.17
 7.445, 37.51, 11.18
 7.450, 37.81, 11.27
 7.455, 38.17, 11.39
 7.460, 38.56, 11.57
 7.465, 38.98, 11.82
 7.470, 39.41, 12.14
 7.475, 39.81, 12.49
 7.480, 40.25, 12.91
 7.485, 40.63, 13.37
 7.490, 41.03, 13.93
 7.495, 41.41, 14.50
 7.500, 41.75, 15.13
 7.505, 42.09, 15.82
 7.510, 42.35, 16.51
 7.515, 42.63, 17.27
 7.520, 42.87, 18.10
 7.525, 43.07, 18.90
 7.530, 43.23, 19.84
 7.535, 43.36, 20.73
 7.540, 43.42, 21.66
 7.545, 43.49, 22.67
 7.550, 43.48, 23.63
 7.555, 43.41, 24.70
 7.560, 43.30, 25.69
 7.565, 43.15, 26.72
 7.570, 42.90, 27.78
 7.575, 42.65, 28.72
 7.580, 42.29, 29.76
 7.585, 41.91, 30.68
 7.590, 41.46, 31.56
 7.595, 40.97, 32.39
 7.600, 40.47, 33.11
 7.605, 39.91, 33.77
 7.610, 39.36, 34.32
 7.615, 38.80, 34.73
 7.620, 38.23, 35.05
 7.625, 37.70, 35.27
 7.630, 37.14, 35.38
 7.635, 36.65, 35.38
 7.640, 36.18, 35.30
 7.645, 35.74, 35.18
 7.650, 35.39, 35.04
 7.655, 35.10, 34.84
 7.660, 34.94, 34.65
 7.665, 34.85, 34.45
 7.670, 34.86, 34.22
 7.675, 34.96, 33.99
 7.680, 35.13, 33.73
 7.685, 35.42, 33.45
 7.690, 35.73, 33.16
 7.695, 36.11, 32.79
 7.700, 36.49, 32.47
 7.705, 36.90, 32.08
 7.710, 37.31, 31.70
 7.715, 37.74, 31.28
 7.720, 38.19, 30.80
 7.725, 38.62, 30.33
 7.730, 39.06, 29.80
 7.735, 39.50, 29.26
 7.740, 39.93, 28.68
 7.745, 40.36, 28.05
 7.750, 40.75, 27.46
 7.755, 41.14, 26.80
 7.760, 41.51, 26.15
 7.765, 41.84, 25.49
 7.770, 42.16, 24.82
 7.775, 42.40, 24.18
 7.780, 42.63, 23.48
 7.785, 42.80, 22.85
 7.790, 42.94, 22.19
 7.795, 43.04, 21.53
 7.800, 43.08, 20.94
 7.805, 43.07, 20.28
 7.810, 43.02, 19.66
 7.815, 42.93, 19.08
 7.820, 42.80, 18.46
 7.825, 42.60, 17.88
 7.830, 42.36, 17.28
 7.835, 42.07, 16.73
 7.840, 41.76, 16.19
 7.845, 41.38, 15.63
 7.850, 40.99, 15.12
 7.855, 40.54, 14.59
 7.860, 40.10, 14.09
 7.865, 39.63, 13.65
 7.870, 39.17, 13.20
 7.875, 38.74, 12.78
 7.880, 38.32, 12.38
 7.885, 37.98, 12.03
 7.890, 37.69, 11.75
 7.895, 37.48, 11.49
 7.900, 37.34, 11.29
 7.905, 37.30, 11.13
 7.910, 37.32, 11.06
 7.915, 37.45, 10.99
 7.920, 37.70, 11.00
 7.925, 38.01, 11.07
 7.930, 38.39, 11.18
 7.935, 38.81, 11.37
 7.940, 39.27, 11.59
 7.945, 39.76, 11.91
 7.950, 40.21, 12.24
 7.955, 40.71, 12.67
 7.960, 41.16, 13.13
 7.965, 41.59, 13.63
 7.970, 42.03, 14.22
 7.975, 42.43, 14.83
 7.980, 42.81, 15.50
 7.985, 43.15, 16.20
 7.990, 43.45, 16.94
 7.995, 43.73, 17.77
 8.000, 43.95, 18.57
 8.005, 44.15, 19.47
 8.010, 44.29, 20.35
 8.015, 44.39, 21.28
 8.020, 44.45, 22.26
 8.025, 44.43, 23.21
 8.030, 44.37, 24.22
 8.035, 44.24, 25.19
 8.040, 44.05, 26.16
 8.045, 43.81, 27.15
 8.050, 43.50, 28.06
 8.055, 43.14, 29.00
 8.060, 42.73, 29.86
 8.065, 42.26, 30.63
 8.070, 41.74, 31.42
 8.075, 41.21, 32.06
 8.080, 40.60, 32.65
 8.085, 40.02, 33.11
 8.090, 39.42, 33.47
 8.095, 38.80, 33.74
 8.100, 38.25, 33.86
 8.105, 37.65, 33.91
 8.110, 37.18, 33.89
 8.115, 36.73, 33.82
 8.120, 36.37, 33.69
 8.125, 36.14, 33.55
 8.130, 35.97, 33.35
 8.135, 35.91, 33.14
 8.140, 35.96, 32.88
 8.145, 36.12, 32.60
 8.150, 36.32, 32.30
 8.155, 36.60, 31.94
 8.160, 36.90, 31.56
 8.165, 37.24, 31.16
 8.170, 37.63, 30.69
 8.175, 37.98, 30.24
 8.180, 38.36, 29.72
 8.185, 38.74, 29.21
 8.190, 39.09, 28.68
 8.195, 39.45, 28.09
 8.200, 39.79, 27.53
 8.205, 40.11, 26.91
 8.210, 40.42, 26.30
 8.215, 40.70, 25.69
 8.220, 40.94, 25.05
 8.225, 41.16, 24.44
 8.230, 41.35, 23.78
 8.235, 41.49, 23.18
 8.240, 41.59, 22.56
 8.245, 41.68, 21.92
 8.250, 41.70, 21.30
 8.255, 41.69, 20.67
 8.260, 41.63, 20.08
 8.265, 41.55, 19.47
 8.270, 41.40, 18.88
 8.275, 41.22, 18.32
 8.280, 41.00, 17.71
 8.285, 40.74, 17.16
 8.290, 40.42, 16.60
 8.295, 40.08, 16.06
 8.300, 39.72, 15.54
 8.305, 39.29, 15.01
 8.310, 38.88, 14.49
 8.315, 38.43, 14.00
 8.320, 37.98, 13.51
 8.325, 37.55, 13.04
 8.330, 37.12, 12.57
 8.335, 36.78, 12.18
 8.340, 36.46, 11.81
 8.345, 36.22, 11.53
 8.350, 36.06, 11.29
 8.355, 35.94, 11.08
 8.360, 35.92, 10.90
 8.365, 35.94, 10.82
 8.370, 36.03, 10.75
 8.375, 36.23, 10.77
 8.380, 36.51, 10.87
 8.385, 36.82, 10.99
 8.390, 37.18, 11.18
 8.395, 37.58, 11.44
 8.400, 37.99, 11.72
 8.405, 38.41, 12.09
 8.410, 38.80, 12.48
 8.415, 39.21, 12.94
 8.420, 39.60, 13.47
 8.425, 39.96, 14.01
 8.430, 40.30, 14.61
 8.435, 40.63, 15.24
 8.440, 40.91, 15.91
 8.445, 41.18, 16.63
 8.450, 41.41, 17.35
 8.455, 41.61, 18.15
 8.460, 41.79, 18.95
 8.465, 41.91, 19.79
 8.470, 42.00, 20.68
 8.475, 42.05, 21.56
 8.480, 42.09, 22.50
 8.485, 42.06, 23.41
 8.490, 41.99, 24.36
 8.495, 41.87, 25.32
 8.500, 41.69, 26.25
 8.505, 41.47, 27.21
 8.510, 41.21, 28.10
 8.515, 40.90, 29.00
 8.520, 40.52, 29.87
 8.525, 40.11, 30.65
 8.530, 39.65, 31.43
 8.535, 39.18, 32.07
 8.540, 38.65, 32.66
 8.545, 38.10, 33.11
 8.550, 37.53, 33.45
 8.555, 36.95, 33.73
 8.560, 36.41, 33.83
 8.565, 35.87, 33.85
 8.570, 35.37, 33.77
 8.575, 34.89, 33.65
 8.580, 34.48, 33.48
 8.585, 34.18, 33.31
 8.590, 33.99, 33.09
 8.595, 33.90, 32.89
 8.600, 33.92, 32.66
 8.605, 34.07, 32.41
 8.610, 34.29, 32.13
 8.615, 34.62, 31.84
 8.620, 35.02, 31.49
 8.625, 35.42, 31.15
 8.630, 35.89, 30.78
 8.635, 36.33, 30.41
 8.640, 36.78, 30.03
 8.645, 37.22, 29.60
 8.650, 37.63, 29.21
 8.655, 38.05, 28.76
 8.660, 38.45, 28.30
 8.665, 38.84, 27.83
 8.670, 39.20, 27.31
 8.675, 39.54, 26.83
 8.680, 39.88, 26.28
 8.685, 40.17, 25.74
 8.690, 40.43, 25.18
 8.695, 40.68, 24.60
 8.700, 40.83, 24.08
 8.705, 41.01, 23.49
 8.710, 41.13, 22.92
 8.715, 41.23, 22.38
 8.720, 41.27, 21.80
 8.725, 41.29, 21.27
 8.730, 41.26, 20.71
 8.735, 41.20, 20.17
 8.740, 41.11, 19.64
 8.745, 40.98, 19.08
 8.750, 40.82, 18.56
 8.755, 40.63, 18.02
 8.760, 40.38, 17.51
 8.765, 40.11, 16.98
 8.770, 39.81, 16.44
 8.775, 39.47, 15.94
 8.780, 39.12, 15.42
 8.785, 38.76, 14.91
 8.790, 38.37, 14.41
 8.795, 37.98, 13.92
 8.800, 37.64, 13.48
 8.805, 37.30, 13.03
 8.810, 36.99, 12.62
 8.815, 36.74, 12.24
 8.820, 36.55, 11.92
 8.825, 36.41, 11.67
 8.830, 36.33, 11.42
 8.835, 36.34, 11.27
 8.840, 36.41, 11.16
 8.845, 36.56, 11.14
 8.850, 36.80, 11.19
 8.855, 37.12, 11.30
 8.860, 37.47, 11.49
 8.865, 37.87, 11.71
 8.870, 38.28, 12.02
 8.875, 38.67, 12.37
 8.880, 39.12, 12.81
 8.885, 39.54, 13.27
 8.890, 39.96, 13.81
 8.895, 40.36, 14.41
 8.900, 40.71, 15.02
 8.905, 41.08, 15.72
 8.910, 41.41, 16.42
 8.915, 41.71, 17.16
 8.920, 42.01, 18.00
 8.925, 42.26, 18.82
 8.930, 42.50, 19.74
 8.935, 42.68, 20.63
 8.940, 42.84, 21.60
 8.945, 42.95, 22.59
 8.950, 43.02, 23.57
 8.955, 43.04, 24.63
 8.960, 43.02, 25.64
 8.965, 42.94, 26.65
 8.970, 42.81, 27.72
 8.975, 42.64, 28.66
 8.980, 42.38, 29.69
 8.985, 42.13, 30.56
 8.990, 41.79, 31.46
 8.995, 41.43, 32.28
 9.000, 41.04, 32.99
 9.005, 40.61, 33.65
 9.010, 40.18, 34.18
 9.015, 39.74, 34.61
 9.020, 39.28, 34.92
 9.025, 38.86, 35.07
 9.030, 38.44, 35.17
 9.035, 38.04, 35.16
 9.040, 37.66, 35.09
 9.045, 37.30, 34.97
 9.050, 37.02, 34.82
 9.055, 36.76, 34.65
 9.060, 36.61, 34.44
 9.065, 36.52, 34.22
 9.070, 36.52, 33.96
 9.075, 36.59, 33.71
 9.080, 36.77, 33.38
 9.085, 37.04, 33.02
 9.090, 37.34, 32.66
 9.095, 37.69, 32.24
 9.100, 38.02, 31.81
 9.105, 38.37, 31.35
 9.110, 38.71, 30.90
 9.115, 39.04, 30.42
 9.120, 39.36, 29.88
 9.125, 39.66, 29.36
 9.130, 39.96, 28.77
 9.135, 40.23, 28.19
 9.140, 40.49, 27.59
 9.145, 40.71, 26.94
 9.150, 40.91, 26.31
 9.155, 41.10, 25.65
 9.160, 41.24, 25.01
 9.165, 41.35, 24.39
 9.170, 41.42, 23.71
 9.175, 41.47, 23.10
 9.180, 41.47, 22.46
 9.185, 41.45, 21.83
 9.190, 41.40, 21.23
 9.195, 41.29, 20.60
 9.200, 41.17, 20.01
 9.205, 41.00, 19.39
 9.210, 40.80, 18.83
 9.215, 40.59, 18.25
 9.220, 40.33, 17.68
 9.225, 40.04, 17.13
 9.230, 39.73, 16.58
 9.235, 39.39, 16.06
 9.240, 39.05, 15.56
 9.245, 38.69, 15.05
 9.250, 38.35, 14.60
 9.255, 37.99, 14.16
 9.260, 37.66, 13.76
 9.265, 37.39, 13.41
 9.270, 37.11, 13.06
 9.275, 36.92, 12.81
 9.280, 36.78, 12.58
 9.285, 36.69, 12.42
 9.290, 36.69, 12.31
 9.295, 36.77, 12.26
 9.300, 36.91, 12.28
 9.305, 37.16, 12.37
 9.310, 37.43, 12.51
 9.315, 37.78, 12.72
 9.320, 38.15, 12.99
 9.325, 38.56, 13.30
 9.330, 38.98, 13.68
 9.335, 39.40, 14.13
 9.340, 39.82, 14.62
 9.345, 40.20, 15.17
 9.350, 40.59, 15.75
 9.355, 40.94, 16.40
 9.360, 41.29, 17.06
 9.365, 41.60, 17.78
 9.370, 41.91, 18.55
 9.375, 42.14, 19.31
 9.380, 42.37, 20.19
 9.385, 42.54, 21.05
 9.390, 42.67, 21.95
 9.395, 42.76, 22.90
 9.400, 42.79, 23.82
 9.405, 42.78, 24.79
 9.410, 42.68, 25.75
 9.415, 42.53, 26.70
 9.420, 42.30, 27.64
 9.425, 42.03, 28.52
 9.430, 41.67, 29.41
 9.435, 41.27, 30.16
 9.440, 40.81, 30.90
 9.445, 40.30, 31.59
 9.450, 39.77, 32.14
 9.455, 39.16, 32.62
 9.460, 38.58, 32.98
 9.465, 37.98, 33.21
 9.470, 37.38, 33.38
 9.475, 36.81, 33.45
 9.480, 36.22, 33.45
 9.485, 35.71, 33.43
 9.490, 35.27, 33.36
 9.495, 34.90, 33.27
 9.500, 34.68, 33.17
 9.505, 34.53, 33.04
 9.510, 34.52, 32.89
 9.515, 34.58, 32.70
 9.520, 34.77, 32.46
 9.525, 34.99, 32.20
 9.530, 35.31, 31.88
 9.535, 35.64, 31.56
 9.540, 36.02, 31.20
 9.545, 36.38, 30.80
 9.550, 36.77, 30.41
 9.555, 37.16, 29.94
 9.560, 37.55, 29.49
 9.565, 37.94, 29.01
 9.570, 38.35, 28.48
 9.575, 38.72, 27.97
 9.580, 39.09, 27.39
 9.585, 39.43, 26.84
 9.590, 39.78, 26.27
 9.595, 40.08, 25.66
 9.600, 40.37, 25.09
 9.605, 40.61, 24.49
 9.610, 40.83, 23.92
 9.615, 41.03, 23.32
 9.620, 41.19, 22.71
 9.625, 41.31, 22.19
 9.630, 41.40, 21.58
 9.635, 41.47, 21.05
 9.640, 41.50, 20.50
 9.645, 41.50, 19.95
 9.650, 41.46, 19.44
 9.655, 41.40, 18.89
 9.660, 41.30, 18.40
 9.665, 41.17, 17.90
 9.670, 40.98, 17.38
 9.675, 40.79, 16.92
 9.680, 40.56, 16.43
 9.685, 40.34, 16.00
 9.690, 40.07, 15.54
 9.695, 39.80, 15.13
 9.700, 39.58, 14.74
 9.705, 39.36, 14.38
 9.710, 39.14, 14.06
 9.715, 38.98, 13.76
 9.720, 38.87, 13.52
 9.725, 38.83, 13.33
 9.730, 38.84, 13.20
 9.735, 38.92, 13.08
 9.740, 39.04, 13.06
 9.745, 39.27, 13.06
 9.750, 39.56, 13.15
 9.755, 39.93, 13.30
 9.760, 40.29, 13.48
 9.765, 40.70, 13.74
 9.770, 41.14, 14.08
 9.775, 41.55, 14.46
 9.780, 41.98, 14.90
 9.785, 42.37, 15.42
 9.790, 42.76, 15.99
 9.795, 43.13, 16.62
 9.800, 43.46, 17.28
 9.805, 43.77, 18.01
 9.810, 44.03, 18.78
 9.815, 44.26, 19.61
 9.820, 44.46, 20.49
 9.825, 44.59, 21.37
 9.830, 44.68, 22.35
 9.835, 44.73, 23.30
 9.840, 44.69, 24.29
 9.845, 44.59, 25.33
 9.850, 44.42, 26.28
 9.855, 44.18, 27.31
 9.860, 43.89, 28.22
 9.865, 43.50, 29.11
 9.870, 43.10, 29.95
 9.875, 42.67, 30.65
 9.880, 42.20, 31.29
 9.885, 41.75, 31.75
 9.890, 41.31, 32.14
 9.895, 40.88, 32.39
 9.900, 40.49, 32.55
 9.905, 40.13, 32.59
 9.910, 39.83, 32.56
 9.915, 39.55, 32.43
 9.920, 39.34, 32.23
 9.925, 39.22, 31.99
 9.930, 39.14, 31.66
 9.935, 39.14, 31.33
 9.940, 39.21, 30.93
 9.945, 39.35, 30.52
 9.950, 39.53, 30.09
 9.955, 39.80, 29.59
 9.960, 40.06, 29.13
 9.965, 40.38, 28.64
 9.970, 40.69, 28.12
 9.975, 41.00, 27.62
 9.980, 41.32, 27.07
 9.985, 41.62, 26.55
 9.990, 41.92, 26.02
 9.995, 42.21, 25.44
10.000, 42.46, 24.90
10.005, 42.73, 24.31
10.010, 42.95, 23.72
10.015, 43.14, 23.12
10.020, 43.29, 22.53
10.025, 43.41, 21.94
10.030, 43.49, 21.35
10.035, 43.53, 20.79
10.040, 43.54, 20.21
10.045, 43.50, 19.66
10.050, 43.45, 19.12
10.055, 43.32, 18.57
10.060, 43.14, 18.07
10.065, 42.95, 17.55
10.070, 42.70, 17.03
10.075, 42.42, 16.57
10.080, 42.07, 16.10
10.085, 41.72, 15.64
10.090, 41.33, 15.18
10.095, 40.89, 14.74
10.100, 40.50, 14.36
10.105, 40.05, 13.94
10.110, 39.63, 13.56
10.115, 39.25, 13.21
10.120, 38.87, 12.88
10.125, 38.58, 12.61
10.130, 38.30, 12.35
10.135, 38.13, 12.12
10.140, 38.04, 11.95
10.145, 37.98, 11.80
10.150, 38.05, 11.74
10.155, 38.18, 11.70
10.160, 38.39, 11.73
10.165, 38.66, 11.80
10.170, 38.99, 11.95
10.175, 39.35, 12.15
10.180, 39.75, 12.41
10.185, 40.15, 12.73
10.190, 40.58, 13.11
10.195, 40.99, 13.55
10.200, 41.37, 14.01
10.205, 41.75, 14.57
10.210, 42.09, 15.15
10.215, 42.41, 15.78
10.220, 42.67, 16.45
10.225, 42.92, 17.13
10.230, 43.14, 17.90
10.235, 43.32, 18.69
10.240, 43.48, 19.51
10.245, 43.58, 20.38
10.250, 43.64, 21.25
10.255, 43.67, 22.21
10.260, 43.67, 23.10
10.265, 43.59, 24.06
10.270, 43.45, 25.02
10.275, 43.28, 25.96
10.280, 43.03, 26.93
10.285, 42.75, 27.82
10.290, 42.41, 28.72
10.295, 42.01, 29.57
10.300, 41.62, 30.32
10.305, 41.17, 31.04
10.310, 40.73, 31.63
10.315, 40.27, 32.15
10.320, 39.79, 32.56
10.325, 39.40, 32.88
10.330, 38.97, 33.09
10.335, 38.59, 33.19
10.340, 38.25, 33.21
10.345, 37.95, 33.15
10.350, 37.73, 33.03
10.355, 37.56, 32.86
10.360, 37.48, 32.65
10.365, 37.45, 32.40
10.370, 37.53, 32.09
10.375, 37.67, 31.79
10.380, 37.87, 31.44
10.385, 38.12, 31.08
10.390, 38.42, 30.68
10.395, 38.75, 30.25
10.400, 39.08, 29.82
10.405, 39.44, 29.36
10.410, 39.81, 28.87
10.415, 40.18, 28.37
10.420, 40.57, 27.82
10.425, 40.92, 27.28
10.430, 41.27, 26.72
10.435, 41.59, 26.14
10.440, 41.90, 25.55
10.445, 42.20, 24.92
10.450, 42.42, 24.32
10.455, 42.63, 23.69
10.460, 42.80, 23.09
10.465, 42.93, 22.47
10.470, 43.00, 21.83
10.475, 43.02, 21.27
10.480, 43.03, 20.62
10.485, 42.98, 20.06
10.490, 42.87, 19.48
10.495, 42.71, 18.92
10.500, 42.53, 18.39
10.505, 42.29, 17.82
10.510, 42.01, 17.31
10.515, 41.69, 16.80
10.520, 41.32, 16.27
10.525, 40.94, 15.79
10.530, 40.53, 15.30
10.535, 40.11, 14.83
10.540, 39.68, 14.39
10.545, 39.25, 13.95
10.550, 38.90, 13.56
10.555, 38.53, 13.19
10.560, 38.24, 12.85
10.565, 38.00, 12.57
10.570, 37.83, 12.30
10.575, 37.75, 12.11
10.580, 37.74, 11.94
10.585, 37.78, 11.80
10.590, 37.94, 11.76
10.595, 38.17, 11.76
10.600, 38.46, 11.81
10.605, 38.83, 11.92
10.610, 39.22, 12.08
10.615, 39.66, 12.30
10.620, 40.15, 12.59
10.625, 40.61, 12.92
10.630, 41.11, 13.33
10.635, 41.57, 13.77
10.640, 42.00, 14.27
10.645, 42.44, 14.84
10.650, 42.86, 15.40
10.655, 43.24, 16.05
10.660, 43.60, 16.73
10.665, 43.92, 17.44
10.670, 44.21, 18.21
10.675, 44.47, 18.99
10.680, 44.69, 19.86
10.685, 44.87, 20.70
10.690, 45.01, 21.62
10.695, 45.11, 22.58
10.700, 45.14, 23.52
10.705, 45.13, 24.53
10.710, 45.06, 25.51
10.715, 44.91, 26.52
10.720, 44.71, 27.56
10.725, 44.46, 28.52
10.730, 44.10, 29.54
10.735, 43.72, 30.45
10.740, 43.27, 31.32
10.745, 42.73, 32.12
10.750, 42.18, 32.77
10.755, 41.58, 33.39
10.760, 41.01, 33.81
10.765, 40.39, 34.14
10.770, 39.78, 34.34
10.775, 39.23, 34.45
10.780, 38.66, 34.49
10.785, 38.20, 34.45
10.790, 37.81, 34.40
10.795, 37.54, 34.30
10.800, 37.39, 34.18
10.805, 37.35, 34.04
10.810, 37.43, 33.87
10.815, 37.58, 33.64
10.820, 37.87, 33.39
10.825, 38.22, 33.10
10.830, 38.63, 32.77
10.835, 39.03, 32.42
10.840, 39.47, 32.03
10.845, 39.91, 31.63
10.850, 40.31, 31.22
10.855, 40.73, 30.77
10.860, 41.14, 30.33
10.865, 41.56, 29.83
10.870, 41.92, 29.35
10.875, 42.27, 28.83
10.880, 42.62, 28.27
10.885, 42.91, 27.73
10.890, 43.19, 27.15
10.895, 43.46, 26.53
10.900, 43.63, 25.96
10.905, 43.79, 25.33
10.910, 43.89, 24.74
10.915, 43.96, 24.13
10.920, 43.98, 23.49
10.925, 43.98, 22.88
10.930, 43.89, 22.22
10.935, 43.79, 21.63
10.940, 43.66, 21.01
10.945, 43.47, 20.36
10.950, 43.26, 19.75
10.955, 43.00, 19.11
10.960, 42.70, 18.50
10.965, 42.36, 17.88
10.970, 42.00, 17.26
10.975, 41.63, 16.66
10.980, 41.21, 16.04
10.985, 40.79, 15.47
10.990, 40.38, 14.92
10.995, 39.95, 14.37
11.000, 39.57, 13.88
11.005, 39.17, 13.40
11.010, 38.84, 12.97
11.015, 38.54, 12.58
11.020, 38.29, 12.25
11.025, 38.09, 11.99
11.030, 37.98, 11.78
11.035, 37.95, 11.63
11.040, 37.97, 11.55
11.045, 38.12, 11.53
11.050, 38.35, 11.56
11.055, 38.67, 11.69
11.060, 39.01, 11.81
11.065, 39.42, 12.06
11.070, 39.86, 12.33
11.075, 40.29, 12.67
11.080, 40.76, 13.06
11.085, 41.20, 13.48
11.090, 41.65, 13.98
11.095, 42.09, 14.50
11.100, 42.47, 15.07
11.105, 42.87, 15.69
11.110, 43.24, 16.35
11.115, 43.59, 17.05
11.120, 43.92, 17.80
11.125, 44.18, 18.54
11.130, 44.45, 19.37
11.135, 44.66, 20.19
11.140, 44.83, 21.07
11.145, 44.97, 22.00
11.150, 45.07, 22.92
11.155, 45.12, 23.92
11.160, 45.12, 24.89
11.165, 45.07, 25.89
11.170, 44.95, 26.94
11.175, 44.78, 27.91
11.180, 44.53, 28.96
11.185, 44.22, 29.94
11.190, 43.86, 30.91
11.195, 43.42, 31.83
11.200, 42.92, 32.66
11.205, 42.35, 33.49
11.210, 41.78, 34.13
11.215, 41.15, 34.72
11.220, 40.52, 35.21
11.225, 39.89, 35.56
11.230, 39.23, 35.81
11.235, 38.64, 35.95
11.240, 38.04, 36.02
11.245, 37.46, 36.01
11.250, 36.97, 36.00
11.255, 36.56, 35.98
11.260, 36.29, 35.93
11.265, 36.08, 35.89
11.270, 36.01, 35.80
11.275, 36.02, 35.74
11.280, 36.12, 35.59
11.285, 36.33, 35.45
11.290, 36.60, 35.26
11.295, 36.95, 35.01
11.300, 37.30, 34.73
11.305, 37.72, 34.41
11.310, 38.14, 34.07
11.315, 38.58, 33.66
11.320, 39.03, 33.23
11.325, 39.46, 32.80
11.330, 39.94, 32.29
11.335, 40.37, 31.78
11.340, 40.82, 31.19
11.345, 41.27, 30.60
11.350, 41.68, 30.02
11.355, 42.09, 29.37
11.360, 42.45, 28.71
11.365, 42.78, 28.04
11.370, 43.10, 27.36
11.375, 43.35, 26.70
11.380, 43.60, 25.99
11.385, 43.77, 25.33
11.390, 43.91, 24.62
11.395, 44.01, 23.93
11.400, 44.09, 23.26
11.405, 44.09, 22.54
11.410, 44.07, 21.89
11.415, 43.99, 21.22
11.420, 43.86, 20.55
11.425, 43.69, 19.93
11.430, 43.48, 19.25
11.435, 43.23, 18.65
11.440, 42.93, 18.02
11.445, 42.61, 17.41
11.450, 42.25, 16.83
11.455, 41.84, 16.24
11.460, 41.42, 15.70
11.465, 40.97, 15.15
11.470, 40.50, 14.63
11.475, 40.06, 14.14
11.480, 39.59, 13.66
11.485, 39.17, 13.24
11.490, 38.79, 12.83
11.495, 38.42, 12.46
11.500, 38.16, 12.17
11.505, 37.90, 11.90
11.510, 37.73, 11.70
11.515, 37.65, 11.54
11.520, 37.64, 11.46
11.525, 37.73, 11.44
11.530, 37.93, 11.50
11.535, 38.16, 11.60
11.540, 38.45, 11.78
11.545, 38.82, 12.02
11.550, 39.20, 12.32
11.555, 39.61, 12.71
11.560, 40.02, 13.12
11.565, 40.44, 13.59
11.570, 40.85, 14.14
11.575, 41.25, 14.72
11.580, 41.67, 15.37
11.585, 42.02, 16.05
11.590, 42.38, 16.79
11.595, 42.71, 17.56
11.600, 43.01, 18.37
11.605, 43.30, 19.28
11.610, 43.54, 20.16
11.615, 43.75, 21.09
11.620, 43.91, 22.09
11.625, 44.03, 23.08
11.630, 44.11, 24.17
11.635, 44.14, 25.22
11.640, 44.11, 26.32
11.645, 44.04, 27.43
11.650, 43.88, 28.52
11.655, 43.66, 29.64
11.660, 43.40, 30.67
11.665, 43.05, 31.74
11.670, 42.63, 32.74
11.675, 42.21, 33.61
11.680, 41.64, 34.48
11.685, 41.14, 35.20
11.690, 40.56, 35.80
11.695, 39.95, 36.29
11.700, 39.41, 36.61
11.705, 38.86, 36.84
11.710, 38.36, 36.96
11.715, 37.86, 36.96
11.720, 37.46, 36.92
11.725, 37.14, 36.81
11.730, 36.89, 36.62
11.735, 36.78, 36.44
11.740, 36.76, 36.22
11.745, 36.84, 35.95
11.750, 36.98, 35.67
11.755, 37.21, 35.34
11.760, 37.52, 34.99
11.765, 37.90, 34.60
11.770, 38.28, 34.13
11.775, 38.69, 33.67
11.780, 39.11, 33.15
11.785, 39.52, 32.63
11.790, 39.95, 32.03
11.795, 40.36, 31.39
11.800, 40.75, 30.78
11.805, 41.13, 30.10
11.810, 41.48, 29.41
11.815, 41.81, 28.68
11.820, 42.14, 27.92
11.825, 42.39, 27.21
11.830, 42.65, 26.41
11.835, 42.86, 25.68
11.840, 43.03, 24.92
11.845, 43.19, 24.18
11.850, 43.28, 23.45
11.855, 43.35, 22.68
11.860, 43.37, 22.00
11.865, 43.38, 21.30
11.870, 43.34, 20.62
11.875, 43.26, 19.98
11.880, 43.13, 19.33
11.885, 43.00, 18.73
11.890, 42.80, 18.13
11.895, 42.58, 17.55
11.900, 42.32, 17.01
11.905, 42.00, 16.46
11.910, 41.67, 15.96
11.915, 41.30, 15.46
11.920, 40.92, 15.00
11.925, 40.51, 14.54
11.930, 40.07, 14.10
11.935, 39.65, 13.70
11.940, 39.21, 13.32
11.945, 38.80, 12.99
11.950, 38.40, 12.66
11.955, 38.04, 12.36
11.960, 37.72, 12.11
11.965, 37.44, 11.89
11.970, 37.24, 11.71
11.975, 37.09, 11.55
11.980, 37.01, 11.46
11.985, 37.00, 11.39
11.990, 37.08, 11.37
11.995, 37.26, 11.39
12.000, 37.51, 11.48
12.005, 37.84, 11.60
12.010, 38.22, 11.77
12.015, 38.61, 11.98
12.020, 39.03, 12.24
12.025, 39.44, 12.56
12.030, 39.91, 12.96
12.035, 40.32, 13.39
12.040, 40.75, 13.89
12.045, 41.16, 14.44
12.050, 41.54, 15.04
12.055, 41.89, 15.71
12.060, 42.21, 16.39
12.065, 42.51, 17.14
12.070, 42.76, 17.92
12.075, 42.97, 18.70
12.080, 43.16, 19.59
12.085, 43.30, 20.47
12.090, 43.41, 21.41
12.095, 43.46, 22.37
12.100, 43.49, 23.35
12.105, 43.45, 24.40
12.110, 43.35, 25.39
12.115, 43.19, 26.44
12.120, 42.97, 27.49
12.125, 42.69, 28.49
12.130, 42.31, 29.53
12.135, 41.91, 30.47
12.140, 41.43, 31.42
12.145, 40.90, 32.28
12.150, 40.34, 33.04
12.155, 39.72, 33.74
12.160, 39.11, 34.27
12.165, 38.47, 34.72
12.170, 37.81, 35.01
12.175, 37.18, 35.22
12.180, 36.53, 35.29
12.185, 35.91, 35.26
12.190, 35.30, 35.16
12.195, 34.73, 35.02
12.200, 34.26, 34.86
12.205, 33.86, 34.70
12.210, 33.59, 34.53
12.215, 33.46, 34.35
12.220, 33.48, 34.15
12.225, 33.62, 33.90
12.230, 33.90, 33.62
12.235, 34.29, 33.31
12.240, 34.75, 32.94
12.245, 35.26, 32.55
12.250, 35.81, 32.11
12.255, 36.37, 31.63
12.260, 36.92, 31.15
12.265, 37.50, 30.64
12.270, 38.08, 30.10
12.275, 38.61, 29.55
12.280, 39.18, 28.93
12.285, 39.69, 28.35
12.290, 40.21, 27.71
12.295, 40.70, 27.08
12.300, 41.16, 26.48
12.305, 41.61, 25.81
12.310, 42.00, 25.19
12.315, 42.35, 24.55
12.320, 42.65, 23.91
12.325, 42.91, 23.29
12.330, 43.12, 22.66
12.335, 43.29, 22.08
12.340, 43.39, 21.48
12.345, 43.44, 20.91
12.350, 43.46, 20.34
12.355, 43.44, 19.77
12.360, 43.33, 19.24
12.365, 43.21, 18.70
12.370, 43.02, 18.17
12.375, 42.81, 17.67
12.380, 42.53, 17.13
12.385, 42.24, 16.65
12.390, 41.89, 16.15
12.395, 41.53, 15.68
12.400, 41.17, 15.24
12.405, 40.78, 14.80
12.410, 40.42, 14.39
12.415, 40.06, 14.03
12.420, 39.73, 13.69
12.425, 39.46, 13.40
12.430, 39.21, 13.09
12.435, 39.01, 12.87
12.440, 38.89, 12.67
12.445, 38.86, 12.56
12.450, 38.90, 12.43
12.455, 39.03, 12.38
12.460, 39.21, 12.37
12.465, 39.49, 12.42
12.470, 39.83, 12.54
12.475, 40.19, 12.68
12.480, 40.62, 12.92
12.485, 41.05, 13.18
12.490, 41.50, 13.52
12.495, 41.98, 13.91
12.500, 42.40, 14.33
12.505, 42.83, 14.82
12.510, 43.20, 15.31
12.515, 43.59, 15.89
12.520, 43.92, 16.48
12.525, 44.22, 17.12
12.530, 44.50, 17.79
12.535, 44.73, 18.53
12.540, 44.93, 19.29
12.545, 45.10, 20.12
12.550, 45.19, 20.93
12.555, 45.23, 21.84
12.560, 45.22, 22.71
12.565, 45.14, 23.65
12.570, 45.01, 24.58
12.575, 44.80, 25.49
12.580, 44.48, 26.47
12.585, 44.14, 27.32
12.590, 43.69, 28.19
12.595, 43.20, 28.99
12.600, 42.66, 29.72
12.605, 42.07, 30.38
12.610, 41.49, 30.90
12.615, 40.89, 31.36
12.620, 40.31, 31.70
12.625, 39.71, 31.95
12.630, 39.12, 32.10
12.635, 38.60, 32.14
12.640, 38.08, 32.13
12.645, 37.64, 32.07
12.650, 37.27, 31.95
12.655, 36.98, 31.77
12.660, 36.80, 31.61
12.665, 36.68, 31.39
12.670, 36.68, 31.13
12.675, 36.78, 30.89
12.680, 36.95, 30.59
12.685, 37.17, 30.31
12.690, 37.46, 30.00
12.695, 37.78, 29.68
12.700, 38.11, 29.36
12.705, 38.49, 28.99
12.710, 38.84, 28.63
12.715, 39.22, 28.25
12.720, 39.61, 27.85
12.725, 39.99, 27.45
12.730, 40.39, 26.98
12.735, 40.76, 26.55
12.740, 41.11, 26.10
12.745, 41.46, 25.63
12.750, 41.77, 25.17
12.755, 42.06, 24.65
12.760, 42.30, 24.18
12.765, 42.51, 23.70
12.770, 42.66, 23.21
12.775, 42.78, 22.75
12.780, 42.88, 22.25
12.785, 42.93, 21.80
12.790, 42.94, 21.31
12.795, 42.90, 20.84
12.800, 42.81, 20.39
12.805, 42.68, 19.89
12.810, 42.50, 19.42
12.815, 42.29, 18.96
12.820, 42.03, 18.46
12.825, 41.73, 18.01
12.830, 41.41, 17.52
12.835, 41.06, 17.05
12.840, 40.67, 16.58
12.845, 40.28, 16.10
12.850, 39.86, 15.62
12.855, 39.42, 15.13
12.860, 38.99, 14.70
12.865, 38.57, 14.22
12.870, 38.17, 13.77
12.875, 37.77, 13.35
12.880, 37.40, 12.94
12.885, 37.08, 12.57
12.890, 36.78, 12.20
12.895, 36.53, 11.91
12.900, 36.35, 11.61
12.905, 36.23, 11.40
12.910, 36.16, 11.26
12.915, 36.15, 11.14
12.920, 36.22, 11.12
12.925, 36.33, 11.13
12.930, 36.52, 11.23
12.935, 36.72, 11.36
12.940, 36.98, 11.58
12.945, 37.27, 11.84
12.950, 37.57, 12.14
12.955, 37.90, 12.53
12.960, 38.22, 12.94
12.965, 38.55, 13.42
12.970, 38.88, 13.93
12.975, 39.20, 14.47
12.980, 39.53, 15.11
12.985, 39.81, 15.71
12.990, 40.10, 16.41
12.995, 40.39, 17.15
13.000, 40.63, 17.88
13.005, 40.88, 18.70
13.010, 41.08, 19.51
13.015, 41.28, 20.40
13.020, 41.45, 21.29
13.025, 41.57, 22.20
13.030, 41.69, 23.17
13.035, 41.75, 24.10
13.040, 41.78, 25.09
13.045, 41.79, 26.07
13.050, 41.73, 27.02
13.055, 41.64, 28.04
13.060, 41.51, 28.95
13.065, 41.36, 29.92
13.070, 41.14, 30.83
13.075, 40.88, 31.68
13.080, 40.55, 32.55
13.085, 40.21, 33.28
13.090, 39.79, 33.97
13.095, 39.35, 34.56
13.100, 38.90, 35.02
13.105, 38.39, 35.41
13.110, 37.94, 35.65
13.115, 37.41, 35.82
13.120, 36.92, 35.87
13.125, 36.41, 35.84
13.130, 35.88, 35.78
13.135, 35.42, 35.70
13.140, 34.96, 35.61
13.145, 34.59, 35.53
13.150, 34.30, 35.48
13.155, 34.10, 35.40
13.160, 34.04, 35.36
13.165, 34.07, 35.27
13.170, 34.20, 35.18
13.175, 34.40, 35.05
13.180, 34.66, 34.91
13.185, 34.95, 34.74
13.190, 35.31, 34.53
13.195, 35.65, 34.31
13.200, 36.00, 34.06
13.205, 36.39, 33.73
13.210, 36.74, 33.41
13.215, 37.11, 33.00
13.220, 37.51, 32.57
13.225, 37.92, 32.15
13.230, 38.33, 31.63
13.235, 38.71, 31.14
13.240, 39.12, 30.57
13.245, 39.51, 30.01
13.250, 39.86, 29.44
13.255, 40.20, 28.83
13.260, 40.51, 28.25
13.265, 40.80, 27.62
13.270, 41.04, 26.99
13.275, 41.25, 26.40
13.280, 41.45, 25.72
13.285, 41.59, 25.10
13.290, 41.71, 24.45
13.295, 41.80, 23.81
13.300, 41.84, 23.16
13.305, 41.86, 22.49
13.310, 41.85, 21.88
13.315, 41.82, 21.23
13.320, 41.72, 20.59
13.325, 41.61, 19.98
13.330, 41.44, 19.36
13.335, 41.28, 18.76
13.340, 41.03, 18.12
13.345, 40.77, 17.54
13.350, 40.50, 16.98
13.355, 40.17, 16.37
13.360, 39.84, 15.82
13.365, 39.48, 15.27
13.370, 39.13, 14.73
13.375, 38.76, 14.24
13.380, 38.39, 13.73
13.385, 38.09, 13.28
13.390, 37.80, 12.86
13.395, 37.56, 12.48
13.400, 37.38, 12.16
13.405, 37.26, 11.87
13.410, 37.21, 11.62
13.415, 37.22, 11.49
13.420, 37.31, 11.36
13.425, 37.47, 11.33
13.430, 37.73, 11.36
13.435, 38.01, 11.47
13.440, 38.36, 11.60
13.445, 38.74, 11.82
13.450, 39.14, 12.11
13.455, 39.58, 12.44
13.460, 39.97, 12.80
13.465, 40.41, 13.25
13.470, 40.84, 13.75
13.475, 41.24, 14.28
13.480, 41.65, 14.88
13.485, 42.00, 15.48
13.490, 42.37, 16.19
13.495, 42.72, 16.90
13.500, 43.00, 17.66
13.505, 43.30, 18.48
13.510, 43.54, 19.31
13.515, 43.80, 20.22
13.520, 43.97, 21.16
13.525, 44.11, 22.09
13.530, 44.21, 23.12
13.535, 44.28, 24.08
13.540, 44.30, 25.16
13.545, 44.23, 26.23
13.550, 44.12, 27.27
13.555, 43.94, 28.38
13.560, 43.70, 29.34
13.565, 43.37, 30.39
13.570, 43.01, 31.32
13.575, 42.57, 32.17
13.580, 42.05, 32.96
13.585, 41.61, 33.56
13.590, 41.08, 34.07
13.595, 40.60, 34.45
13.600, 40.14, 34.71
13.605, 39.71, 34.84
13.610, 39.34, 34.87
13.615, 38.96, 34.82
13.620, 38.70, 34.70
13.625, 38.48, 34.52
13.630, 38.33, 34.30
13.635, 38.27, 34.05
13.640, 38.26, 33.73
13.645, 38.37, 33.41
13.650, 38.51, 33.03
13.655, 38.76, 32.61
13.660, 39.03, 32.19
13.665, 39.34, 31.71
13.670, 39.69, 31.23
13.675, 40.00, 30.74
13.680, 40.36, 30.21
13.685, 40.68, 29.69
13.690, 40.99, 29.14
13.695, 41.29, 28.56
13.700, 41.56, 28.01
13.705, 41.85, 27.39
13.710, 42.09, 26.81
13.715, 42.32, 26.17
13.720, 42.52, 25.54
13.725, 42.66, 24.91
13.730, 42.81, 24.26
13.735, 42.91, 23.63
13.740, 42.98, 23.00
13.745, 43.02, 22.36
13.750, 43.01, 21.78
13.755, 42.97, 21.12
13.760, 42.91, 20.56
13.765, 42.80, 19.96
13.770, 42.66, 19.40
13.775, 42.49, 18.85
13.780, 42.28, 18.30
13.785, 42.06, 17.77
13.790, 41.77, 17.25
13.795, 41.48, 16.76
13.800, 41.15, 16.27
13.805, 40.77, 15.77
13.810, 40.39, 15.31
13.815, 39.99, 14.82
13.820, 39.58, 14.38
13.825, 39.16, 13.93
13.830, 38.74, 13.48
13.835, 38.38, 13.10
13.840, 37.99, 12.69
13.845, 37.68, 12.33
13.850, 37.43, 11.99
13.855, 37.24, 11.72
13.860, 37.10, 11.47
13.865, 37.01, 11.23
13.870, 36.99, 11.06
13.875, 37.03, 10.93
13.880, 37.19, 10.85
13.885, 37.40, 10.84
13.890, 37.68, 10.86
13.895, 38.01, 10.92
13.900, 38.35, 11.07
13.905, 38.77, 11.25
13.910, 39.16, 11.48
13.915, 39.59, 11.76
13.920, 40.00, 12.09
13.925, 40.40, 12.48
13.930, 40.82, 12.92
13.935, 41.21, 13.38
13.940, 41.58, 13.94
13.945, 41.92, 14.48
13.950, 42.26, 15.10
13.955, 42.60, 15.77
13.960, 42.88, 16.44
13.965, 43.19, 17.20
13.970, 43.42, 17.98
13.975, 43.67, 18.80
13.980, 43.87, 19.68
13.985, 44.04, 20.55
13.990, 44.18, 21.52
13.995, 44.27, 22.46
14.000, 44.32, 23.44
14.005, 44.32, 24.49
14.010, 44.27, 25.45
14.015, 44.17, 26.49
14.020, 44.03, 27.48
14.025, 43.82, 28.45
14.030, 43.55, 29.45
14.035, 43.24, 30.32
14.040, 42.86, 31.23
14.045, 42.45, 32.04
14.050, 41.98, 32.75
14.055, 41.45, 33.43
14.060, 40.93, 33.94
14.065, 40.32, 34.40
14.070, 39.71, 34.71
14.075, 39.11, 34.90
14.080, 38.44, 34.98
14.085, 37.81, 35.01
14.090, 37.13, 35.01
14.095, 36.48, 34.98
14.100, 35.91, 34.94
14.105, 35.38, 34.94
14.110, 34.99, 34.95
14.115, 34.69, 34.94
14.120, 34.55, 34.93
14.125, 34.51, 34.87
14.130, 34.58, 34.82
14.135, 34.72, 34.72
14.140, 34.96, 34.59
14.145, 35.20, 34.44
14.150, 35.49, 34.29
14.155, 35.82, 34.08
14.160, 36.16, 33.87
14.165, 36.53, 33.63
14.170, 36.86, 33.36
14.175, 37.23, 33.06
14.180, 37.64, 32.70
14.185, 38.05, 32.35
14.190, 38.46, 31.92
14.195, 38.90, 31.47
14.200, 39.32, 30.98
14.205, 39.76, 30.45
14.210, 40.15, 29.93
14.215, 40.57, 29.38
14.220, 40.93, 28.84
14.225, 41.27, 28.30
14.230, 41.62, 27.72
14.235, 41.92, 27.16
14.240, 42.22, 26.53
14.245, 42.49, 25.95
14.250, 42.74, 25.35
14.255, 42.97, 24.75
14.260, 43.16, 24.15
14.265, 43.32, 23.54
14.270, 43.48, 22.91
14.275, 43.59, 22.31
14.280, 43.67, 21.67
14.285, 43.71, 21.08
14.290, 43.72, 20.45
14.295, 43.69, 19.84
14.300, 43.65, 19.24
14.305, 43.55, 18.64
14.310, 43.39, 18.09
14.315, 43.23, 17.50
14.320, 43.02, 16.95
14.325, 42.80, 16.43
14.330, 42.51, 15.90
14.335, 42.25, 15.42
14.340, 41.93, 14.93
14.345, 41.62, 14.50
14.350, 41.30, 14.07
14.355, 40.99, 13.65
14.360, 40.73, 13.32
14.365, 40.46, 13.00
14.370, 40.25, 12.70
14.375, 40.10, 12.49
14.380, 39.99, 12.29
14.385, 39.98, 12.17
14.390, 39.99, 12.08
14.395, 40.10, 12.05
14.400, 40.24, 12.09
14.405, 40.49, 12.20
14.410, 40.76, 12.34
14.415, 41.09, 12.57
14.420, 41.44, 12.84
14.425, 41.79, 13.18
14.430, 42.19, 13.60
14.435, 42.54, 14.03
14.440, 42.91, 14.57
14.445, 43.26, 15.13
14.450, 43.58, 15.76
14.455, 43.87, 16.45
14.460, 44.14, 17.15
14.465, 44.37, 17.94
14.470, 44.58, 18.75
14.475, 44.75, 19.60
14.480, 44.89, 20.55
14.485, 44.96, 21.47
14.490, 45.02, 22.48
14.495, 45.02, 23.53
14.500, 44.94, 24.58
14.505, 44.80, 25.69
14.510, 44.59, 26.74
14.515, 44.29, 27.87
14.520, 43.93, 28.93
14.525, 43.51, 29.96
14.530, 42.98, 30.97
14.535, 42.47, 31.84
14.540, 41.83, 32.70
14.545, 41.22, 33.42
14.550, 40.59, 34.03
14.555, 39.91, 34.52
14.560, 39.31, 34.87
14.565, 38.65, 35.16
14.570, 38.03, 35.32
14.575, 37.46, 35.41
14.580, 36.86, 35.45
14.585, 36.38, 35.46
14.590, 35.94, 35.43
14.595, 35.60, 35.38
14.600, 35.39, 35.32
14.605, 35.25, 35.21
14.610, 35.24, 35.11
14.615, 35.34, 34.95
14.620, 35.55, 34.75
14.625, 35.81, 34.53
14.630, 36.17, 34.28
14.635, 36.54, 33.98
14.640, 36.98, 33.68
14.645, 37.41, 33.33
14.650, 37.86, 32.97
14.655, 38.34, 32.53
14.660, 38.80, 32.10
14.665, 39.30, 31.59
14.670, 39.77, 31.07
14.675, 40.25, 30.54
14.680, 40.72, 29.91
14.685, 41.16, 29.36
14.690, 41.59, 28.70
14.695, 42.01, 28.08
14.700, 42.37, 27.43
14.705, 42.75, 26.75
14.710, 43.01, 26.12
14.715, 43.30, 25.44
14.720, 43.52, 24.77
14.725, 43.72, 24.09
14.730, 43.87, 23.39
14.735, 43.97, 22.73
14.740, 44.00, 22.04
14.745, 44.01, 21.39
14.750, 43.97, 20.74
14.755, 43.87, 20.07
14.760, 43.75, 19.44
14.765, 43.55, 18.80
14.770, 43.33, 18.19
14.775, 43.03, 17.58
14.780, 42.70, 16.96
14.785, 42.37, 16.39
14.790, 41.98, 15.81
14.795, 41.60, 15.27
14.800, 41.19, 14.76
14.805, 40.80, 14.27
14.810, 40.45, 13.83
14.815, 40.09, 13.39
14.820, 39.80, 13.01
14.825, 39.57, 12.68
14.830, 39.42, 12.40
14.835, 39.33, 12.18
14.840, 39.33, 11.97
14.845, 39.41, 11.88
14.850, 39.58, 11.83
14.855, 39.84, 11.84
14.860, 40.16, 11.93
14.865, 40.57, 12.11
14.870, 40.98, 12.34
14.875, 41.43, 12.61
14.880, 41.90, 12.99
14.885, 42.33, 13.39
14.890, 42.79, 13.90
14.895, 43.22, 14.44
14.900, 43.62, 15.04
14.905, 44.02, 15.72
14.910, 44.35, 16.41
14.915, 44.66, 17.17
14.920, 44.93, 17.98
14.925, 45.16, 18.84
14.930, 45.36, 19.78
14.935, 45.50, 20.72
14.940, 45.60, 21.76
14.945, 45.61, 22.77
14.950, 45.58, 23.86
14.955, 45.47, 24.96
14.960, 45.28, 26.05
14.965, 45.01, 27.18
14.970, 44.64, 28.29
14.975, 44.22, 29.34
14.980, 43.71, 30.39
14.985, 43.18, 31.29
14.990, 42.56, 32.19
14.995, 41.92, 32.96
15.000, 41.27, 33.62
15.005, 40.58, 34.17
15.010, 39.98, 34.57
15.015, 39.34, 34.88
15.020, 38.79, 35.07
15.025, 38.26, 35.16
15.030, 37.78, 35.22
15.035, 37.39, 35.17
15.040, 37.03, 35.09
15.045, 36.81, 34.97
15.050, 36.65, 34.82
15.055, 36.59, 34.64
15.060, 36.64, 34.45
15.065, 36.77, 34.20
15.070, 36.98, 33.96
15.075, 37.28, 33.66
15.080, 37.61, 33.34
15.085, 37.97, 33.03
15.090, 38.36, 32.68
15.095, 38.76, 32.33
15.100, 39.18, 31.93
15.105, 39.64, 31.49
15.110, 40.07, 31.06
15.115, 40.52, 30.56
15.120, 40.99, 30.03
15.125, 41.45, 29.49
15.130, 41.90, 28.87
15.135, 42.35, 28.26
15.140, 42.78, 27.59
15.145, 43.18, 26.92
15.150, 43.53, 26.26
15.155, 43.88, 25.53
15.160, 44.15, 24.84
15.165, 44.40, 24.11
15.170, 44.62, 23.39
15.175, 44.79, 22.67
15.180, 44.90, 21.95
15.185, 44.97, 21.26
15.190, 44.97, 20.53
15.195, 44.95, 19.85
15.200, 44.86, 19.19
15.205, 44.73, 18.50
15.210, 44.54, 17.88
15.215, 44.31, 17.23
15.220, 44.02, 16.62
15.225, 43.70, 16.05
15.230, 43.32, 15.46
15.235, 42.93, 14.92
15.240, 42.46, 14.37
15.245, 42.00, 13.85
15.250, 41.55, 13.36
15.255, 41.01, 12.89
15.260, 40.55, 12.45
15.265, 40.07, 12.04
15.270, 39.63, 11.65
15.275, 39.25, 11.30
15.280, 38.93, 10.97
15.285, 38.67, 10.69
15.290, 38.51, 10.47
15.295, 38.43, 10.29
15.300, 38.44, 10.19
15.305, 38.57, 10.10
15.310, 38.75, 10.07
15.315, 39.06, 10.11
15.320, 39.42, 10.24
15.325, 39.85, 10.36
15.330, 40.33, 10.56
15.335, 40.80, 10.84
15.340, 41.29, 11.15
15.345, 41.77, 11.52
15.350, 42.24, 11.96
15.355, 42.73, 12.49
15.360, 43.16, 13.02
15.365, 43.57, 13.64
15.370, 43.94, 14.29
15.375, 44.28, 14.98
15.380, 44.60, 15.74
15.385, 44.88, 16.51
15.390, 45.12, 17.37
15.395, 45.32, 18.24
15.400, 45.46, 19.14
15.405, 45.55, 20.13
15.410, 45.61, 21.06
15.415, 45.61, 22.11
15.420, 45.54, 23.10
15.425, 45.42, 24.12
15.430, 45.23, 25.18
15.435, 45.00, 26.19
15.440, 44.69, 27.22
15.445, 44.33, 28.18
15.450, 43.92, 29.12
15.455, 43.43, 30.05
15.460, 42.91, 30.86
15.465, 42.31, 31.64
15.470, 41.72, 32.28
15.475, 41.11, 32.84
15.480, 40.48, 33.30
15.485, 39.88, 33.62
15.490, 39.25, 33.85
15.495, 38.69, 33.97
15.500, 38.14, 34.01
15.505, 37.62, 34.01
15.510, 37.19, 33.97
15.515, 36.81, 33.91
15.520, 36.56, 33.84
15.525, 36.39, 33.74
15.530, 36.37, 33.63
15.535, 36.43, 33.48
15.540, 36.60, 33.32
15.545, 36.85, 33.10
15.550, 37.16, 32.88
15.555, 37.54, 32.58
15.560, 37.94, 32.31
15.565, 38.38, 31.96
15.570, 38.80, 31.60
15.575, 39.27, 31.21
15.580, 39.74, 30.79
15.585, 40.19, 30.34
15.590, 40.69, 29.85
15.595, 41.15, 29.35
15.600, 41.59, 28.82
15.605, 42.07, 28.23
15.610, 42.49, 27.67
15.615, 42.89, 27.06
15.620, 43.28, 26.45
15.625, 43.61, 25.85
15.630, 43.91, 25.21
15.635, 44.14, 24.59
15.640, 44.36, 23.95
15.645, 44.53, 23.33
15.650, 44.64, 22.70
15.655, 44.73, 22.05
15.660, 44.74, 21.45
15.665, 44.74, 20.81
15.670, 44.67, 20.21
15.675, 44.57, 19.61
15.680, 44.43, 18.96
15.685, 44.23, 18.40
15.690, 43.98, 17.79
15.695, 43.69, 17.22
15.700, 43.39, 16.66
15.705, 43.02, 16.09
15.710, 42.65, 15.56
15.715, 42.23, 15.02
15.720, 41.82, 14.52
15.725, 41.40, 14.03
15.730, 40.99, 13.55
15.735, 40.64, 13.14
15.740, 40.29, 12.76
15.745, 40.00, 12.41
15.750, 39.79, 12.11
15.755, 39.63, 11.83
15.760, 39.56, 11.64
15.765, 39.57, 11.52
15.770, 39.68, 11.45
15.775, 39.88, 11.45
15.780, 40.17, 11.53
15.785, 40.51, 11.69
15.790, 40.94, 11.91
15.795, 41.36, 12.21
15.800, 41.85, 12.57
15.805, 42.33, 13.02
15.810, 42.78, 13.50
15.815, 43.29, 14.09
15.820, 43.72, 14.71
15.825, 44.13, 15.37
15.830, 44.50, 16.12
15.835, 44.84, 16.86
15.840, 45.17, 17.69
15.845, 45.47, 18.55
15.850, 45.72, 19.47
15.855, 45.93, 20.43
15.860, 46.07, 21.36
15.865, 46.18, 22.40
15.870, 46.24, 23.40
15.875, 46.21, 24.43
15.880, 46.13, 25.47
15.885, 45.98, 26.46
15.890, 45.74, 27.50
15.895, 45.48, 28.44
15.900, 45.12, 29.38
15.905, 44.71, 30.30
15.910, 44.26, 31.08
15.915, 43.72, 31.85
15.920, 43.13, 32.50
15.925, 42.53, 33.09
15.930, 41.90, 33.56
15.935, 41.27, 33.89
15.940, 40.60, 34.15
15.945, 39.97, 34.28
15.950, 39.33, 34.34
15.955, 38.71, 34.34
15.960, 38.20, 34.29
15.965, 37.69, 34.19
15.970, 37.32, 34.07
15.975, 37.03, 33.96
15.980, 36.81, 33.80
15.985, 36.72, 33.65
15.990, 36.71, 33.45
15.995, 36.78, 33.24
16.000, 36.92, 33.01
16.005, 37.14, 32.75
16.010, 37.40, 32.46
16.015, 37.71, 32.15
16.020, 38.04, 31.83
16.025, 38.41, 31.46
16.030, 38.80, 31.08
16.035, 39.20, 30.67
16.040, 39.63, 30.22
16.045, 40.06, 29.73
16.050, 40.51, 29.23
16.055, 40.98, 28.68
16.060, 41.42, 28.13
16.065, 41.88, 27.53
16.070, 42.30, 26.95
16.075, 42.71, 26.33
16.080, 43.09, 25.66
16.085, 43.44, 25.04
16.090, 43.75, 24.37
16.095, 44.04, 23.73
16.100, 44.25, 23.08
16.105, 44.45, 22.41
16.110, 44.57, 21.79
16.115, 44.66, 21.12
16.120, 44.70, 20.47
16.125, 44.69, 19.85
16.130, 44.63, 19.20
16.135, 44.52, 18.60
16.140, 44.33, 17.97
16.145, 44.11, 17.37
16.150, 43.85, 16.81
16.155, 43.52, 16.19
16.160, 43.18, 15.65
16.165, 42.77, 15.07
16.170, 42.35, 14.55
16.175, 41.90, 14.04
16.180, 41.42, 13.53
16.185, 40.98, 13.10
16.190, 40.53, 12.66
16.195, 40.14, 12.26
16.200, 39.79, 11.92
16.205, 39.49, 11.60
16.210, 39.30, 11.36
16.215, 39.18, 11.15
16.220, 39.15, 11.03
16.225, 39.24, 10.95
16.230, 39.42, 10.94
16.235, 39.68, 11.05
16.240, 40.06, 11.19
16.245, 40.47, 11.40
16.250, 40.94, 11.73
16.255, 41.46, 12.13
16.260, 41.95, 12.56
16.265, 42.48, 13.14
16.270, 42.96, 13.70
16.275, 43.42, 14.37
16.280, 43.89, 15.10
16.285, 44.28, 15.83
16.290, 44.68, 16.68
16.295, 45.01, 17.49
16.300, 45.34, 18.41
16.305, 45.62, 19.36
16.310, 45.87, 20.31
16.315, 46.06, 21.33
16.320, 46.23, 22.36
16.325, 46.28, 23.39
16.330, 46.34, 24.46
16.335, 46.28, 25.46
16.340, 46.19, 26.52
16.345, 46.05, 27.53
16.350, 45.82, 28.51
16.355, 45.51, 29.50
16.360, 45.18, 30.37
16.365, 44.74, 31.27
16.370, 44.26, 32.03
16.375, 43.72, 32.78
16.380, 43.08, 33.44
16.385, 42.43, 33.99
16.390, 41.70, 34.46
16.395, 40.96, 34.82
16.400, 40.20, 35.09
16.405, 39.45, 35.27
16.410, 38.75, 35.36
16.415, 38.06, 35.42
16.420, 37.51, 35.41
16.425, 37.07, 35.35
16.430, 36.70, 35.27
16.435, 36.44, 35.15
16.440, 36.29, 34.99
16.445, 36.23, 34.81
16.450, 36.28, 34.58
16.455, 36.40, 34.31
16.460, 36.55, 34.05
16.465, 36.78, 33.73
16.470, 37.06, 33.39
16.475, 37.34, 33.03
16.480, 37.69, 32.65
16.485, 38.03, 32.26
16.490, 38.43, 31.84
16.495, 38.81, 31.39
16.500, 39.21, 30.94
16.505, 39.65, 30.44
16.510, 40.05, 29.93
16.515, 40.47, 29.38
16.520, 40.85, 28.87
16.525, 41.24, 28.30
16.530, 41.61, 27.70
16.535, 41.94, 27.14
16.540, 42.29, 26.50
16.545, 42.56, 25.89
16.550, 42.83, 25.25
16.555, 43.04, 24.61
16.560, 43.21, 24.00
16.565, 43.36, 23.33
16.570, 43.47, 22.71
16.575, 43.54, 22.09
16.580, 43.56, 21.46
16.585, 43.55, 20.85
16.590, 43.48, 20.23
16.595, 43.38, 19.61
16.600, 43.24, 19.02
16.605, 43.04, 18.42
16.610, 42.82, 17.88
16.615, 42.54, 17.28
16.620, 42.26, 16.75
16.625, 41.94, 16.22
16.630, 41.59, 15.71
16.635, 41.25, 15.25
16.640, 40.92, 14.82
16.645, 40.62, 14.46
16.650, 40.34, 14.11
16.655, 40.12, 13.85
16.660, 39.96, 13.63
16.665, 39.87, 13.45
16.670, 39.83, 13.35
16.675, 39.90, 13.34
16.680, 40.04, 13.38
16.685, 40.26, 13.51
16.690, 40.53, 13.70
16.695, 40.83, 13.96
16.700, 41.17, 14.29
16.705, 41.53, 14.69
16.710, 41.88, 15.12
16.715, 42.23, 15.65
16.720, 42.54, 16.17
16.725, 42.84, 16.78
16.730, 43.13, 17.43
16.735, 43.36, 18.07
16.740, 43.57, 18.82
16.745, 43.75, 19.54
16.750, 43.88, 20.32
16.755, 43.99, 21.14
16.760, 44.01, 21.94
16.765, 44.04, 22.83
16.770, 43.98, 23.68
16.775, 43.88, 24.58
16.780, 43.72, 25.49
16.785, 43.53, 26.38
16.790, 43.26, 27.32
16.795, 42.93, 28.20
16.800, 42.55, 29.10
16.805, 42.10, 29.97
16.810, 41.62, 30.77
16.815, 41.06, 31.58
16.820, 40.49, 32.28
16.825, 39.87, 32.96
16.830, 39.20, 33.55
16.835, 38.57, 34.02
16.840, 37.87, 34.42
16.845, 37.26, 34.71
16.850, 36.59, 34.93
16.855, 36.02, 35.04
16.860, 35.53, 35.10
16.865, 35.06, 35.08
16.870, 34.72, 35.02
16.875, 34.51, 34.94
16.880, 34.39, 34.82
16.885, 34.39, 34.68
16.890, 34.49, 34.49
16.895, 34.65, 34.29
16.900, 34.95, 34.05
16.905, 35.33, 33.75
16.910, 35.72, 33.46
16.915, 36.21, 33.12
16.920, 36.68, 32.76
16.925, 37.19, 32.37
16.930, 37.73, 31.93
16.935, 38.25, 31.53
16.940, 38.81, 31.05
16.945, 39.30, 30.56
16.950, 39.84, 30.04
16.955, 40.36, 29.50
16.960, 40.85, 28.96
16.965, 41.35, 28.35
16.970, 41.79, 27.76
16.975, 42.22, 27.16
16.980, 42.64, 26.53
16.985, 42.97, 25.93
16.990, 43.30, 25.29
16.995, 43.56, 24.67
17.000, 43.80, 24.05
17.005, 43.98, 23.41
17.010, 44.10, 22.80
17.015, 44.20, 22.16
17.020, 44.22, 21.56
17.025, 44.22, 20.94
17.030, 44.18, 20.32
17.035, 44.09, 19.74
17.040, 43.92, 19.11
17.045, 43.74, 18.54
17.050, 43.49, 17.95
17.055, 43.23, 17.37
17.060, 42.91, 16.83
17.065, 42.58, 16.28
17.070, 42.23, 15.78
17.075, 41.88, 15.30
17.080, 41.52, 14.84
17.085, 41.20, 14.44
17.090, 40.88, 14.07
17.095, 40.64, 13.75
17.100, 40.43, 13.51
17.105, 40.25, 13.29
17.110, 40.18, 13.13
17.115, 40.20, 13.04
17.120, 40.26, 13.02
17.125, 40.43, 13.03
17.130, 40.65, 13.10
17.135, 40.93, 13.24
17.140, 41.26, 13.45
17.145, 41.58, 13.68
17.150, 41.92, 14.00
17.155, 42.29, 14.35
17.160, 42.62, 14.75
17.165, 42.96, 15.20
17.170, 43.25, 15.68
17.175, 43.52, 16.21
17.180, 43.77, 16.79
17.185, 43.97, 17.39
17.190, 44.15, 18.06
17.195, 44.28, 18.73
17.200, 44.38, 19.46
17.205, 44.43, 20.24
17.210, 44.47, 21.01
17.215, 44.44, 21.88
17.220, 44.36, 22.70
17.225, 44.24, 23.62
17.230, 44.06, 24.57
17.235, 43.83, 25.47
17.240, 43.51, 26.45
17.245, 43.16, 27.36
17.250, 42.70, 28.31
17.255, 42.20, 29.24
17.260, 41.66, 30.10
17.265, 41.02, 31.00
17.270, 40.41, 31.74
17.275, 39.72, 32.47
17.280, 39.04, 33.10
17.285, 38.38, 33.62
17.290, 37.70, 34.07
17.295, 37.08, 34.40
17.300, 36.45, 34.67
17.305, 35.86, 34.85
17.310, 35.34, 34.97
17.315, 34.82, 35.06
17.320, 34.42, 35.13
17.325, 34.11, 35.15
17.330, 33.90, 35.14
17.335, 33.80, 35.12
17.340, 33.82, 35.05
17.345, 33.95, 34.95
17.350, 34.21, 34.83
17.355, 34.53, 34.65
17.360, 34.95, 34.44
17.365, 35.44, 34.17
17.370, 35.98, 33.86
17.375, 36.55, 33.53
17.380, 37.14, 33.13
17.385, 37.73, 32.71
17.390, 38.37, 32.23
17.395, 38.99, 31.74
17.400, 39.61, 31.20
17.405, 40.24, 30.63
17.410, 40.83, 30.04
17.415, 41.45, 29.41
17.420, 42.02, 28.78
17.425, 42.59, 28.10
17.430, 43.13, 27.39
17.435, 43.60, 26.70
17.440, 44.05, 25.97
17.445, 44.45, 25.25
17.450, 44.79, 24.51
17.455, 45.10, 23.74
17.460, 45.33, 23.00
17.465, 45.51, 22.20
17.470, 45.62, 21.46
17.475, 45.69, 20.70
17.480, 45.69, 19.94
17.485, 45.61, 19.22
17.490, 45.48, 18.46
17.495, 45.28, 17.74
17.500, 45.02, 17.05
17.505, 44.70, 16.34
17.510, 44.34, 15.70
17.515, 43.92, 15.03
17.520, 43.45, 14.42
17.525, 42.96, 13.80
17.530, 42.40, 13.19
17.535, 41.86, 12.66
17.540, 41.25, 12.10
17.545, 40.69, 11.60
17.550, 40.10, 11.14
17.555, 39.55, 10.69
17.560, 39.06, 10.29
17.565, 38.63,  9.89
17.570, 38.30,  9.59
17.575, 38.06,  9.34
17.580, 37.90,  9.12
17.585, 37.86,  8.97
17.590, 37.95,  8.88
17.595, 38.16,  8.82
17.600, 38.46,  8.82
17.605, 38.88,  8.93
17.610, 39.35,  9.02
17.615, 39.91,  9.23
17.620, 40.47,  9.51
17.625, 41.08,  9.86
17.630, 41.69, 10.25
17.635, 42.29, 10.71
17.640, 42.91, 11.26
17.645, 43.49, 11.86
17.650, 44.07, 12.53
17.655, 44.61, 13.24
17.660, 45.12, 13.98
17.665, 45.65, 14.83
17.670, 46.11, 15.65
17.675, 46.57, 16.56
17.680, 46.99, 17.51
17.685, 47.37, 18.46
17.690, 47.71, 19.50
17.695, 47.99, 20.52
17.700, 48.24, 21.61
17.705, 48.42, 22.72
17.710, 48.54, 23.80
17.715, 48.62, 24.96
17.720, 48.63, 26.03
17.725, 48.56, 27.15
17.730, 48.44, 28.26
17.735, 48.24, 29.28
17.740, 47.97, 30.32
17.745, 47.63, 31.24
17.750, 47.22, 32.16
17.755, 46.73, 32.99
17.760, 46.21, 33.64
17.765, 45.60, 34.26
17.770, 44.99, 34.71
17.775, 44.35, 35.04
17.780, 43.70, 35.24
17.785, 43.08, 35.35
17.790, 42.45, 35.36
17.795, 41.88, 35.30
17.800, 41.34, 35.17
17.805, 40.93, 35.04
17.810, 40.60, 34.84
17.815, 40.36, 34.62
17.820, 40.22, 34.39
17.825, 40.20, 34.12
17.830, 40.27, 33.83
17.835, 40.40, 33.52
17.840, 40.62, 33.17
17.845, 40.88, 32.81
17.850, 41.15, 32.42
17.855, 41.46, 32.02
17.860, 41.77, 31.61
17.865, 42.10, 31.12
17.870, 42.44, 30.66
17.875, 42.77, 30.15
17.880, 43.09, 29.61
17.885, 43.41, 29.09
17.890, 43.73, 28.47
17.895, 44.01, 27.91
17.900, 44.27, 27.29
17.905, 44.49, 26.65
17.910, 44.66, 26.06
17.915, 44.81, 25.41
17.920, 44.91, 24.79
17.925, 44.95, 24.17
17.930, 44.97, 23.53
17.935, 44.93, 22.94
17.940, 44.85, 22.31
17.945, 44.73, 21.74
17.950, 44.56, 21.15
17.955, 44.35, 20.57
17.960, 44.10, 20.01
17.965, 43.81, 19.42
17.970, 43.47, 18.89
17.975, 43.10, 18.33
17.980, 42.69, 17.80
17.985, 42.24, 17.30
17.990, 41.79, 16.76
17.995, 41.28, 16.24
18.000, 40.75, 15.74
18.005, 40.23, 15.25
18.010, 39.72, 14.77
18.015, 39.17, 14.29
18.020, 38.67, 13.84
18.025, 38.18, 13.40
18.030, 37.74, 12.95
18.035, 37.36, 12.57
18.040, 37.03, 12.18
18.045, 36.75, 11.87
18.050, 36.56, 11.59
18.055, 36.43, 11.37
18.060, 36.41, 11.22
18.065, 36.46, 11.11
18.070, 36.63, 11.06
18.075, 36.88, 11.07
18.080, 37.20, 11.12
18.085, 37.56, 11.23
18.090, 37.95, 11.39
18.095, 38.35, 11.58
18.100, 38.78, 11.87
18.105, 39.22, 12.22
18.110, 39.64, 12.57
18.115, 40.09, 13.03
18.120, 40.50, 13.49
18.125, 40.91, 14.05
18.130, 41.32, 14.65
18.135, 41.68, 15.26
18.140, 42.02, 15.97
18.145, 42.34, 16.66
18.150, 42.65, 17.44
18.155, 42.93, 18.25
18.160, 43.19, 19.06
18.165, 43.42, 19.98
18.170, 43.63, 20.86
18.175, 43.80, 21.82
18.180, 43.94, 22.80
18.185, 44.04, 23.78
18.190, 44.10, 24.83
18.195, 44.11, 25.84
18.200, 44.09, 26.92
18.205, 44.01, 27.98
18.210, 43.89, 28.96
18.215, 43.71, 30.08
18.220, 43.51, 31.04
18.225, 43.24, 32.02
18.230, 42.95, 32.99
18.235, 42.60, 33.84
18.240, 42.19, 34.71
18.245, 41.78, 35.41
18.250, 41.29, 36.09
18.255, 40.79, 36.65
18.260, 40.31, 37.12
18.265, 39.79, 37.49
18.270, 39.30, 37.79
18.275, 38.76, 37.93
18.280, 38.24, 38.07
18.285, 37.72, 38.10
18.290, 37.21, 38.08
18.295, 36.74, 38.06
18.300, 36.30, 38.03
18.305, 35.94, 38.00
18.310, 35.66, 37.97
18.315, 35.45, 37.92
18.320, 35.36, 37.88
18.325, 35.34, 37.82
18.330, 35.42, 37.75
18.335, 35.57, 37.65
18.340, 35.78, 37.51
18.345, 36.03, 37.36
18.350, 36.33, 37.14
18.355, 36.68, 36.93
18.360, 37.02, 36.64
18.365, 37.40, 36.33
18.370, 37.78, 35.97
18.375, 38.20, 35.59
18.380, 38.65, 35.15
18.385, 39.08, 34.68
18.390, 39.55, 34.15
18.395, 39.98, 33.61
18.400, 40.43, 33.02
18.405, 40.86, 32.41
18.410, 41.23, 31.80
18.415, 41.62, 31.11
18.420, 41.94, 30.46
18.425, 42.26, 29.75
18.430, 42.50, 29.03
18.435, 42.72, 28.33
18.440, 42.92, 27.56
18.445, 43.05, 26.84
18.450, 43.17, 26.09
18.455, 43.24, 25.31
18.460, 43.26, 24.57
18.465, 43.27, 23.79
18.470, 43.24, 23.07
18.475, 43.16, 22.32
18.480, 43.04, 21.58
18.485, 42.90, 20.85
18.490, 42.70, 20.11
18.495, 42.48, 19.42
18.500, 42.20, 18.73
18.505, 41.88, 18.03
18.510, 41.55, 17.36
18.515, 41.16, 16.70
18.520, 40.76, 16.08
18.525, 40.32, 15.47
18.530, 39.87, 14.87
18.535, 39.43, 14.32
18.540, 38.95, 13.76
18.545, 38.52, 13.29
18.550, 38.12, 12.83
18.555, 37.75, 12.41
18.560, 37.45, 12.06
18.565, 37.21, 11.77
18.570, 37.06, 11.54
18.575, 36.99, 11.36
18.580, 37.00, 11.27
18.585, 37.11, 11.20
18.590, 37.32, 11.22
18.595, 37.59, 11.32
18.600, 37.94, 11.47
18.605, 38.34, 11.67
18.610, 38.75, 11.93
18.615, 39.20, 12.26
18.620, 39.63, 12.66
18.625, 40.09, 13.12
18.630, 40.54, 13.60
18.635, 40.95, 14.14
18.640, 41.39, 14.76
18.645, 41.79, 15.38
18.650, 42.20, 16.08
18.655, 42.57, 16.81
18.660, 42.95, 17.57
18.665, 43.30, 18.43
18.670, 43.61, 19.28
18.675, 43.89, 20.18
18.680, 44.14, 21.13
18.685, 44.35, 22.09
18.690, 44.53, 23.15
18.695, 44.65, 24.14
18.700, 44.75, 25.24
18.705, 44.77, 26.34
18.710, 44.75, 27.39
18.715, 44.65, 28.53
18.720, 44.49, 29.57
18.725, 44.24, 30.65
18.730, 43.93, 31.68
18.735, 43.55, 32.62
18.740, 43.10, 33.53
18.745, 42.61, 34.33
18.750, 42.07, 35.02
18.755, 41.51, 35.59
18.760, 40.98, 36.01
18.765, 40.39, 36.34
18.770, 39.87, 36.54
18.775, 39.33, 36.67
18.780, 38.79, 36.67
18.785, 38.30, 36.61
18.790, 37.80, 36.52
18.795, 37.39, 36.41
18.800, 37.02, 36.30
18.805, 36.74, 36.18
18.810, 36.54, 36.03
18.815, 36.43, 35.90
18.820, 36.43, 35.73
18.825, 36.50, 35.53
18.830, 36.67, 35.30
18.835, 36.87, 35.05
18.840, 37.17, 34.76
18.845, 37.47, 34.48
18.850, 37.83, 34.17
18.855, 38.18, 33.84
18.860, 38.56, 33.51
18.865, 38.96, 33.11
18.870, 39.35, 32.77
18.875, 39.74, 32.34
18.880, 40.16, 31.91
18.885, 40.56, 31.47
18.890, 41.00, 30.96
18.895, 41.39, 30.48
18.900, 41.81, 29.94
18.905, 42.21, 29.40
18.910, 42.58, 28.89
18.915, 42.95, 28.30
18.920, 43.28, 27.77
18.925, 43.55, 27.22
18.930, 43.82, 26.66
18.935, 44.04, 26.12
18.940, 44.25, 25.54
18.945, 44.40, 25.01
18.950, 44.54, 24.44
18.955, 44.64, 23.88
18.960, 44.68, 23.31
18.965, 44.70, 22.73
18.970, 44.67, 22.20
18.975, 44.63, 21.64
18.980, 44.53, 21.09
18.985, 44.40, 20.54
18.990, 44.20, 19.99
18.995, 44.00, 19.45
19.000, 43.77, 18.92
19.005, 43.46, 18.38
19.010, 43.19, 17.89
19.015, 42.82, 17.36
19.020, 42.49, 16.87
19.025, 42.10, 16.39
19.030, 41.73, 15.93
19.035, 41.39, 15.49
19.040, 41.00, 15.06
19.045, 40.66, 14.70
19.050, 40.35, 14.33
19.055, 40.08, 13.98
19.060, 39.85, 13.70
19.065, 39.67, 13.46
19.070, 39.56, 13.26
19.075, 39.49, 13.07
19.080, 39.51, 12.97
19.085, 39.59, 12.92
19.090, 39.78, 12.95
19.095, 39.99, 13.04
19.100, 40.28, 13.18
19.105, 40.63, 13.39
19.110, 41.00, 13.65
19.115, 41.39, 13.98
19.120, 41.80, 14.37
19.125, 42.23, 14.81
19.130, 42.65, 15.32
19.135, 43.04, 15.85
19.140, 43.44, 16.47
19.145, 43.82, 17.10
19.150, 44.17, 17.81
19.155, 44.48, 18.53
19.160, 44.80, 19.28
19.165, 45.09, 20.12
19.170, 45.33, 20.94
19.175, 45.55, 21.86
19.180, 45.74, 22.80
19.185, 45.89, 23.76
19.190, 45.98, 24.81
19.195, 46.04, 25.82
19.200, 46.03, 26.91
19.205, 45.95, 27.98
19.210, 45.81, 29.03
19.215, 45.59, 30.14
19.220, 45.29, 31.13
19.225, 44.93, 32.17
19.230, 44.49, 33.09
19.235, 44.00, 33.92
19.240, 43.44, 34.73
19.245, 42.85, 35.36
19.250, 42.23, 35.90
19.255, 41.59, 36.31
19.260, 40.95, 36.60
19.265, 40.26, 36.79
19.270, 39.63, 36.91
19.275, 39.01, 36.95
19.280, 38.39, 36.96
19.285, 37.87, 36.96
19.290, 37.43, 36.95
19.295, 37.09, 36.93
19.300, 36.87, 36.88
19.305, 36.75, 36.82
19.310, 36.72, 36.71
19.315, 36.80, 36.57
19.320, 36.95, 36.43
19.325, 37.17, 36.24
19.330, 37.40, 36.01
19.335, 37.68, 35.79
19.340, 38.01, 35.53
19.345, 38.31, 35.25
19.350, 38.63, 34.93
19.355, 38.98, 34.58
19.360, 39.33, 34.18
19.365, 39.72, 33.74
19.370, 40.11, 33.27
19.375, 40.49, 32.75
19.380, 40.87, 32.19
19.385, 41.25, 31.62
19.390, 41.63, 31.00
19.395, 41.96, 30.40
19.400, 42.30, 29.75
19.405, 42.60, 29.10
19.410, 42.86, 28.48
19.415, 43.11, 27.81
19.420, 43.29, 27.17
19.425, 43.45, 26.53
19.430, 43.59, 25.87
19.435, 43.69, 25.24
19.440, 43.76, 24.57
19.445, 43.80, 23.94
19.450, 43.79, 23.29
19.455, 43.74, 22.64
19.460, 43.66, 21.98
19.465, 43.54, 21.26
19.470, 43.35, 20.58
19.475, 43.15, 19.92
19.480, 42.94, 19.29
19.485, 42.70, 18.69
19.490, 42.40, 18.08
19.495, 42.13, 17.52
19.500, 41.81, 16.97
19.505, 41.48, 16.46
19.510, 41.18, 16.01
19.515, 40.84, 15.54
19.520, 40.54, 15.15
19.525, 40.24, 14.77
19.530, 40.00, 14.42
19.535, 39.77, 14.14
19.540, 39.58, 13.88
19.545, 39.46, 13.66
19.550, 39.37, 13.48
19.555, 39.36, 13.34
19.560, 39.39, 13.27
19.565, 39.51, 13.23
19.570, 39.68, 13.23
19.575, 39.90, 13.28
19.580, 40.13, 13.39
19.585, 40.40, 13.53
19.590, 40.72, 13.73
19.595, 41.03, 13.96
19.600, 41.37, 14.24
19.605, 41.69, 14.58
19.610, 42.01, 14.93
19.615, 42.34, 15.39
19.620, 42.65, 15.84
19.625, 42.96, 16.37
19.630, 43.24, 16.92
19.635, 43.50, 17.51
19.640, 43.76, 18.19
19.645, 43.98, 18.86
19.650, 44.19, 19.62
19.655, 44.37, 20.40
19.660, 44.53, 21.23
19.665, 44.65, 22.10
19.670, 44.74, 22.96
19.675, 44.77, 23.92
19.680, 44.76, 24.85
19.685, 44.73, 25.79
19.690, 44.62, 26.80
19.695, 44.49, 27.74
19.700, 44.28, 28.71
19.705, 44.05, 29.62
19.710, 43.78, 30.50
19.715, 43.46, 31.35
19.720, 43.13, 32.12
19.725, 42.76, 32.83
19.730, 42.39, 33.44
19.735, 41.98, 33.97
19.740, 41.59, 34.41
19.745, 41.25, 34.74
19.750, 40.90, 35.00
19.755, 40.57, 35.15
19.760, 40.28, 35.23
19.765, 40.02, 35.25
19.770, 39.79, 35.19
19.775, 39.59, 35.13
19.780, 39.45, 34.98
19.785, 39.36, 34.81
19.790, 39.34, 34.60
19.795, 39.39, 34.38
19.800, 39.50, 34.11
19.805, 39.68, 33.82
19.810, 39.88, 33.51
19.815, 40.18, 33.13
19.820, 40.45, 32.77
19.825, 40.81, 32.36
19.830, 41.18, 31.92
19.835, 41.52, 31.49
19.840, 41.91, 30.98
19.845, 42.27, 30.51
19.850, 42.66, 29.94
19.855, 43.05, 29.38
19.860, 43.40, 28.81
19.865, 43.76, 28.18
19.870, 44.08, 27.57
19.875, 44.39, 26.89
19.880, 44.68, 26.20
19.885, 44.92, 25.52
19.890, 45.12, 24.81
19.895, 45.28, 24.12
19.900, 45.40, 23.43
19.905, 45.49, 22.73
19.910, 45.50, 22.06
19.915, 45.49, 21.37
19.920, 45.41, 20.73
19.925, 45.31, 20.06
19.930, 45.16, 19.43
19.935, 44.96, 18.83
19.940, 44.71, 18.20
19.945, 44.44, 17.66
19.950, 44.10, 17.06
19.955, 43.72, 16.52
19.960, 43.32, 15.99
19.965, 42.87, 15.45
19.970, 42.43, 14.98
19.975, 41.94, 14.51
19.980, 41.47, 14.06
19.985, 41.02, 13.63
19.990, 40.55, 13.25
19.995, 40.14, 12.90
20.000, 39.79, 12.58
