 24.95,  5.03
 24.95,  5.05
 24.96,  5.04
 24.97,  5.08
 25.01,  5.09
 25.07,  5.08
 25.10,  5.11
 25.16,  5.13
 25.19,  5.14
 25.26,  5.18
 25.30,  5.24
 25.35,  5.30
 25.41,  5.36
 25.49,  5.44
 25.58,  5.52
 25.68,  5.60
 25.80,  5.70
 25.94,  5.78
 26.08,  5.87
 26.26,  5.94
 26.40,  6.00
 26.57,  6.09
 26.69,  6.15
 26.80,  6.23
 26.86,  6.32
 26.91,  6.36
 26.91,  6.41
 26.91,  6.45
 26.90,  6.48
 26.85,  6.50
 26.79,  6.50
 26.70,  6.46
 26.59,  6.42
 26.50,  6.38
 26.39,  6.33
 26.29,  6.29
 26.19,  6.19
 26.10,  6.12
 26.02,  6.05
 25.93,  5.94
 25.85,  5.85
 25.81,  5.74
 25.73,  5.64
 25.70,  5.52
 25.70,  5.41
 25.70,  5.30
 25.68,  5.17
 25.70,  5.06
 25.71,  4.94
 25.72,  4.83
 25.75,  4.71
 25.82,  4.64
 25.86,  4.51
 25.93,  4.43
 26.03,  4.36
 26.10,  4.29
 26.19,  4.23
 26.28,  4.18
 26.38,  4.13
 26.48,  4.09
 26.60,  4.07
 26.72,  4.05
 26.83,  4.06
 26.95,  4.07
 27.05,  4.10
 27.14,  4.12
 27.22,  4.17
 27.25,  4.21
 27.27,  4.24
 27.25,  4.31
 27.20,  4.36
 27.11,  4.43
 26.99,  4.45
 26.81,  4.52
 26.62,  4.56
 26.45,  4.60
 26.25,  4.63
 26.11,  4.63
 25.95,  4.65
 25.83,  4.64
 25.77,  4.64
 25.71,  4.64
 25.70,  4.63
 25.68,  4.63
 25.68,  4.63
 25.70,  4.64
 25.70,  4.66
 25.72,  4.66
 25.74,  4.69
 25.75,  4.70
 25.81,  4.72
 25.83,  4.74
 25.88,  4.75
 25.93,  4.75
 26.00,  4.77
 26.07,  4.78
 26.14,  4.78
 26.24,  4.79
 26.30,  4.83
 26.37,  4.85
 26.45,  4.90
 26.52,  4.96
 26.58,  5.05
 26.68,  5.09
 26.78,  5.19
 26.90,  5.25
 27.03,  5.30
 27.17,  5.35
 27.31,  5.41
 27.41,  5.47
 27.49,  5.51
 27.51,  5.53
 27.51,  5.55
 27.48,  5.57
 27.43,  5.58
 27.36,  5.56
 27.29,  5.54
 27.17,  5.52
 27.06,  5.48
 26.95,  5.40
 26.84,  5.33
 26.73,  5.27
 26.65,  5.17
 26.58,  5.07
 26.50,  4.96
 26.45,  4.86
 26.39,  4.74
 26.36,  4.61
 26.36,  4.49
 26.35,  4.37
 26.36,  4.25
 26.39,  4.14
 26.44,  4.01
 26.50,  3.94
 26.58,  3.82
 26.65,  3.78
 26.73,  3.69
 26.81,  3.64
 26.93,  3.59
 27.03,  3.56
 27.16,  3.54
 27.29,  3.53
 27.43,  3.53
 27.56,  3.54
 27.70,  3.56
 27.82,  3.58
 27.93,  3.61
 28.03,  3.67
 28.09,  3.72
 28.13,  3.77
 28.14,  3.80
 28.10,  3.85
 28.03,  3.89
 27.93,  3.92
 27.79,  3.96
 27.66,  3.97
 27.48,  3.98
 27.32,  3.99
 27.15,  3.98
 27.01,  3.97
 26.90,  3.93
 26.79,  3.91
 26.70,  3.88
 26.68,  3.86
 26.60,  3.83
 26.58,  3.81
 26.54,  3.79
 26.50,  3.79
 26.48,  3.77
 26.46,  3.79
 26.44,  3.79
 26.42,  3.79
 26.41,  3.78
 26.40,  3.77
 26.38,  3.77
 26.38,  3.75
 26.41,  3.75
 26.46,  3.75
 26.48,  3.75
 26.51,  3.77
 26.54,  3.79
 26.58,  3.79
 26.63,  3.84
 26.68,  3.88
 26.72,  3.94
 26.78,  4.01
 26.83,  4.10
 26.91,  4.18
 27.01,  4.25
 27.11,  4.38
 27.23,  4.46
 27.35,  4.55
 27.49,  4.65
 27.62,  4.74
 27.77,  4.84
 27.88,  4.94
 27.96,  5.07
 28.03,  5.15
 28.05,  5.25
 28.04,  5.31
 27.99,  5.37
 27.90,  5.42
 27.78,  5.48
 27.63,  5.49
 27.47,  5.49
 27.31,  5.47
 27.15,  5.46
 27.01,  5.39
 26.88,  5.34
 26.76,  5.30
 26.67,  5.22
 26.58,  5.12
 26.49,  5.03
 26.44,  4.93
 26.37,  4.83
 26.36,  4.72
 26.31,  4.63
 26.28,  4.50
 26.26,  4.41
 26.27,  4.29
 26.31,  4.20
 26.35,  4.12
 26.39,  4.03
 26.47,  3.98
 26.55,  3.91
 26.61,  3.87
 26.71,  3.83
 26.83,  3.81
 26.93,  3.80
 27.04,  3.80
 27.13,  3.82
 27.23,  3.84
 27.32,  3.88
 27.38,  3.90
 27.44,  3.94
 27.47,  3.97
 27.50,  4.00
 27.53,  4.01
 27.49,  4.07
 27.45,  4.10
 27.36,  4.15
 27.23,  4.19
 27.11,  4.22
 26.96,  4.25
 26.80,  4.31
 26.67,  4.32
 26.54,  4.35
 26.42,  4.35
 26.31,  4.38
 26.24,  4.41
 26.14,  4.41
 26.10,  4.44
 26.05,  4.44
 26.02,  4.45
 25.99,  4.46
 25.96,  4.46
 25.96,  4.47
 25.96,  4.48
 25.96,  4.47
 25.98,  4.46
 26.01,  4.46
 26.02,  4.44
 26.05,  4.44
 26.09,  4.42
 26.14,  4.40
 26.16,  4.37
 26.24,  4.34
 26.27,  4.34
 26.35,  4.32
 26.39,  4.33
 26.47,  4.31
 26.52,  4.34
 26.57,  4.37
 26.63,  4.41
 26.71,  4.42
 26.80,  4.43
 26.90,  4.45
 27.02,  4.47
 27.13,  4.52
 27.25,  4.53
 27.32,  4.56
 27.37,  4.60
 27.40,  4.59
 27.39,  4.61
 27.39,  4.62
 27.35,  4.62
 27.32,  4.64
 27.28,  4.64
 27.22,  4.64
 27.14,  4.63
 27.10,  4.61
 27.02,  4.61
 26.97,  4.58
 26.90,  4.54
 26.86,  4.51
 26.81,  4.48
 26.77,  4.45
 26.72,  4.38
 26.69,  4.32
 26.69,  4.26
 26.67,  4.20
 26.67,  4.13
 26.68,  4.09
 26.70,  4.01
 26.72,  3.95
 26.79,  3.89
 26.83,  3.83
 26.90,  3.79
 26.97,  3.77
 27.03,  3.73
 27.12,  3.67
 27.21,  3.66
 27.27,  3.62
 27.34,  3.61
 27.44,  3.59
 27.53,  3.58
 27.59,  3.59
 27.66,  3.62
 27.68,  3.65
 27.71,  3.68
 27.69,  3.71
 27.65,  3.74
 27.55,  3.76
 27.43,  3.79
 27.29,  3.79
 27.12,  3.82
 26.93,  3.82
 26.77,  3.82
 26.61,  3.80
 26.47,  3.77
 26.36,  3.77
 26.27,  3.71
 26.20,  3.69
 26.14,  3.66
 26.14,  3.61
 26.11,  3.60
 26.08,  3.58
 26.08,  3.57
 26.07,  3.57
 26.07,  3.55
 26.07,  3.53
 26.09,  3.54
 26.12,  3.53
 26.14,  3.53
 26.16,  3.52
 26.22,  3.52
 26.26,  3.53
 26.34,  3.52
 26.38,  3.54
 26.46,  3.53
 26.50,  3.55
 26.57,  3.57
 26.63,  3.58
 26.69,  3.63
 26.74,  3.67
 26.81,  3.73
 26.90,  3.77
 27.01,  3.83
 27.12,  3.89
 27.23,  3.97
 27.40,  4.01
 27.55,  4.07
 27.71,  4.11
 27.84,  4.17
 28.00,  4.20
 28.11,  4.26
 28.20,  4.31
 28.24,  4.34
 28.24,  4.39
 28.21,  4.40
 28.17,  4.43
 28.08,  4.42
 27.96,  4.44
 27.82,  4.44
 27.67,  4.42
 27.55,  4.41
 27.40,  4.38
 27.25,  4.31
 27.13,  4.26
 27.02,  4.20
 26.92,  4.16
 26.80,  4.09
 26.72,  4.02
 26.64,  3.93
 26.58,  3.82
 26.50,  3.75
 26.47,  3.67
 26.45,  3.57
 26.42,  3.49
 26.40,  3.39
 26.40,  3.31
 26.44,  3.23
 26.45,  3.15
 26.49,  3.07
 26.55,  3.01
 26.59,  2.93
 26.67,  2.89
 26.73,  2.82
 26.80,  2.76
 26.89,  2.72
 26.97,  2.70
 27.03,  2.68
 27.13,  2.66
 27.23,  2.68
 27.33,  2.68
 27.41,  2.70
 27.49,  2.71
 27.55,  2.76
 27.60,  2.78
 27.64,  2.83
 27.65,  2.89
 27.60,  2.93
 27.55,  3.00
 27.43,  3.05
 27.32,  3.13
 27.18,  3.16
 27.01,  3.23
 26.87,  3.27
 26.69,  3.31
 26.55,  3.34
 26.40,  3.36
 26.28,  3.37
 26.16,  3.38
 26.08,  3.38
 26.03,  3.40
 25.99,  3.39
 25.95,  3.41
 25.95,  3.43
 25.94,  3.46
 25.97,  3.48
 26.00,  3.51
 26.02,  3.54
 26.04,  3.56
 26.06,  3.60
 26.12,  3.61
 26.15,  3.64
 26.22,  3.68
 26.28,  3.72
 26.36,  3.76
 26.43,  3.79
 26.48,  3.85
 26.57,  3.91
 26.63,  3.98
 26.70,  4.05
 26.79,  4.12
 26.84,  4.20
 26.91,  4.28
 27.00,  4.36
 27.10,  4.44
 27.21,  4.50
 27.30,  4.58
 27.40,  4.66
 27.49,  4.75
 27.56,  4.83
 27.61,  4.88
 27.60,  4.97
 27.56,  5.03
 27.49,  5.07
 27.42,  5.09
 27.29,  5.12
 27.14,  5.14
 26.99,  5.15
 26.81,  5.14
 26.64,  5.10
 26.47,  5.07
 26.32,  5.04
 26.16,  4.99
 26.03,  4.92
 25.89,  4.87
 25.78,  4.80
 25.69,  4.71
 25.59,  4.65
 25.50,  4.58
 25.47,  4.49
 25.40,  4.44
 25.38,  4.36
 25.36,  4.27
 25.34,  4.21
 25.34,  4.15
 25.36,  4.06
 25.37,  4.02
 25.39,  3.96
 25.44,  3.87
 25.49,  3.84
 25.58,  3.77
 25.65,  3.73
 25.74,  3.70
 25.84,  3.67
 25.94,  3.65
 26.07,  3.64
 26.20,  3.63
 26.33,  3.65
 26.45,  3.65
 26.56,  3.68
 26.67,  3.71
 26.78,  3.76
 26.82,  3.80
 26.88,  3.87
 26.89,  3.90
 26.85,  3.99
 26.81,  4.03
 26.69,  4.09
 26.57,  4.17
 26.42,  4.22
 26.26,  4.27
 26.08,  4.32
 25.92,  4.34
 25.76,  4.37
 25.61,  4.41
 25.49,  4.42
 25.38,  4.42
 25.29,  4.42
 25.27,  4.41
 25.24,  4.43
 25.22,  4.43
 25.21,  4.45
 25.23,  4.46
 25.26,  4.49
 25.27,  4.51
 25.29,  4.55
 25.31,  4.58
 25.34,  4.61
 25.38,  4.64
 25.42,  4.67
 25.49,  4.70
 25.51,  4.72
 25.59,  4.77
 25.63,  4.80
 25.72,  4.86
 25.80,  4.90
 25.84,  4.95
 25.93,  5.05
 26.02,  5.09
 26.06,  5.18
 26.15,  5.27
 26.24,  5.35
 26.33,  5.44
 26.44,  5.51
 26.57,  5.57
 26.69,  5.65
 26.81,  5.71
 26.94,  5.76
 27.01,  5.82
 27.04,  5.88
 27.03,  5.91
 27.02,  5.92
 26.97,  5.95
 26.89,  5.95
 26.79,  5.96
 26.68,  5.94
 26.54,  5.91
 26.40,  5.88
 26.26,  5.81
 26.14,  5.75
 26.03,  5.69
 25.92,  5.60
 25.82,  5.52
 25.73,  5.45
 25.67,  5.35
 25.61,  5.26
 25.58,  5.16
 25.50,  5.07
 25.50,  4.96
 25.49,  4.86
 25.49,  4.75
 25.50,  4.65
 25.50,  4.54
 25.54,  4.46
 25.60,  4.37
 25.63,  4.27
 25.71,  4.21
 25.81,  4.11
 25.92,  4.04
 26.01,  3.99
 26.14,  3.94
 26.27,  3.90
 26.42,  3.86
 26.58,  3.84
 26.71,  3.83
 26.90,  3.82
 27.02,  3.83
 27.19,  3.83
 27.34,  3.87
 27.44,  3.91
 27.56,  3.96
 27.65,  4.01
 27.68,  4.06
 27.67,  4.10
 27.64,  4.17
 27.56,  4.22
 27.45,  4.25
 27.31,  4.29
 27.14,  4.33
 26.95,  4.37
 26.79,  4.40
 26.61,  4.41
 26.47,  4.42
 26.36,  4.41
 26.25,  4.39
 26.21,  4.36
 26.16,  4.34
 26.14,  4.33
 26.14,  4.32
 26.13,  4.31
 26.13,  4.32
 26.13,  4.32
 26.13,  4.34
 26.14,  4.33
 26.13,  4.34
 26.13,  4.34
 26.14,  4.36
 26.15,  4.36
 26.16,  4.37
 26.20,  4.38
 26.24,  4.38
 26.28,  4.37
 26.35,  4.39
 26.38,  4.38
 26.46,  4.39
 26.48,  4.42
 26.54,  4.44
 26.57,  4.45
 26.60,  4.50
 26.67,  4.53
 26.71,  4.60
 26.80,  4.64
 26.88,  4.69
 26.98,  4.76
 27.07,  4.83
 27.22,  4.88
 27.34,  4.93
 27.50,  4.99
 27.66,  5.04
 27.78,  5.09
 27.92,  5.12
 28.00,  5.18
 28.08,  5.25
 28.14,  5.29
 28.16,  5.31
 28.14,  5.33
 28.09,  5.36
 28.03,  5.39
 27.93,  5.37
 27.81,  5.37
 27.68,  5.34
 27.57,  5.31
 27.45,  5.27
 27.34,  5.24
 27.24,  5.17
 27.15,  5.10
 27.07,  5.06
 27.00,  4.97
 26.94,  4.89
 26.90,  4.83
 26.83,  4.73
 26.80,  4.64
 26.77,  4.55
 26.73,  4.46
 26.71,  4.40
 26.70,  4.31
 26.71,  4.22
 26.72,  4.14
 26.78,  4.07
 26.80,  3.99
 26.88,  3.92
 26.92,  3.86
 27.02,  3.81
 27.12,  3.77
 27.22,  3.75
 27.34,  3.73
 27.45,  3.71
 27.62,  3.71
 27.75,  3.71
 27.88,  3.73
 28.03,  3.77
 28.17,  3.79
 28.31,  3.81
 28.43,  3.87
 28.52,  3.94
 28.63,  3.98
 28.69,  4.04
 28.71,  4.12
 28.69,  4.15
 28.64,  4.20
 28.57,  4.21
 28.43,  4.24
 28.28,  4.27
 28.09,  4.29
 27.92,  4.32
 27.74,  4.33
 27.58,  4.34
 27.44,  4.34
 27.34,  4.33
 27.25,  4.33
 27.16,  4.35
 27.10,  4.34
 27.04,  4.36
 27.00,  4.40
 26.93,  4.41
 26.89,  4.43
 26.84,  4.44
 26.79,  4.46
 26.74,  4.47
 26.69,  4.48
 26.65,  4.51
 26.60,  4.50
 26.58,  4.52
 26.58,  4.52
 26.57,  4.53
 26.58,  4.53
 26.58,  4.54
 26.58,  4.57
 26.59,  4.59
 26.61,  4.64
 26.63,  4.66
 26.61,  4.70
 26.62,  4.78
 26.63,  4.85
 26.67,  4.91
 26.68,  5.01
 26.75,  5.09
 26.80,  5.18
 26.91,  5.28
 27.01,  5.37
 27.12,  5.46
 27.24,  5.52
 27.36,  5.61
 27.45,  5.69
 27.49,  5.74
 27.48,  5.82
 27.45,  5.87
 27.40,  5.91
 27.29,  5.91
 27.19,  5.94
 27.04,  5.94
 26.90,  5.94
 26.73,  5.92
 26.59,  5.89
 26.47,  5.83
 26.35,  5.79
 26.24,  5.73
 26.14,  5.68
 26.04,  5.59
 25.98,  5.53
 25.90,  5.44
 25.83,  5.34
 25.78,  5.23
 25.73,  5.13
 25.71,  5.03
 25.70,  4.90
 25.70,  4.81
 25.70,  4.67
 25.72,  4.58
 25.77,  4.46
 25.82,  4.39
 25.89,  4.28
 25.94,  4.22
 26.05,  4.13
 26.14,  4.05
 26.24,  4.01
 26.35,  3.94
 26.47,  3.89
 26.60,  3.86
 26.72,  3.84
 26.89,  3.80
 27.01,  3.81
 27.13,  3.83
 27.23,  3.86
 27.34,  3.88
 27.42,  3.93
 27.46,  3.99
 27.50,  4.04
 27.48,  4.11
 27.44,  4.19
 27.35,  4.25
 27.22,  4.31
 27.05,  4.39
 26.89,  4.44
 26.70,  4.47
 26.47,  4.52
 26.30,  4.56
 26.10,  4.58
 25.93,  4.61
 25.80,  4.62
 25.70,  4.62
 25.61,  4.61
 25.56,  4.61
 25.56,  4.61
 25.55,  4.63
 25.58,  4.63
 25.60,  4.65
 25.61,  4.68
 25.61,  4.71
 25.63,  4.73
 25.63,  4.77
 25.68,  4.80
 25.71,  4.81
 25.74,  4.83
 25.81,  4.88
 25.85,  4.91
 25.92,  4.94
 25.97,  5.01
 26.03,  5.04
 26.09,  5.09
 26.15,  5.15
 26.18,  5.23
 26.25,  5.30
 26.28,  5.41
 26.36,  5.50
 26.43,  5.59
 26.52,  5.68
 26.65,  5.75
 26.78,  5.86
 26.91,  5.93
 27.02,  6.01
 27.07,  6.09
 27.08,  6.14
 27.02,  6.17
 26.93,  6.20
 26.80,  6.21
 26.69,  6.22
 26.52,  6.23
 26.36,  6.22
 26.22,  6.21
 26.09,  6.18
 25.98,  6.18
 25.87,  6.13
 25.79,  6.10
 25.71,  6.06
 25.63,  6.00
 25.59,  5.95
 25.51,  5.89
 25.48,  5.81
 25.44,  5.74
 25.41,  5.66
 25.38,  5.57
 25.40,  5.46
 25.39,  5.37
 25.44,  5.28
 25.49,  5.18
 25.52,  5.08
 25.60,  4.99
 25.69,  4.91
 25.76,  4.82
 25.86,  4.72
 25.95,  4.65
 26.08,  4.58
 26.22,  4.51
 26.35,  4.44
 26.48,  4.40
 26.64,  4.35
 26.80,  4.33
 26.99,  4.32
 27.14,  4.31
 27.30,  4.33
 27.43,  4.36
 27.56,  4.41
 27.66,  4.46
 27.69,  4.54
 27.69,  4.61
 27.65,  4.68
 27.55,  4.75
 27.40,  4.81
 27.23,  4.85
 27.04,  4.88
 26.82,  4.92
 26.61,  4.96
 26.41,  4.99
 26.24,  5.00
 26.06,  4.99
 25.93,  4.97
 25.83,  4.97
 25.75,  4.96
 25.71,  4.94
 25.70,  4.93
 25.70,  4.93
 25.68,  4.94
 25.70,  4.94
 25.68,  4.95
 25.69,  4.97
 25.69,  4.97
 25.66,  4.97
 25.64,  4.97
 25.63,  4.96
 25.61,  4.95
 25.61,  4.94
 25.61,  4.95
 25.61,  4.94
 25.61,  4.95
 25.61,  4.96
 25.62,  4.98
 25.65,  4.99
 25.64,  5.02
 25.67,  5.01
 25.66,  5.05
 25.69,  5.09
 25.70,  5.10
 25.72,  5.14
 25.78,  5.23
 25.86,  5.28
 25.96,  5.34
 26.08,  5.39
 26.22,  5.45
 26.35,  5.52
 26.47,  5.56
 26.57,  5.63
 26.64,  5.68
 26.66,  5.70
 26.65,  5.71
 26.59,  5.70
 26.51,  5.70
 26.40,  5.68
 26.28,  5.66
 26.15,  5.60
 26.02,  5.55
 25.89,  5.50
 25.75,  5.44
 25.65,  5.37
 25.59,  5.31
 25.50,  5.25
 25.43,  5.19
 25.39,  5.10
 25.32,  5.02
 25.28,  4.96
 25.26,  4.87
 25.20,  4.78
 25.18,  4.68
 25.16,  4.60
 25.16,  4.50
 25.15,  4.42
 25.18,  4.35
 25.18,  4.25
 25.20,  4.19
 25.27,  4.11
 25.30,  4.04
 25.37,  3.99
 25.44,  3.95
 25.51,  3.89
 25.61,  3.84
 25.71,  3.81
 25.82,  3.77
 25.93,  3.76
 26.05,  3.73
 26.18,  3.74
 26.35,  3.73
 26.47,  3.75
 26.63,  3.77
 26.79,  3.77
 26.91,  3.80
 27.03,  3.84
 27.15,  3.90
 27.23,  3.97
 27.31,  4.01
 27.34,  4.10
 27.34,  4.19
 27.32,  4.23
 27.25,  4.29
 27.19,  4.35
 27.08,  4.39
 26.96,  4.43
 26.84,  4.44
 26.69,  4.45
 26.57,  4.44
 26.45,  4.44
 26.35,  4.42
 26.25,  4.41
 26.20,  4.38
 26.15,  4.36
 26.11,  4.37
 26.06,  4.35
 26.02,  4.35
 25.95,  4.36
 25.90,  4.38
 25.83,  4.39
 25.80,  4.40
 25.72,  4.40
 25.69,  4.42
 25.61,  4.41
 25.58,  4.42
 25.51,  4.42
 25.50,  4.42
 25.45,  4.43
 25.42,  4.43
 25.41,  4.43
 25.40,  4.44
 25.40,  4.46
 25.40,  4.49
 25.40,  4.52
 25.42,  4.56
 25.44,  4.59
 25.46,  4.64
 25.48,  4.66
 25.50,  4.72
 25.53,  4.79
 25.60,  4.84
 25.64,  4.90
 25.72,  4.97
 25.83,  5.04
 25.95,  5.12
 26.09,  5.19
 26.24,  5.25
 26.37,  5.32
 26.52,  5.38
 26.65,  5.46
 26.79,  5.51
 26.87,  5.54
 26.94,  5.59
 26.97,  5.62
 26.97,  5.65
 26.97,  5.64
 26.91,  5.63
 26.86,  5.62
 26.77,  5.61
 26.68,  5.59
 26.58,  5.55
 26.48,  5.52
 26.37,  5.49
 26.28,  5.46
 26.21,  5.41
 26.14,  5.38
 26.06,  5.33
 25.99,  5.29
 25.93,  5.24
 25.89,  5.19
 25.85,  5.11
 25.82,  5.07
 25.79,  4.99
 25.76,  4.93
 25.76,  4.87
 25.75,  4.81
 25.76,  4.73
 25.78,  4.66
 25.81,  4.62
 25.84,  4.53
 25.91,  4.45
 25.94,  4.42
 26.02,  4.34
 26.11,  4.30
 26.19,  4.23
 26.26,  4.19
 26.38,  4.13
 26.49,  4.07
 26.61,  4.03
 26.74,  4.00
 26.86,  4.00
 27.01,  3.97
 27.13,  3.96
 27.23,  3.97
 27.37,  3.98
 27.49,  4.00
 27.58,  4.03
 27.66,  4.08
 27.70,  4.14
 27.71,  4.21
 27.67,  4.27
 27.60,  4.35
 27.48,  4.42
 27.34,  4.48
 27.20,  4.55
 27.02,  4.60
 26.85,  4.64
 26.68,  4.65
 26.51,  4.67
 26.37,  4.69
 26.24,  4.69
 26.14,  4.68
 26.05,  4.68
 26.02,  4.66
 25.99,  4.65
 25.98,  4.66
 25.99,  4.64
 25.99,  4.65
 26.02,  4.66
 26.03,  4.66
 26.03,  4.66
 26.06,  4.65
 26.09,  4.65
 26.11,  4.66
 26.14,  4.66
 26.18,  4.65
 26.22,  4.66
 26.25,  4.65
 26.31,  4.66
 26.36,  4.65
 26.41,  4.66
 26.47,  4.67
 26.50,  4.69
 26.56,  4.72
 26.60,  4.75
 26.64,  4.80
 26.70,  4.85
 26.77,  4.90
 26.85,  4.98
 26.94,  5.05
 27.07,  5.09
 27.18,  5.16
 27.31,  5.24
 27.43,  5.28
 27.55,  5.34
 27.62,  5.41
 27.68,  5.47
 27.69,  5.51
 27.68,  5.54
 27.63,  5.57
 27.54,  5.59
 27.45,  5.60
 27.33,  5.61
 27.21,  5.62
 27.06,  5.60
 26.93,  5.58
 26.82,  5.54
 26.72,  5.51
 26.62,  5.48
 26.53,  5.44
 26.44,  5.39
 26.36,  5.33
 26.29,  5.28
 26.24,  5.22
 26.19,  5.14
 26.15,  5.07
 26.13,  4.99
 26.12,  4.91
 26.11,  4.85
 26.12,  4.77
 26.14,  4.67
 26.15,  4.62
 26.19,  4.54
 26.25,  4.45
 26.31,  4.41
 26.38,  4.33
 26.48,  4.26
 26.57,  4.22
 26.68,  4.18
 26.78,  4.13
 26.91,  4.10
 27.03,  4.10
 27.20,  4.08
 27.34,  4.09
 27.46,  4.07
 27.61,  4.10
 27.76,  4.10
 27.88,  4.15
 27.99,  4.19
 28.11,  4.25
 28.19,  4.33
 28.20,  4.40
 28.19,  4.45
 28.14,  4.49
 28.05,  4.57
 27.92,  4.58
 27.76,  4.62
 27.56,  4.64
 27.36,  4.65
 27.17,  4.66
 26.98,  4.65
 26.82,  4.66
 26.68,  4.64
 26.58,  4.64
 26.52,  4.63
 26.47,  4.63
 26.43,  4.63
 26.37,  4.63
 26.35,  4.65
 26.31,  4.65
 26.24,  4.66
 26.18,  4.66
 26.11,  4.65
 26.05,  4.66
 25.99,  4.65
 25.93,  4.65
 25.89,  4.66
 25.86,  4.66
 25.84,  4.65
 25.81,  4.66
 25.83,  4.66
 25.84,  4.67
 25.84,  4.69
 25.85,  4.70
 25.86,  4.70
 25.87,  4.73
 25.87,  4.77
 25.88,  4.80
 25.90,  4.85
 25.92,  4.88
 25.93,  4.97
 25.96,  5.02
 26.02,  5.09
 26.10,  5.18
 26.17,  5.27
 26.28,  5.34
 26.38,  5.42
 26.52,  5.51
 26.65,  5.57
 26.77,  5.63
 26.90,  5.70
 26.98,  5.75
 27.05,  5.82
 27.07,  5.85
 27.05,  5.86
 27.00,  5.86
 26.92,  5.86
 26.82,  5.84
 26.70,  5.80
 26.59,  5.78
 26.47,  5.73
 26.36,  5.67
 26.26,  5.61
 26.18,  5.54
 26.12,  5.50
 26.05,  5.40
 26.02,  5.32
 25.97,  5.26
 25.93,  5.17
 25.92,  5.08
 25.90,  5.00
 25.90,  4.89
 25.89,  4.80
 25.91,  4.69
 25.92,  4.61
 25.93,  4.49
 25.98,  4.41
 26.03,  4.31
 26.08,  4.21
 26.15,  4.11
 26.25,  4.02
 26.34,  3.96
 26.43,  3.88
 26.55,  3.80
 26.67,  3.76
 26.79,  3.68
 26.91,  3.62
 27.07,  3.58
 27.22,  3.56
 27.38,  3.56
 27.56,  3.54
 27.73,  3.56
 27.92,  3.56
 28.08,  3.57
 28.25,  3.61
 28.41,  3.67
 28.53,  3.74
 28.63,  3.79
 28.69,  3.88
 28.70,  3.96
 28.69,  4.01
 28.64,  4.06
 28.53,  4.12
 28.40,  4.14
 28.25,  4.14
 28.08,  4.16
 27.90,  4.15
 27.72,  4.14
 27.55,  4.12
 27.41,  4.10
 27.29,  4.06
 27.23,  4.05
 27.15,  4.03
 27.12,  4.03
 27.08,  4.03
 27.03,  4.05
 27.00,  4.06
 26.92,  4.08
 26.89,  4.10
 26.81,  4.10
 26.75,  4.12
 26.68,  4.11
 26.62,  4.13
 26.56,  4.12
 26.50,  4.13
 26.46,  4.13
 26.42,  4.16
 26.40,  4.15
 26.37,  4.16
 26.37,  4.19
 26.37,  4.20
 26.38,  4.21
 26.38,  4.25
 26.38,  4.28
 26.37,  4.32
 26.37,  4.37
 26.37,  4.41
 26.35,  4.44
 26.36,  4.52
 26.36,  4.59
 26.39,  4.67
 26.44,  4.75
 26.50,  4.83
 26.59,  4.92
 26.69,  4.98
 26.81,  5.06
 26.92,  5.13
 27.04,  5.20
 27.13,  5.27
 27.23,  5.32
 27.29,  5.38
 27.31,  5.43
 27.29,  5.47
 27.27,  5.46
 27.23,  5.49
 27.16,  5.48
 27.10,  5.47
 27.01,  5.47
 26.92,  5.44
 26.83,  5.42
 26.76,  5.37
 26.69,  5.34
 26.63,  5.30
 26.58,  5.25
 26.53,  5.21
 26.47,  5.15
 26.46,  5.08
 26.42,  5.04
 26.39,  4.97
 26.39,  4.89
 26.36,  4.82
 26.36,  4.75
 26.37,  4.67
 26.38,  4.59
 26.42,  4.52
 26.46,  4.44
 26.48,  4.38
 26.55,  4.31
 26.61,  4.24
 26.69,  4.19
 26.78,  4.12
 26.84,  4.06
 26.96,  4.00
 27.06,  3.96
 27.16,  3.92
 27.28,  3.89
 27.41,  3.85
 27.54,  3.83
 27.67,  3.81
 27.81,  3.80
 27.95,  3.80
 28.08,  3.80
 28.21,  3.83
 28.32,  3.85
 28.43,  3.89
 28.52,  3.93
 28.59,  3.97
 28.64,  4.00
 28.64,  4.04
 28.64,  4.07
 28.59,  4.14
 28.52,  4.15
 28.42,  4.17
 28.30,  4.19
 28.16,  4.22
 28.03,  4.20
 27.92,  4.21
 27.80,  4.20
 27.71,  4.20
 27.60,  4.19
 27.54,  4.20
 27.48,  4.19
 27.42,  4.22
 27.34,  4.20
 27.28,  4.22
 27.21,  4.23
 27.13,  4.25
 27.05,  4.25
 27.00,  4.27
 26.90,  4.27
 26.81,  4.29
 26.75,  4.31
 26.68,  4.31
 26.60,  4.29
 26.57,  4.32
 26.49,  4.30
 26.46,  4.32
 26.42,  4.33
 26.39,  4.33
 26.36,  4.33
 26.35,  4.36
 26.34,  4.36
 26.31,  4.41
 26.29,  4.43
 26.26,  4.43
 26.26,  4.48
 26.25,  4.51
 26.24,  4.58
 26.25,  4.60
 26.25,  4.66
 26.27,  4.73
 26.35,  4.80
 26.39,  4.90
 26.47,  4.98
 26.57,  5.07
 26.67,  5.14
 26.75,  5.23
 26.86,  5.31
 26.92,  5.40
 26.96,  5.48
 26.99,  5.53
 26.98,  5.58
 26.97,  5.64
 26.92,  5.67
 26.86,  5.71
 26.79,  5.72
 26.70,  5.72
 26.61,  5.72
 26.53,  5.74
 26.42,  5.72
 26.35,  5.70
 26.25,  5.66
 26.16,  5.62
 26.13,  5.56
 26.04,  5.50
 26.01,  5.44
 25.95,  5.36
 25.93,  5.29
 25.92,  5.21
 25.92,  5.09
 25.91,  5.01
 25.92,  4.92
 25.93,  4.84
 25.97,  4.72
 26.03,  4.64
 26.07,  4.55
 26.14,  4.45
 26.24,  4.34
 26.34,  4.29
 26.44,  4.22
 26.56,  4.15
 26.69,  4.09
 26.85,  4.03
 27.01,  4.01
 27.17,  3.98
 27.34,  3.96
 27.51,  3.92
 27.68,  3.92
 27.83,  3.93
 27.96,  3.97
 28.08,  4.00
 28.14,  4.05
 28.17,  4.13
 28.13,  4.18
 28.05,  4.21
 27.91,  4.25
 27.76,  4.30
 27.55,  4.33
 27.34,  4.36
 27.13,  4.38
 26.91,  4.40
 26.74,  4.41
 26.58,  4.40
 26.45,  4.36
 26.35,  4.34
 26.26,  4.32
 26.22,  4.31
 26.16,  4.29
 26.15,  4.29
 26.15,  4.28
 26.15,  4.31
 26.14,  4.31
 26.13,  4.32
 26.12,  4.32
 26.08,  4.33
 26.07,  4.34
 26.07,  4.36
 26.08,  4.36
 26.08,  4.37
 26.10,  4.36
 26.14,  4.38
 26.15,  4.40
 26.18,  4.42
 26.22,  4.44
 26.24,  4.47
 26.26,  4.51
 26.28,  4.58
 26.31,  4.64
 26.36,  4.70
 26.41,  4.78
 26.48,  4.85
 26.58,  4.94
 26.69,  5.05
 26.80,  5.12
 26.96,  5.20
 27.09,  5.30
 27.22,  5.36
 27.31,  5.46
 27.40,  5.52
 27.43,  5.58
 27.43,  5.64
 27.40,  5.67
 27.34,  5.70
 27.24,  5.71
 27.12,  5.72
 27.01,  5.71
 26.85,  5.71
 26.72,  5.67
 26.58,  5.62
 26.47,  5.59
 26.37,  5.54
 26.27,  5.50
 26.20,  5.45
 26.15,  5.37
 26.10,  5.30
 26.06,  5.23
 26.03,  5.14
 26.01,  5.06
 25.98,  4.95
 25.98,  4.87
 25.97,  4.77
 25.99,  4.67
 26.01,  4.58
 26.03,  4.49
 26.06,  4.43
 26.13,  4.32
 26.18,  4.24
 26.26,  4.18
 26.34,  4.09
 26.42,  4.00
 26.51,  3.95
 26.61,  3.89
 26.74,  3.85
 26.88,  3.80
 26.99,  3.78
 27.12,  3.75
 27.25,  3.76
 27.39,  3.76
 27.53,  3.75
 27.65,  3.76
 27.76,  3.77
 27.86,  3.79
 27.93,  3.85
 27.97,  3.93
 27.97,  3.99
 27.96,  4.05
 27.88,  4.12
 27.77,  4.19
 27.63,  4.23
 27.47,  4.30
 27.29,  4.34
 27.11,  4.39
 26.89,  4.43
 26.69,  4.43
 26.52,  4.44
 26.35,  4.42
 26.24,  4.42
 26.14,  4.40
 26.06,  4.34
 26.03,  4.33
 26.02,  4.31
 26.01,  4.29
 25.99,  4.27
 25.99,  4.26
 25.97,  4.27
 25.95,  4.27
 25.94,  4.28
 25.93,  4.27
 25.92,  4.28
 25.91,  4.28
 25.90,  4.27
 25.90,  4.26
 25.91,  4.24
 25.93,  4.25
 25.93,  4.24
 25.95,  4.24
 25.98,  4.23
 26.02,  4.23
 26.03,  4.25
 26.05,  4.27
 26.07,  4.30
 26.12,  4.35
 26.15,  4.40
 26.21,  4.44
 26.26,  4.52
 26.36,  4.61
 26.47,  4.66
 26.58,  4.74
 26.71,  4.81
 26.86,  4.88
 27.01,  4.95
 27.12,  5.04
 27.26,  5.09
 27.34,  5.16
 27.38,  5.22
 27.38,  5.28
 27.36,  5.29
 27.31,  5.32
 27.23,  5.35
 27.11,  5.36
 27.00,  5.37
 26.85,  5.37
 26.71,  5.33
 26.60,  5.32
 26.48,  5.28
 26.36,  5.25
 26.26,  5.19
 26.17,  5.15
 26.09,  5.09
 26.03,  5.04
 25.93,  4.95
 25.92,  4.88
 25.85,  4.80
 25.82,  4.71
 25.80,  4.63
 25.77,  4.55
 25.76,  4.46
 25.76,  4.37
 25.80,  4.27
 25.82,  4.21
 25.86,  4.13
 25.93,  4.04
 25.98,  3.99
 26.05,  3.91
 26.12,  3.86
 26.17,  3.80
 26.25,  3.75
 26.35,  3.69
 26.45,  3.66
 26.57,  3.62
 26.67,  3.59
 26.78,  3.58
 26.89,  3.58
 27.01,  3.59
 27.13,  3.61
 27.24,  3.61
 27.32,  3.66
 27.36,  3.70
 27.36,  3.76
 27.36,  3.80
 27.31,  3.85
 27.21,  3.90
 27.07,  3.99
 26.92,  4.00
 26.76,  4.01
 26.57,  4.07
 26.37,  4.09
 26.19,  4.11
 26.03,  4.10
 25.92,  4.08
 25.81,  4.07
 25.71,  4.07
 25.67,  4.03
 25.62,  4.02
 25.62,  4.01
 25.61,  4.01
 25.61,  4.02
 25.60,  4.02
 25.60,  4.02
 25.60,  4.02
 25.59,  4.01
 25.57,  4.01
 25.56,  4.01
 25.55,  4.00
 25.56,  4.00
 25.59,  3.99
 25.61,  3.99
 25.62,  3.99
 25.65,  4.00
 25.70,  4.01
 25.72,  4.03
 25.75,  4.06
 25.80,  4.10
 25.82,  4.15
 25.88,  4.22
 25.94,  4.28
 26.02,  4.37
 26.13,  4.44
 26.25,  4.52
 26.37,  4.62
 26.50,  4.70
 26.63,  4.79
 26.74,  4.87
 26.84,  4.94
 26.90,  5.03
 26.96,  5.06
 26.96,  5.09
 26.92,  5.10
 26.85,  5.11
 26.77,  5.09
 26.65,  5.09
 26.52,  5.06
 26.37,  5.02
 26.24,  4.95
 26.09,  4.90
 25.96,  4.86
 25.86,  4.80
 25.77,  4.74
 25.70,  4.70
 25.61,  4.64
 25.58,  4.59
 25.51,  4.49
 25.49,  4.42
 25.45,  4.33
 25.42,  4.24
 25.41,  4.16
 25.39,  4.07
 25.39,  4.00
 25.40,  3.90
 25.42,  3.81
 25.48,  3.73
 25.50,  3.66
 25.55,  3.60
 25.59,  3.52
 25.65,  3.47
 25.71,  3.41
 25.81,  3.36
 25.91,  3.32
 25.98,  3.26
 26.06,  3.24
 26.17,  3.21
 26.27,  3.17
 26.39,  3.16
 26.52,  3.15
 26.66,  3.15
 26.79,  3.16
 26.91,  3.19
 27.01,  3.23
 27.13,  3.25
 27.23,  3.33
 27.26,  3.37
 27.28,  3.47
 27.23,  3.54
 27.19,  3.59
 27.07,  3.68
 26.90,  3.76
 26.76,  3.79
 26.57,  3.84
 26.35,  3.89
 26.14,  3.90
 25.96,  3.91
 25.82,  3.92
 25.69,  3.90
 25.60,  3.86
 25.57,  3.83
 25.55,  3.80
 25.54,  3.79
 25.58,  3.77
 25.59,  3.76
 25.60,  3.77
 25.62,  3.76
 25.63,  3.77
 25.63,  3.78
 25.63,  3.76
 25.63,  3.78
 25.63,  3.77
 25.62,  3.75
 25.63,  3.75
 25.65,  3.73
 25.68,  3.75
 25.69,  3.75
 25.72,  3.76
 25.73,  3.80
 25.73,  3.82
 25.74,  3.85
 25.73,  3.91
 25.74,  3.94
 25.73,  4.01
 25.74,  4.06
 25.77,  4.16
 25.82,  4.24
 25.87,  4.31
 25.95,  4.42
 26.05,  4.49
 26.16,  4.60
 26.28,  4.69
 26.40,  4.77
 26.49,  4.85
 26.58,  4.92
 26.61,  5.01
 26.60,  5.07
 26.58,  5.11
 26.52,  5.12
 26.44,  5.12
 26.31,  5.12
 26.18,  5.11
 26.04,  5.07
 25.91,  5.06
 25.77,  5.01
 25.64,  4.95
 25.54,  4.89
 25.48,  4.84
 25.40,  4.78
 25.33,  4.70
 25.28,  4.64
 25.24,  4.55
 25.19,  4.46
 25.17,  4.37
 25.16,  4.27
 25.16,  4.17
 25.15,  4.06
 25.16,  3.95
 25.16,  3.86
 25.17,  3.78
 25.19,  3.69
 25.25,  3.60
 25.28,  3.51
 25.36,  3.42
 25.41,  3.35
 25.49,  3.29
 25.57,  3.21
 25.64,  3.17
 25.72,  3.14
 25.82,  3.08
 25.94,  3.04
 26.04,  3.03
 26.15,  3.00
 26.26,  3.00
 26.38,  3.00
 26.50,  3.01
 26.63,  3.03
 26.71,  3.06
 26.79,  3.11
 26.83,  3.17
 26.85,  3.25
 26.81,  3.35
 26.76,  3.45
 26.63,  3.55
 26.50,  3.64
 26.34,  3.71
 26.15,  3.78
 25.94,  3.84
 25.73,  3.90
 25.51,  3.97
 25.32,  4.01
 25.15,  4.01
 24.98,  4.02
 24.85,  4.03
 24.76,  4.00
 24.72,  4.00
 24.69,  3.97
 24.69,  3.97
 24.72,  3.96
 24.72,  3.95
 24.73,  3.97
 24.74,  3.97
 24.75,  3.99
 24.76,  4.00
 24.77,  3.98
 24.76,  4.00
 24.76,  3.98
 24.76,  3.98
 24.77,  3.97
 24.79,  3.96
 24.83,  3.95
 24.83,  3.95
 24.85,  3.94
 24.89,  3.95
 24.92,  3.95
 24.94,  3.96
 24.96,  3.99
 24.97,  4.01
 24.98,  4.04
 25.03,  4.07
 25.04,  4.10
 25.06,  4.16
 25.09,  4.17
 25.15,  4.22
 25.20,  4.26
 25.28,  4.30
 25.35,  4.36
 25.38,  4.37
 25.40,  4.41
 25.38,  4.42
 25.30,  4.43
 25.26,  4.41
 25.16,  4.41
 25.07,  4.38
 24.98,  4.36
 24.89,  4.32
 24.82,  4.27
 24.75,  4.24
 24.65,  4.18
 24.59,  4.14
 24.53,  4.07
 24.48,  4.00
 24.43,  3.94
 24.41,  3.86
 24.40,  3.80
 24.40,  3.73
 24.38,  3.64
 24.41,  3.59
 24.42,  3.50
 24.47,  3.44
 24.50,  3.39
 24.54,  3.34
 24.61,  3.30
 24.66,  3.23
 24.72,  3.20
 24.83,  3.17
 24.94,  3.14
 25.04,  3.11
 25.16,  3.10
 25.28,  3.08
 25.41,  3.06
 25.54,  3.06
 25.67,  3.07
 25.80,  3.11
 25.93,  3.11
 26.05,  3.14
 26.16,  3.16
 26.26,  3.22
 26.30,  3.26
 26.34,  3.32
 26.28,  3.36
 26.24,  3.42
 26.14,  3.45
 26.01,  3.53
 25.83,  3.57
 25.65,  3.59
 25.48,  3.62
 25.30,  3.62
 25.17,  3.60
 25.07,  3.59
 24.97,  3.58
 24.92,  3.55
 24.86,  3.53
 24.83,  3.52
 24.83,  3.51
 24.81,  3.48
 24.78,  3.48
 24.76,  3.48
 24.75,  3.48
 24.73,  3.49
 24.72,  3.48
 24.70,  3.47
 24.67,  3.47
 24.65,  3.48
 24.64,  3.46
 24.64,  3.44
 24.62,  3.43
 24.63,  3.42
 24.66,  3.41
 24.69,  3.42
 24.72,  3.41
 24.75,  3.43
 24.77,  3.45
 24.81,  3.50
 24.83,  3.52
 24.86,  3.57
 24.87,  3.62
 24.91,  3.68
 24.97,  3.75
 25.05,  3.84
 25.16,  3.87
 25.27,  3.96
 25.40,  4.03
 25.51,  4.12
 25.63,  4.18
 25.70,  4.25
 25.72,  4.32
 25.73,  4.37
 25.71,  4.42
 25.69,  4.47
 25.63,  4.49
 25.60,  4.50
 25.50,  4.52
 25.41,  4.54
 25.34,  4.53
 25.27,  4.52
 25.17,  4.51
 25.10,  4.49
 25.06,  4.48
 24.98,  4.44
 24.95,  4.42
 24.94,  4.37
 24.90,  4.31
 24.89,  4.25
 24.88,  4.19
 24.91,  4.12
 24.93,  4.05
 24.98,  3.97
 25.04,  3.90
 25.12,  3.83
 25.19,  3.76
 25.28,  3.70
 25.38,  3.62
 25.51,  3.58
 25.60,  3.51
 25.72,  3.45
 25.85,  3.38
 25.96,  3.36
 26.12,  3.33
 26.23,  3.31
 26.36,  3.32
 26.49,  3.32
 26.57,  3.33
 26.62,  3.35
 26.66,  3.38
 26.62,  3.43
 26.57,  3.45
 26.46,  3.54
 26.32,  3.59
 26.14,  3.65
 25.95,  3.70
 25.74,  3.77
 25.58,  3.79
 25.38,  3.81
 25.20,  3.82
 25.06,  3.82
 24.91,  3.80
 24.81,  3.79
 24.71,  3.77
 24.64,  3.72
 24.63,  3.70
 24.60,  3.67
 24.61,  3.65
 24.62,  3.63
 24.64,  3.61
 24.66,  3.61
 24.71,  3.61
 24.74,  3.60
 24.75,  3.59
 24.82,  3.59
 24.86,  3.58
 24.94,  3.56
 24.98,  3.58
 25.08,  3.58
 25.17,  3.56
 25.22,  3.59
 25.29,  3.61
 25.39,  3.64
 25.47,  3.67
 25.52,  3.72
 25.61,  3.77
 25.69,  3.84
 25.74,  3.89
 25.84,  3.95
 25.94,  4.01
 26.04,  4.07
 26.14,  4.12
 26.22,  4.19
 26.26,  4.25
 26.27,  4.28
 26.27,  4.33
 26.24,  4.37
 26.18,  4.41
 26.12,  4.44
 26.02,  4.44
 25.92,  4.44
 25.80,  4.43
 25.69,  4.43
 25.55,  4.41
 25.45,  4.37
 25.34,  4.34
 25.25,  4.27
 25.18,  4.23
 25.08,  4.18
 25.04,  4.12
 24.97,  4.06
 24.95,  3.99
 24.92,  3.93
 24.90,  3.84
 24.88,  3.77
 24.88,  3.72
 24.91,  3.64
 24.95,  3.59
 24.98,  3.51
 25.05,  3.45
 25.13,  3.39
 25.19,  3.35
 25.27,  3.32
 25.38,  3.28
 25.48,  3.23
 25.59,  3.22
 25.70,  3.18
 25.82,  3.17
 25.94,  3.16
 26.05,  3.16
 26.16,  3.18
 26.27,  3.21
 26.36,  3.23
 26.46,  3.28
 26.51,  3.32
 26.56,  3.37
 26.57,  3.45
 26.51,  3.51
 26.45,  3.58
 26.35,  3.66
 26.20,  3.72
 26.04,  3.79
 25.88,  3.82
 25.71,  3.89
 25.50,  3.93
 25.35,  3.95
 25.17,  3.97
 25.04,  3.98
 24.93,  3.98
 24.82,  3.96
 24.76,  3.97
 24.72,  3.95
 24.72,  3.95
 24.71,  3.93
 24.72,  3.93
 24.71,  3.92
 24.74,  3.93
 24.74,  3.94
 24.76,  3.93
 24.82,  3.95
 24.84,  3.95
 24.90,  3.95
 24.95,  3.95
 25.05,  3.96
 25.09,  3.98
 25.18,  3.99
 25.26,  3.99
 25.33,  4.03
 25.40,  4.05
 25.48,  4.08
 25.56,  4.12
 25.63,  4.18
 25.72,  4.24
 25.82,  4.31
 25.91,  4.38
 26.02,  4.44
 26.13,  4.52
 26.24,  4.58
 26.36,  4.65
 26.47,  4.70
 26.55,  4.78
 26.58,  4.84
 26.60,  4.90
 26.58,  4.94
 26.51,  4.97
 26.45,  4.98
 26.35,  5.01
 26.24,  5.01
 26.09,  5.01
 25.96,  5.00
 25.82,  4.96
 25.72,  4.93
 25.63,  4.88
 25.52,  4.84
 25.45,  4.77
 25.38,  4.71
 25.31,  4.64
 25.28,  4.58
 25.26,  4.49
 25.21,  4.42
 25.20,  4.34
 25.21,  4.25
 25.22,  4.18
 25.26,  4.10
 25.29,  4.02
 25.37,  3.96
 25.40,  3.89
 25.49,  3.82
 25.58,  3.76
 25.65,  3.69
 25.75,  3.66
 25.88,  3.60
 25.99,  3.57
 26.13,  3.55
 26.24,  3.52
 26.42,  3.51
 26.57,  3.50
 26.74,  3.51
 26.92,  3.50
 27.09,  3.53
 27.23,  3.54
 27.35,  3.59
 27.44,  3.67
 27.45,  3.77
 27.46,  3.84
 27.44,  3.96
 27.34,  4.04
 27.20,  4.12
 27.00,  4.22
 26.80,  4.27
 26.58,  4.34
 26.34,  4.39
 26.14,  4.41
 25.94,  4.41
 25.79,  4.40
 25.63,  4.35
 25.55,  4.32
 25.49,  4.28
 25.45,  4.23
 25.45,  4.21
 25.44,  4.18
 25.46,  4.14
 25.46,  4.12
 25.49,  4.11
 25.48,  4.09
 25.50,  4.09
 25.51,  4.07
 25.52,  4.03
 25.56,  4.03
 25.61,  4.02
 25.62,  4.00
 25.69,  3.99
 25.73,  4.00
 25.79,  4.00
 25.84,  4.01
 25.89,  4.01
 25.92,  4.04
 25.94,  4.07
 25.98,  4.11
 26.02,  4.18
 26.05,  4.25
 26.11,  4.32
 26.15,  4.40
 26.26,  4.47
 26.36,  4.54
 26.47,  4.62
 26.58,  4.68
 26.68,  4.74
 26.80,  4.83
 26.88,  4.88
 26.91,  4.95
 26.91,  4.99
 26.91,  5.04
 26.85,  5.07
 26.78,  5.09
 26.68,  5.09
 26.57,  5.10
 26.45,  5.09
 26.31,  5.07
 26.19,  5.03
 26.06,  4.99
 25.94,  4.93
 25.86,  4.89
 25.78,  4.84
 25.72,  4.79
 25.62,  4.72
 25.58,  4.66
 25.52,  4.59
 25.50,  4.52
 25.47,  4.46
 25.46,  4.38
 25.44,  4.30
 25.43,  4.24
 25.46,  4.16
 25.48,  4.09
 25.49,  4.02
 25.51,  3.97
 25.57,  3.90
 25.62,  3.84
 25.71,  3.80
 25.79,  3.76
 25.85,  3.70
 25.94,  3.68
 26.04,  3.65
 26.15,  3.63
 26.26,  3.62
 26.38,  3.60
 26.50,  3.60
 26.63,  3.59
 26.77,  3.62
 26.91,  3.62
 27.01,  3.67
 27.14,  3.70
 27.23,  3.76
 27.32,  3.80
 27.37,  3.90
 27.39,  3.99
 27.37,  4.07
 27.34,  4.17
 27.23,  4.23
 27.11,  4.30
 26.95,  4.34
 26.79,  4.41
 26.58,  4.43
 26.41,  4.44
 26.25,  4.42
 26.13,  4.41
 26.03,  4.41
 25.93,  4.38
 25.89,  4.34
 25.85,  4.32
 25.81,  4.29
 25.80,  4.30
 25.75,  4.29
 25.72,  4.29
 25.71,  4.28
 25.68,  4.26
 25.65,  4.27
 25.61,  4.25
 25.58,  4.26
 25.54,  4.24
 25.51,  4.22
 25.51,  4.21
 25.49,  4.19
 25.50,  4.15
 25.51,  4.12
 25.54,  4.13
 25.59,  4.10
 25.61,  4.10
 25.63,  4.11
 25.69,  4.11
 25.72,  4.14
 25.73,  4.17
 25.80,  4.22
 25.83,  4.27
 25.91,  4.33
 25.96,  4.39
 26.06,  4.46
 26.15,  4.55
 26.26,  4.63
 26.37,  4.71
 26.49,  4.80
 26.61,  4.86
 26.73,  4.94
 26.81,  5.02
 26.91,  5.09
 26.96,  5.17
 26.96,  5.24
 26.97,  5.30
 26.93,  5.34
 26.90,  5.38
 26.80,  5.41
 26.70,  5.44
 26.57,  5.43
 26.45,  5.44
 26.31,  5.41
 26.17,  5.36
 26.06,  5.34
 25.94,  5.30
 25.84,  5.25
 25.75,  5.20
 25.67,  5.12
 25.59,  5.06
 25.52,  4.98
 25.49,  4.90
 25.40,  4.81
 25.38,  4.72
 25.37,  4.65
 25.33,  4.56
 25.32,  4.49
 25.30,  4.40
 25.34,  4.33
 25.37,  4.26
 25.40,  4.21
 25.46,  4.14
 25.50,  4.08
 25.60,  4.04
 25.69,  3.99
 25.80,  3.97
 25.89,  3.93
 26.01,  3.92
 26.14,  3.89
 26.25,  3.88
 26.40,  3.91
 26.55,  3.93
 26.68,  3.95
 26.79,  3.97
 26.90,  4.00
 27.02,  4.05
 27.09,  4.11
 27.12,  4.20
 27.12,  4.27
 27.09,  4.34
 27.00,  4.43
 26.90,  4.48
 26.72,  4.54
 26.54,  4.58
 26.35,  4.63
 26.13,  4.63
 25.92,  4.63
 25.72,  4.62
 25.59,  4.59
 25.45,  4.55
 25.35,  4.53
 25.28,  4.48
 25.25,  4.45
 25.20,  4.43
 25.19,  4.41
 25.19,  4.40
 25.19,  4.40
 25.17,  4.42
 25.16,  4.42
 25.16,  4.43
 25.15,  4.45
 25.14,  4.46
 25.15,  4.45
 25.15,  4.48
 25.17,  4.46
 25.19,  4.47
 25.23,  4.48
 25.26,  4.48
 25.27,  4.49
 25.29,  4.50
 25.28,  4.52
 25.29,  4.56
 25.30,  4.59
 25.31,  4.64
 25.35,  4.70
 25.38,  4.75
 25.41,  4.82
 25.48,  4.87
 25.54,  4.94
 25.63,  5.01
 25.74,  5.07
 25.86,  5.13
 26.00,  5.16
 26.11,  5.22
 26.22,  5.28
 26.30,  5.31
 26.37,  5.37
 26.39,  5.38
 26.38,  5.44
 26.35,  5.44
 26.28,  5.46
 26.20,  5.45
 26.08,  5.46
 25.95,  5.44
 25.83,  5.42
 25.70,  5.38
 25.56,  5.35
 25.43,  5.32
 25.30,  5.28
 25.22,  5.23
 25.12,  5.19
 25.06,  5.12
 24.96,  5.06
 24.91,  4.99
 24.85,  4.92
 24.82,  4.83
 24.77,  4.73
 24.75,  4.66
 24.73,  4.59
 24.71,  4.47
 24.72,  4.39
 24.70,  4.30
 24.74,  4.22
 24.76,  4.14
 24.83,  4.05
 24.87,  3.97
 24.96,  3.91
 25.04,  3.83
 25.12,  3.78
 25.20,  3.73
 25.31,  3.67
 25.43,  3.60
 25.52,  3.57
 25.65,  3.52
 25.77,  3.48
 25.92,  3.46
 26.04,  3.46
 26.18,  3.46
 26.34,  3.47
 26.45,  3.48
 26.55,  3.52
 26.61,  3.56
 26.68,  3.60
 26.68,  3.67
 26.60,  3.74
 26.53,  3.80
 26.42,  3.87
 26.26,  3.89
 26.07,  3.91
 25.89,  3.96
 25.68,  3.97
 25.50,  3.94
 25.33,  3.90
 25.19,  3.86
 25.09,  3.80
 25.04,  3.77
 25.00,  3.69
 24.97,  3.63
 24.97,  3.58
 24.98,  3.54
 24.98,  3.49
 24.96,  3.46
 24.96,  3.43
 24.94,  3.40
 24.94,  3.34
 24.88,  3.31
 24.87,  3.25
 24.86,  3.21
 24.86,  3.16
 24.86,  3.14
 24.88,  3.08
 24.92,  3.03
 24.96,  3.00
 25.02,  2.98
 25.06,  2.95
 25.08,  2.94
 25.13,  2.93
 25.17,  2.95
 25.18,  2.96
 25.24,  3.00
 25.29,  3.04
 25.32,  3.10
 25.39,  3.16
 25.48,  3.22
 25.59,  3.26
 25.71,  3.32
 25.83,  3.37
 25.94,  3.42
 26.06,  3.50
 26.16,  3.55
 26.22,  3.59
 26.26,  3.65
 26.24,  3.70
 26.25,  3.75
 26.19,  3.79
 26.14,  3.83
 26.05,  3.85
 25.94,  3.86
 25.85,  3.88
 25.73,  3.88
 25.62,  3.85
 25.51,  3.85
 25.41,  3.82
 25.31,  3.80
 25.20,  3.76
 25.14,  3.73
 25.07,  3.67
 24.99,  3.62
 24.96,  3.56
 24.93,  3.52
 24.89,  3.45
 24.89,  3.41
 24.87,  3.36
 24.91,  3.31
 24.95,  3.24
 24.99,  3.20
 25.06,  3.16
 25.13,  3.12
 25.21,  3.08
 25.29,  3.04
 25.41,  3.02
 25.54,  2.98
 25.67,  2.95
 25.81,  2.93
 25.92,  2.91
 26.06,  2.92
 26.17,  2.90
 26.29,  2.92
 26.38,  2.92
 26.48,  2.95
 26.56,  3.01
 26.59,  3.05
 26.58,  3.11
 26.58,  3.16
 26.50,  3.21
 26.41,  3.26
 26.27,  3.34
 26.13,  3.38
 25.94,  3.41
 25.77,  3.45
 25.60,  3.44
 25.43,  3.44
 25.28,  3.42
 25.18,  3.38
 25.06,  3.34
 24.97,  3.29
 24.93,  3.23
 24.88,  3.18
 24.87,  3.13
 24.86,  3.10
 24.85,  3.06
 24.85,  3.04
 24.86,  3.01
 24.85,  2.97
 24.86,  2.94
 24.87,  2.92
 24.90,  2.89
 24.94,  2.89
 24.98,  2.86
 25.05,  2.87
 25.09,  2.85
 25.15,  2.87
 25.21,  2.86
 25.27,  2.88
 25.32,  2.93
 25.38,  2.96
 25.43,  3.01
 25.49,  3.08
 25.51,  3.16
 25.56,  3.22
 25.60,  3.32
 25.64,  3.41
 25.70,  3.50
 25.75,  3.60
 25.82,  3.68
 25.91,  3.79
 25.99,  3.88
 26.05,  3.99
 26.14,  4.09
 26.18,  4.19
 26.25,  4.27
 26.26,  4.38
 26.26,  4.49
 26.25,  4.56
 26.19,  4.63
 26.13,  4.68
 26.03,  4.72
 25.93,  4.72
 25.78,  4.71
 25.61,  4.71
 25.49,  4.70
 25.32,  4.65
 25.19,  4.59
 25.07,  4.55
 24.96,  4.49
 24.86,  4.42
 24.79,  4.35
 24.73,  4.27
 24.66,  4.18
 24.63,  4.12
 24.60,  4.02
 24.56,  3.93
 24.55,  3.84
 24.55,  3.74
 24.56,  3.64
 24.58,  3.56
 24.62,  3.49
 24.64,  3.39
 24.68,  3.31
 24.72,  3.23
 24.77,  3.16
 24.83,  3.09
 24.88,  3.03
 24.97,  2.97
 25.06,  2.94
 25.16,  2.87
 25.24,  2.86
 25.35,  2.83
 25.46,  2.79
 25.59,  2.78
 25.72,  2.78
 25.88,  2.78
 26.03,  2.80
 26.18,  2.80
 26.35,  2.81
 26.50,  2.84
 26.66,  2.89
 26.78,  2.93
 26.91,  3.00
 26.99,  3.06
 27.02,  3.13
 27.02,  3.22
 26.99,  3.27
 26.92,  3.34
 26.84,  3.37
 26.71,  3.42
 26.58,  3.45
 26.46,  3.45
 26.31,  3.47
 26.17,  3.46
 26.05,  3.43
 25.96,  3.38
 25.90,  3.38
 25.83,  3.35
 25.80,  3.32
 25.73,  3.31
 25.70,  3.29
 25.64,  3.26
 25.61,  3.26
 25.53,  3.26
 25.46,  3.26
 25.40,  3.26
 25.30,  3.25
 25.25,  3.23
 25.17,  3.23
 25.13,  3.20
 25.07,  3.17
 25.06,  3.16
 25.04,  3.11
 25.05,  3.10
 25.05,  3.09
 25.05,  3.09
 25.07,  3.07
 25.09,  3.07
 25.10,  3.08
 25.16,  3.09
 25.16,  3.11
 25.19,  3.15
 25.23,  3.19
 25.26,  3.24
 25.29,  3.30
 25.33,  3.37
 25.39,  3.44
 25.48,  3.52
 25.55,  3.62
 25.63,  3.72
 25.74,  3.80
 25.84,  3.89
 25.96,  3.96
 26.07,  4.06
 26.19,  4.15
 26.28,  4.26
 26.37,  4.35
 26.44,  4.44
 26.47,  4.51
 26.46,  4.58
 26.46,  4.63
 26.40,  4.67
 26.35,  4.71
 26.26,  4.73
 26.15,  4.73
 26.04,  4.73
 25.93,  4.73
 25.83,  4.72
 25.75,  4.70
 25.67,  4.67
 25.59,  4.64
 25.52,  4.59
 25.48,  4.55
 25.42,  4.50
 25.40,  4.44
 25.38,  4.39
 25.35,  4.34
 25.33,  4.29
 25.31,  4.21
 25.31,  4.16
 25.34,  4.07
 25.37,  4.02
 25.38,  3.94
 25.42,  3.87
 25.49,  3.81
 25.52,  3.75
 25.61,  3.67
 25.69,  3.61
 25.79,  3.56
 25.89,  3.50
 26.00,  3.46
 26.14,  3.41
 26.26,  3.37
 26.43,  3.35
 26.58,  3.33
 26.74,  3.29
 26.90,  3.29
 27.03,  3.28
 27.17,  3.32
 27.32,  3.37
 27.37,  3.42
 27.42,  3.50
 27.43,  3.57
 27.36,  3.65
 27.27,  3.75
 27.14,  3.82
 26.99,  3.90
 26.79,  3.99
 26.59,  4.04
 26.37,  4.10
 26.19,  4.13
 26.00,  4.14
 25.82,  4.16
 25.69,  4.16
 25.58,  4.15
 25.50,  4.13
 25.45,  4.11
 25.43,  4.09
 25.43,  4.08
 25.45,  4.06
 25.48,  4.07
 25.49,  4.06
 25.50,  4.07
 25.51,  4.09
 25.52,  4.09
 25.54,  4.09
 25.56,  4.10
 25.59,  4.09
 25.61,  4.10
 25.64,  4.11
 25.70,  4.10
 25.73,  4.12
 25.76,  4.14
 25.80,  4.14
 25.83,  4.15
 25.86,  4.16
 25.91,  4.22
 25.93,  4.25
 25.94,  4.28
 26.01,  4.32
 26.04,  4.38
 26.12,  4.44
 26.19,  4.49
 26.28,  4.56
 26.40,  4.61
 26.53,  4.66
 26.65,  4.73
 26.74,  4.78
 26.81,  4.82
 26.85,  4.85
 26.86,  4.87
 26.81,  4.85
 26.73,  4.87
 26.64,  4.87
 26.50,  4.85
 26.36,  4.82
 26.24,  4.79
 26.09,  4.76
 25.95,  4.72
 25.85,  4.67
 25.75,  4.65
 25.69,  4.59
 25.61,  4.56
 25.53,  4.49
 25.48,  4.45
 25.41,  4.37
 25.38,  4.32
 25.35,  4.25
 25.30,  4.18
 25.28,  4.10
 25.28,  4.03
 25.27,  3.96
 25.27,  3.87
 25.28,  3.81
 25.30,  3.73
 25.32,  3.67
 25.38,  3.61
 25.41,  3.53
 25.47,  3.46
 25.54,  3.39
 25.63,  3.35
 25.72,  3.26
 25.82,  3.23
 25.93,  3.20
 26.07,  3.15
 26.17,  3.14
 26.34,  3.12
 26.45,  3.10
 26.59,  3.08
 26.73,  3.08
 26.88,  3.09
 27.02,  3.09
 27.21,  3.12
 27.35,  3.16
 27.49,  3.21
 27.60,  3.29
 27.66,  3.35
 27.68,  3.43
 27.68,  3.51
 27.64,  3.57
 27.55,  3.61
 27.44,  3.65
 27.28,  3.69
 27.11,  3.70
 26.96,  3.72
 26.80,  3.72
 26.66,  3.71
 26.56,  3.68
 26.47,  3.66
 26.39,  3.64
 26.35,  3.61
 26.27,  3.58
 26.23,  3.56
 26.14,  3.55
 26.08,  3.55
 26.02,  3.54
 25.94,  3.52
 25.87,  3.52
 25.80,  3.52
 25.71,  3.50
 25.67,  3.51
 25.60,  3.50
 25.55,  3.49
 25.51,  3.48
 25.46,  3.47
 25.44,  3.46
 25.40,  3.44
 25.39,  3.43
 25.38,  3.41
 25.39,  3.41
 25.40,  3.40
 25.39,  3.41
 25.41,  3.41
 25.41,  3.42
 25.43,  3.43
 25.45,  3.44
 25.47,  3.50
 25.48,  3.52
 25.52,  3.56
 25.59,  3.62
 25.66,  3.66
 25.73,  3.73
 25.84,  3.80
 25.94,  3.86
 26.08,  3.94
 26.22,  4.00
 26.36,  4.05
 26.48,  4.13
 26.59,  4.18
 26.72,  4.24
 26.83,  4.29
 26.90,  4.39
 26.95,  4.41
 26.96,  4.44
 26.99,  4.48
 26.96,  4.53
 26.91,  4.59
 26.89,  4.61
 26.80,  4.62
 26.76,  4.64
 26.69,  4.64
 26.63,  4.64
 26.56,  4.64
 26.47,  4.62
 26.42,  4.60
 26.35,  4.59
 26.30,  4.56
 26.25,  4.50
 26.19,  4.46
 26.15,  4.43
 26.12,  4.38
 26.06,  4.30
 26.05,  4.24
 26.03,  4.20
 26.04,  4.12
 26.04,  4.07
 26.07,  4.01
 26.13,  3.95
 26.17,  3.90
 26.26,  3.82
 26.35,  3.78
 26.46,  3.73
 26.58,  3.67
 26.69,  3.62
 26.84,  3.60
 26.99,  3.58
 27.12,  3.55
 27.28,  3.56
 27.44,  3.55
 27.61,  3.57
 27.77,  3.59
 27.93,  3.63
 28.07,  3.68
 28.16,  3.73
 28.23,  3.79
 28.23,  3.84
 28.21,  3.90
 28.14,  3.97
 28.05,  4.00
 27.91,  4.04
 27.77,  4.07
 27.57,  4.10
 27.38,  4.13
 27.20,  4.13
 27.03,  4.12
 26.88,  4.10
 26.75,  4.08
 26.66,  4.05
 26.56,  4.03
 26.49,  4.02
 26.46,  3.99
 26.43,  3.99
 26.38,  3.97
 26.36,  3.98
 26.34,  3.96
 26.28,  3.95
 26.26,  3.96
 26.23,  3.95
 26.18,  3.93
 26.15,  3.92
 26.14,  3.90
 26.13,  3.89
 26.13,  3.87
 26.14,  3.87
 26.15,  3.85
 26.18,  3.84
 26.24,  3.85
 26.26,  3.85
 26.32,  3.87
 26.36,  3.88
 26.40,  3.94
 26.47,  3.97
 26.51,  4.02
 26.58,  4.08
 26.68,  4.17
 26.78,  4.23
 26.92,  4.30
 27.09,  4.39
 27.23,  4.44
 27.40,  4.51
 27.55,  4.60
 27.67,  4.65
 27.77,  4.72
 27.82,  4.80
 27.83,  4.84
 27.82,  4.87
 27.78,  4.91
 27.76,  4.94
 27.67,  4.95
 27.56,  4.95
 27.45,  4.95
 27.34,  4.93
 27.22,  4.92
 27.11,  4.87
 27.01,  4.83
 26.90,  4.76
 26.82,  4.71
 26.76,  4.65
 26.67,  4.57
 26.61,  4.49
 26.57,  4.41
 26.55,  4.32
 26.51,  4.23
 26.50,  4.13
 26.49,  4.03
 26.50,  3.96
 26.55,  3.87
 26.59,  3.79
 26.63,  3.72
 26.69,  3.65
 26.78,  3.59
 26.88,  3.56
 26.96,  3.49
 27.08,  3.46
 27.21,  3.43
 27.34,  3.40
 27.45,  3.40
 27.58,  3.40
 27.71,  3.43
 27.85,  3.47
 27.96,  3.49
 28.07,  3.56
 28.15,  3.58
 28.20,  3.66
 28.20,  3.75
 28.20,  3.80
 28.14,  3.87
 28.07,  3.94
 27.94,  4.00
 27.79,  4.05
 27.63,  4.11
 27.44,  4.17
 27.22,  4.20
 27.05,  4.20
 26.88,  4.20
 26.69,  4.20
 26.58,  4.18
 26.46,  4.13
 26.38,  4.11
 26.35,  4.05
 26.32,  4.03
 26.29,  4.02
 26.28,  4.01
 26.27,  4.00
 26.27,  3.99
 26.27,  4.00
 26.27,  3.99
 26.26,  3.98
 26.26,  3.97
 26.26,  3.96
 26.27,  3.96
 26.28,  3.95
 26.34,  3.95
 26.35,  3.94
 26.37,  3.92
 26.42,  3.93
 26.46,  3.93
 26.51,  3.93
 26.56,  3.94
 26.59,  3.95
 26.67,  3.97
 26.71,  4.00
 26.79,  4.04
 26.89,  4.08
 26.99,  4.12
 27.09,  4.17
 27.22,  4.22
 27.35,  4.25
 27.49,  4.30
 27.65,  4.34
 27.79,  4.40
 27.95,  4.44
 28.07,  4.47
 28.15,  4.53
 28.23,  4.56
 28.25,  4.60
 28.26,  4.62
 28.20,  4.62
 28.14,  4.64
 28.04,  4.64
 27.92,  4.64
 27.77,  4.62
 27.62,  4.59
 27.47,  4.56
 27.33,  4.53
 27.22,  4.47
 27.07,  4.43
 26.98,  4.39
 26.88,  4.33
 26.79,  4.27
 26.69,  4.21
 26.62,  4.12
 26.57,  4.05
 26.52,  3.98
 26.48,  3.89
 26.48,  3.79
 26.46,  3.75
 26.45,  3.66
 26.45,  3.58
 26.47,  3.52
 26.51,  3.45
 26.58,  3.38
 26.63,  3.33
 26.71,  3.26
 26.78,  3.21
 26.89,  3.16
 26.99,  3.12
 27.10,  3.08
 27.21,  3.03
 27.34,  2.98
 27.46,  2.96
 27.63,  2.94
 27.78,  2.95
 27.95,  2.94
 28.09,  2.97
 28.23,  3.00
 28.37,  3.06
 28.47,  3.10
 28.55,  3.15
 28.59,  3.23
 28.59,  3.29
 28.53,  3.36
 28.45,  3.41
 28.34,  3.46
 28.20,  3.52
 28.00,  3.55
 27.83,  3.57
 27.64,  3.57
 27.43,  3.57
 27.27,  3.57
 27.13,  3.55
 27.02,  3.51
 26.94,  3.47
 26.90,  3.42
 26.85,  3.38
 26.82,  3.37
 26.80,  3.35
 26.78,  3.33
 26.78,  3.33
 26.72,  3.31
 26.71,  3.28
 26.68,  3.25
 26.66,  3.24
 26.66,  3.23
 26.66,  3.20
 26.67,  3.19
 26.68,  3.16
 26.70,  3.15
 26.73,  3.15
 26.77,  3.15
 26.81,  3.14
 26.85,  3.15
 26.90,  3.17
 26.91,  3.20
 26.99,  3.23
 27.02,  3.26
 27.09,  3.32
 27.14,  3.38
 27.23,  3.44
 27.33,  3.53
 27.43,  3.59
 27.54,  3.68
 27.67,  3.76
 27.82,  3.83
 27.97,  3.92
 28.09,  3.99
 28.18,  4.07
 28.23,  4.15
 28.25,  4.20
 28.25,  4.24
 28.23,  4.30
 28.18,  4.33
 28.11,  4.37
 28.02,  4.38
 27.90,  4.37
 27.79,  4.37
 27.66,  4.31
 27.55,  4.29
 27.45,  4.25
 27.34,  4.20
 27.25,  4.15
 27.16,  4.08
 27.10,  4.01
 27.02,  3.93
 26.97,  3.83
 26.90,  3.77
 26.90,  3.67
 26.88,  3.58
 26.88,  3.50
 26.88,  3.43
 26.89,  3.37
 26.92,  3.29
 26.99,  3.23
 27.02,  3.18
 27.09,  3.15
 27.17,  3.13
 27.24,  3.11
 27.34,  3.08
 27.45,  3.08
 27.56,  3.07
 27.66,  3.11
 27.79,  3.13
 27.90,  3.16
 28.00,  3.19
 28.09,  3.23
 28.19,  3.29
 28.27,  3.36
 28.32,  3.41
 28.37,  3.49
 28.39,  3.58
 28.38,  3.68
 28.31,  3.76
 28.22,  3.82
 28.11,  3.88
 27.96,  3.93
 27.77,  3.97
 27.60,  4.01
 27.39,  4.03
 27.21,  4.03
 27.02,  4.03
 26.88,  4.02
 26.73,  4.01
 26.66,  3.96
 26.59,  3.90
 26.55,  3.89
 26.50,  3.83
 26.48,  3.82
 26.45,  3.81
 26.42,  3.79
 26.38,  3.79
 26.35,  3.77
 26.32,  3.76
 26.27,  3.74
 26.25,  3.72
 26.21,  3.70
 26.17,  3.68
 26.15,  3.66
 26.15,  3.63
 26.16,  3.61
 26.17,  3.60
 26.20,  3.58
 26.23,  3.57
 26.25,  3.56
 26.27,  3.57
 26.32,  3.57
 26.36,  3.59
 26.39,  3.62
 26.46,  3.66
 26.51,  3.73
 26.60,  3.78
 26.70,  3.84
 26.82,  3.91
 26.96,  3.98
 27.11,  4.02
 27.24,  4.08
 27.40,  4.16
 27.56,  4.19
 27.67,  4.26
 27.74,  4.33
 27.77,  4.40
 27.79,  4.42
 27.78,  4.46
 27.74,  4.50
 27.67,  4.52
 27.58,  4.54
 27.47,  4.54
 27.34,  4.54
 27.22,  4.53
 27.11,  4.49
 26.99,  4.44
 26.88,  4.41
 26.78,  4.34
 26.68,  4.26
 26.58,  4.19
 26.48,  4.08
 26.45,  4.01
 26.38,  3.91
 26.36,  3.81
 26.32,  3.74
 26.32,  3.63
 26.33,  3.56
 26.35,  3.47
 26.37,  3.42
 26.42,  3.35
 26.47,  3.31
 26.56,  3.26
 26.61,  3.24
 26.69,  3.21
 26.80,  3.19
 26.90,  3.19
 27.00,  3.21
 27.12,  3.23
 27.21,  3.25
 27.33,  3.33
 27.44,  3.36
 27.55,  3.42
 27.65,  3.49
 27.74,  3.56
 27.80,  3.62
 27.85,  3.71
 27.86,  3.80
 27.84,  3.89
 27.78,  3.97
 27.69,  4.02
 27.57,  4.09
 27.44,  4.13
 27.27,  4.19
 27.10,  4.21
 26.89,  4.23
 26.72,  4.24
 26.57,  4.21
 26.43,  4.20
 26.33,  4.14
 26.25,  4.10
 26.17,  4.06
 26.13,  4.04
 26.12,  3.99
 26.05,  3.97
 26.04,  3.94
 26.02,  3.90
 25.98,  3.89
 25.93,  3.85
 25.90,  3.82
 25.85,  3.80
 25.82,  3.78
 25.80,  3.74
 25.75,  3.73
 25.74,  3.72
 25.75,  3.70
 25.78,  3.68
 25.81,  3.66
 25.82,  3.66
 25.84,  3.64
 25.86,  3.64
 25.92,  3.65
 25.92,  3.67
 25.95,  3.69
 25.96,  3.73
 26.02,  3.79
 26.04,  3.85
 26.11,  3.90
 26.16,  3.99
 26.25,  4.05
 26.36,  4.10
 26.48,  4.17
 26.60,  4.24
 26.73,  4.30
 26.84,  4.37
 26.91,  4.42
 26.95,  4.48
 26.95,  4.52
 26.94,  4.57
 26.92,  4.59
 26.86,  4.62
 26.80,  4.64
 26.74,  4.64
 26.64,  4.63
 26.56,  4.62
 26.46,  4.59
 26.37,  4.55
 26.28,  4.50
 26.19,  4.46
 26.13,  4.40
 26.06,  4.34
 26.02,  4.28
 25.95,  4.22
 25.92,  4.16
 25.91,  4.08
 25.87,  4.02
 25.85,  3.95
 25.87,  3.91
 25.87,  3.83
 25.90,  3.79
 25.92,  3.74
 25.97,  3.67
 26.03,  3.62
 26.11,  3.58
 26.17,  3.55
 26.26,  3.53
 26.37,  3.48
 26.46,  3.45
 26.57,  3.45
 26.68,  3.45
 26.79,  3.45
 26.89,  3.45
 27.00,  3.46
 27.10,  3.49
 27.19,  3.53
 27.26,  3.58
 27.33,  3.63
 27.34,  3.68
 27.35,  3.74
 27.33,  3.78
 27.32,  3.82
 27.22,  3.87
 27.12,  3.89
 26.99,  3.93
 26.83,  3.95
 26.68,  3.97
 26.51,  3.93
 26.36,  3.89
 26.24,  3.87
 26.11,  3.81
 26.02,  3.79
 25.93,  3.75
 25.87,  3.70
 25.81,  3.66
 25.80,  3.62
 25.74,  3.59
 25.72,  3.58
 25.70,  3.55
 25.64,  3.53
 25.63,  3.51
 25.60,  3.50
 25.61,  3.49
 25.61,  3.46
 25.60,  3.45
 25.60,  3.43
 25.61,  3.42
 25.63,  3.41
 25.67,  3.40
 25.70,  3.40
 25.71,  3.40
 25.73,  3.41
 25.78,  3.41
 25.79,  3.45
 25.83,  3.50
 25.85,  3.54
 25.92,  3.59
 25.96,  3.66
 26.03,  3.74
 26.13,  3.80
 26.24,  3.86
 26.34,  3.92
 26.47,  3.99
 26.58,  4.05
 26.66,  4.11
 26.70,  4.18
 26.72,  4.23
 26.70,  4.28
 26.68,  4.31
 26.64,  4.36
 26.58,  4.41
 26.53,  4.43
 26.45,  4.44
 26.35,  4.45
 26.27,  4.46
 26.17,  4.45
 26.08,  4.46
 26.01,  4.43
 25.92,  4.42
 25.83,  4.40
 25.78,  4.37
 25.71,  4.33
 25.65,  4.30
 25.60,  4.27
 25.58,  4.22
 25.53,  4.18
 25.51,  4.12
 25.50,  4.07
 25.51,  4.01
 25.51,  3.97
 25.57,  3.90
 25.61,  3.87
 25.71,  3.81
 25.79,  3.78
 25.87,  3.71
 25.98,  3.69
 26.07,  3.65
 26.22,  3.60
 26.34,  3.58
 26.47,  3.55
 26.59,  3.53
 26.73,  3.52
 26.88,  3.53
 27.01,  3.54
 27.14,  3.57
 27.26,  3.59
 27.37,  3.65
 27.46,  3.70
 27.53,  3.79
 27.55,  3.83
 27.55,  3.88
 27.49,  3.96
 27.43,  4.01
 27.34,  4.07
 27.21,  4.13
 27.08,  4.19
 26.92,  4.23
 26.77,  4.24
 26.60,  4.26
 26.47,  4.29
 26.35,  4.31
 26.22,  4.32
 26.11,  4.32
 26.02,  4.31
 25.93,  4.33
 25.86,  4.33
 25.80,  4.35
 25.72,  4.33
 25.65,  4.34
 25.59,  4.33
 25.53,  4.33
 25.49,  4.32
 25.44,  4.31
 25.39,  4.30
 25.38,  4.27
 25.37,  4.26
 25.37,  4.25
 25.37,  4.23
 25.39,  4.22
 25.41,  4.22
 25.48,  4.19
 25.50,  4.20
 25.58,  4.18
 25.62,  4.17
 25.70,  4.19
 25.80,  4.17
 25.88,  4.16
 25.99,  4.17
 26.13,  4.19
 26.26,  4.20
 26.45,  4.21
 26.63,  4.22
 26.81,  4.25
 27.02,  4.27
 27.21,  4.30
 27.38,  4.33
 27.54,  4.37
 27.70,  4.40
 27.82,  4.44
 27.91,  4.46
 27.96,  4.50
 27.97,  4.51
 27.97,  4.53
 27.92,  4.56
 27.83,  4.57
 27.72,  4.58
 27.60,  4.57
 27.46,  4.57
 27.33,  4.55
 27.21,  4.52
 27.10,  4.47
 26.99,  4.45
 26.90,  4.41
 26.80,  4.33
 26.70,  4.26
 26.64,  4.21
 26.57,  4.13
 26.49,  4.05
 26.46,  3.99
 26.39,  3.90
 26.38,  3.82
 26.36,  3.76
 26.35,  3.68
 26.33,  3.59
 26.34,  3.56
 26.35,  3.48
 26.37,  3.43
 26.43,  3.37
 26.48,  3.35
 26.57,  3.32
 26.63,  3.31
 26.72,  3.29
 26.82,  3.28
 26.91,  3.31
 27.03,  3.34
 27.14,  3.36
 27.25,  3.41
 27.40,  3.47
 27.50,  3.54
 27.65,  3.61
 27.73,  3.70
 27.82,  3.79
 27.88,  3.89
 27.92,  4.00
 27.92,  4.14
 27.88,  4.25
 27.79,  4.38
 27.68,  4.48
 27.55,  4.59
 27.36,  4.67
 27.16,  4.76
 26.95,  4.85
 26.73,  4.88
 26.52,  4.90
 26.32,  4.91
 26.15,  4.91
 25.99,  4.88
 25.91,  4.84
 25.83,  4.77
 25.80,  4.71
 25.77,  4.67
 25.77,  4.65
 25.74,  4.60
 25.75,  4.56
 25.74,  4.55
 25.74,  4.53
 25.74,  4.48
 25.74,  4.46
 25.75,  4.45
 25.77,  4.43
 25.80,  4.39
 25.82,  4.37
 25.84,  4.34
 25.90,  4.32
 25.93,  4.30
 25.96,  4.29
 26.01,  4.32
 26.04,  4.31
 26.07,  4.34
 26.10,  4.37
 26.14,  4.42
 26.16,  4.47
 26.22,  4.54
 26.26,  4.62
 26.37,  4.70
 26.46,  4.79
 26.58,  4.88
 26.71,  4.97
 26.85,  5.07
 26.99,  5.15
 27.12,  5.26
 27.23,  5.36
 27.33,  5.47
 27.38,  5.56
 27.40,  5.67
 27.39,  5.74
 27.33,  5.80
 27.23,  5.85
 27.12,  5.91
 26.95,  5.93
 26.79,  5.94
 26.60,  5.93
 26.41,  5.94
 26.22,  5.93
 26.04,  5.90
 25.89,  5.88
 25.74,  5.84
 25.62,  5.80
 25.52,  5.76
 25.42,  5.73
 25.36,  5.67
 25.28,  5.62
 25.22,  5.57
 25.17,  5.51
 25.11,  5.44
 25.07,  5.37
 25.05,  5.31
 25.00,  5.24
 24.98,  5.16
 24.97,  5.09
 24.98,  5.03
 24.98,  4.96
 25.03,  4.90
 25.05,  4.84
 25.08,  4.76
 25.16,  4.71
 25.19,  4.65
 25.27,  4.59
 25.36,  4.55
 25.45,  4.49
 25.54,  4.46
 25.65,  4.43
 25.80,  4.39
 25.90,  4.36
 26.03,  4.34
 26.17,  4.34
 26.32,  4.35
 26.46,  4.35
 26.59,  4.38
 26.71,  4.41
 26.83,  4.43
 26.92,  4.49
 27.01,  4.54
 27.05,  4.61
 27.08,  4.66
 27.08,  4.73
 27.04,  4.80
 27.00,  4.85
 26.90,  4.87
 26.81,  4.89
 26.71,  4.90
 26.60,  4.91
 26.48,  4.90
 26.38,  4.89
 26.29,  4.87
 26.21,  4.83
 26.14,  4.81
 26.07,  4.76
 26.04,  4.73
 25.95,  4.69
 25.92,  4.68
 25.84,  4.66
 25.80,  4.63
 25.71,  4.63
 25.63,  4.60
 25.59,  4.59
 25.52,  4.56
 25.47,  4.54
 25.40,  4.54
 25.38,  4.50
 25.36,  4.47
 25.32,  4.45
 25.29,  4.44
 25.28,  4.42
 25.27,  4.40
 25.27,  4.38
 25.28,  4.38
 25.30,  4.39
 25.31,  4.39
 25.37,  4.42
 25.38,  4.42
 25.41,  4.46
 25.44,  4.48
 25.48,  4.53
 25.50,  4.58
 25.53,  4.64
 25.60,  4.70
 25.65,  4.79
 25.72,  4.86
 25.82,  4.95
 25.91,  5.05
 26.01,  5.14
 26.12,  5.24
 26.22,  5.31
 26.33,  5.44
 26.43,  5.52
 26.50,  5.61
 26.57,  5.70
 26.59,  5.77
 26.58,  5.82
 26.55,  5.89
 26.48,  5.92
 26.42,  5.95
 26.30,  5.96
 26.17,  5.97
 26.06,  5.98
 25.92,  5.97
 25.81,  5.94
 25.70,  5.92
 25.60,  5.88
 25.51,  5.84
 25.43,  5.78
 25.38,  5.73
 25.29,  5.68
 25.27,  5.60
 25.19,  5.54
 25.17,  5.46
 25.12,  5.38
 25.09,  5.30
 25.07,  5.22
 25.07,  5.14
 25.07,  5.04
 25.09,  4.95
 25.11,  4.88
 25.16,  4.79
 25.21,  4.69
 25.27,  4.62
 25.36,  4.53
 25.43,  4.46
 25.53,  4.39
 25.63,  4.33
 25.77,  4.27
 25.91,  4.23
 26.04,  4.20
 26.20,  4.17
 26.36,  4.14
 26.51,  4.12
 26.67,  4.11
 26.81,  4.10
 26.95,  4.12
 27.06,  4.18
 27.17,  4.22
 27.24,  4.29
 27.29,  4.38
 27.32,  4.47
 27.29,  4.57
 27.21,  4.64
 27.12,  4.70
 26.98,  4.76
 26.81,  4.80
 26.65,  4.83
 26.47,  4.84
 26.31,  4.84
 26.16,  4.82
 26.05,  4.78
 25.95,  4.75
 25.90,  4.71
 25.84,  4.65
 25.81,  4.63
 25.79,  4.58
 25.78,  4.55
 25.76,  4.51
 25.75,  4.49
 25.74,  4.46
 25.73,  4.44
 25.72,  4.42
 25.70,  4.41
 25.69,  4.38
 25.68,  4.33
 25.64,  4.30
 25.62,  4.29
 25.61,  4.25
 25.61,  4.23
 25.61,  4.20
 25.60,  4.19
 25.60,  4.16
 25.61,  4.18
 25.64,  4.17
 25.67,  4.17
 25.70,  4.19
 25.73,  4.21
 25.75,  4.24
 25.80,  4.29
 25.83,  4.33
 25.90,  4.40
 25.95,  4.45
 26.04,  4.53
 26.14,  4.60
 26.24,  4.67
 26.36,  4.75
 26.47,  4.84
 26.59,  4.92
 26.70,  5.01
 26.79,  5.08
 26.90,  5.17
 27.00,  5.27
 27.03,  5.36
 27.10,  5.45
 27.11,  5.51
 27.12,  5.59
 27.07,  5.66
 27.02,  5.71
 26.95,  5.75
 26.86,  5.81
 26.75,  5.84
 26.64,  5.87
 26.49,  5.88
 26.38,  5.88
 26.26,  5.86
 26.15,  5.83
 26.04,  5.81
 25.94,  5.80
 25.87,  5.76
 25.80,  5.73
 25.71,  5.69
 25.65,  5.64
 25.60,  5.58
 25.55,  5.53
 25.51,  5.46
 25.49,  5.39
 25.49,  5.34
 25.49,  5.28
 25.50,  5.22
 25.54,  5.16
 25.60,  5.11
 25.63,  5.05
 25.72,  4.98
 25.81,  4.94
 25.92,  4.88
 26.03,  4.85
 26.16,  4.82
 26.30,  4.79
 26.45,  4.76
 26.60,  4.77
 26.77,  4.75
 26.90,  4.74
 27.06,  4.76
 27.21,  4.79
 27.33,  4.84
 27.44,  4.89
 27.53,  4.97
 27.56,  5.06
 27.56,  5.13
 27.52,  5.21
 27.45,  5.28
 27.34,  5.32
 27.20,  5.38
 27.02,  5.43
 26.85,  5.46
 26.68,  5.49
 26.54,  5.48
 26.37,  5.46
 26.27,  5.41
 26.18,  5.38
 26.12,  5.32
 26.06,  5.30
 26.01,  5.25
 25.97,  5.20
 25.92,  5.18
 25.88,  5.17
 25.83,  5.16
 25.82,  5.12
 25.74,  5.11
 25.72,  5.11
 25.68,  5.10
 25.63,  5.08
 25.62,  5.08
 25.59,  5.06
 25.58,  5.04
 25.58,  5.02
 25.57,  4.99
 25.59,  4.96
 25.59,  4.94
 25.60,  4.94
 25.60,  4.94
 25.60,  4.93
 25.61,  4.95
 25.61,  4.97
 25.62,  5.00
 25.63,  5.04
 25.66,  5.11
 25.70,  5.14
 25.72,  5.22
 25.77,  5.27
 25.85,  5.32
 25.93,  5.38
 26.03,  5.46
 26.15,  5.51
 26.26,  5.56
 26.36,  5.61
 26.45,  5.67
 26.49,  5.72
 26.53,  5.78
 26.53,  5.82
 26.53,  5.87
 26.49,  5.89
 26.47,  5.92
 26.40,  5.94
 26.35,  5.95
 26.27,  5.95
 26.18,  5.96
 26.10,  5.95
 26.02,  5.93
 25.93,  5.91
 25.85,  5.88
 25.78,  5.88
 25.71,  5.83
 25.62,  5.79
 25.56,  5.75
 25.48,  5.71
 25.45,  5.67
 25.38,  5.60
 25.37,  5.56
 25.30,  5.49
 25.29,  5.43
 25.26,  5.34
 25.27,  5.28
 25.26,  5.20
 25.28,  5.13
 25.30,  5.05
 25.35,  4.97
 25.40,  4.88
 25.48,  4.81
 25.55,  4.74
 25.64,  4.67
 25.73,  4.62
 25.84,  4.55
 25.94,  4.48
 26.04,  4.44
 26.13,  4.40
 26.24,  4.32
 26.35,  4.29
 26.44,  4.26
 26.54,  4.24
 26.65,  4.23
 26.76,  4.25
 26.84,  4.25
 26.92,  4.28
 27.00,  4.32
 27.01,  4.33
 27.01,  4.39
 26.99,  4.43
 26.92,  4.47
 26.84,  4.50
 26.73,  4.56
 26.60,  4.57
 26.47,  4.62
 26.35,  4.63
 26.21,  4.65
 26.07,  4.66
 25.94,  4.65
 25.82,  4.63
 25.73,  4.61
 25.65,  4.56
 25.59,  4.55
 25.54,  4.52
 25.51,  4.48
 25.48,  4.43
 25.48,  4.41
 25.47,  4.38
 25.45,  4.35
 25.46,  4.34
 25.47,  4.31
 25.48,  4.30
 25.50,  4.29
 25.54,  4.26
 25.57,  4.25
 25.62,  4.23
 25.67,  4.23
 25.73,  4.22
 25.80,  4.23
 25.85,  4.24
 25.92,  4.25
 25.99,  4.27
 26.04,  4.29
 26.14,  4.32
 26.19,  4.38
 26.28,  4.41
 26.37,  4.46
 26.47,  4.53
 26.55,  4.60
 26.65,  4.66
 26.77,  4.72
 26.86,  4.77
 27.00,  4.83
 27.08,  4.87
 27.14,  4.96
