 18.46, 19.53
 18.39, 19.57
 18.36, 19.58
 18.35, 19.59
 18.36, 19.65
 18.40, 19.66
 18.49, 19.70
 18.60, 19.74
 18.71, 19.78
 18.90, 19.86
 19.08, 19.91
 19.31, 20.02
 19.57, 20.12
 19.83, 20.23
 20.13, 20.38
 20.44, 20.56
 20.76, 20.75
 21.13, 20.93
 21.46, 21.12
 21.82, 21.30
 22.11, 21.49
 22.34, 21.63
 22.53, 21.76
 22.63, 21.87
 22.70, 21.94
 22.69, 22.02
 22.60, 22.04
 22.48, 22.05
 22.30, 22.04
 22.11, 22.03
 21.87, 21.97
 21.61, 21.93
 21.31, 21.87
 21.03, 21.76
 20.73, 21.65
 20.44, 21.50
 20.14, 21.35
 19.87, 21.17
 19.64, 21.04
 19.39, 20.87
 19.21, 20.71
 19.05, 20.55
 18.89, 20.38
 18.80, 20.20
 18.72, 20.01
 18.69, 19.84
 18.70, 19.65
 18.75, 19.46
 18.83, 19.29
 18.95, 19.10
 19.08, 18.93
 19.26, 18.75
 19.46, 18.62
 19.70, 18.49
 19.99, 18.36
 20.32, 18.26
 20.64, 18.16
 21.00, 18.07
 21.36, 18.01
 21.73, 17.96
 22.07, 17.92
 22.39, 17.91
 22.70, 17.92
 22.94, 17.94
 23.14, 17.99
 23.26, 18.07
 23.29, 18.17
 23.25, 18.29
 23.09, 18.43
 22.88, 18.62
 22.61, 18.76
 22.30, 18.95
 21.97, 19.12
 21.66, 19.24
 21.35, 19.32
 21.05, 19.33
 20.79, 19.31
 20.52, 19.24
 20.28, 19.14
 20.05, 19.05
 19.82, 18.95
 19.63, 18.88
 19.44, 18.80
 19.26, 18.77
 19.10, 18.72
 18.95, 18.68
 18.82, 18.68
 18.73, 18.66
 18.63, 18.65
 18.61, 18.64
 18.57, 18.63
 18.59, 18.62
 18.62, 18.62
 18.69, 18.61
 18.75, 18.59
 18.86, 18.60
 19.03, 18.60
 19.20, 18.61
 19.39, 18.63
 19.64, 18.68
 19.90, 18.72
 20.18, 18.81
 20.48, 18.92
 20.79, 19.06
 21.14, 19.24
 21.44, 19.40
 21.73, 19.59
 21.96, 19.76
 22.16, 19.89
 22.30, 20.00
 22.38, 20.10
 22.39, 20.15
 22.32, 20.18
 22.20, 20.19
 22.05, 20.21
 21.85, 20.18
 21.63, 20.14
 21.41, 20.09
 21.19, 20.02
 20.97, 19.95
 20.75, 19.86
 20.56, 19.78
 20.40, 19.68
 20.23, 19.57
 20.12, 19.47
 20.03, 19.33
 19.98, 19.19
 19.94, 19.04
 19.96, 18.90
 20.01, 18.73
 20.12, 18.54
 20.27, 18.38
 20.44, 18.20
 20.65, 18.03
 20.89, 17.87
 21.17, 17.72
 21.50, 17.59
 21.85, 17.48
 22.23, 17.44
 22.65, 17.35
 23.05, 17.32
 23.48, 17.30
 23.86, 17.29
 24.25, 17.31
 24.59, 17.33
 24.86, 17.36
 25.08, 17.42
 25.22, 17.52
 25.25, 17.61
 25.22, 17.74
 25.11, 17.85
 24.92, 17.98
 24.69, 18.12
 24.45, 18.23
 24.19, 18.34
 23.95, 18.39
 23.68, 18.40
 23.41, 18.39
 23.15, 18.31
 22.87, 18.22
 22.61, 18.11
 22.34, 17.98
 22.09, 17.86
 21.86, 17.75
 21.60, 17.63
 21.40, 17.54
 21.22, 17.44
 21.02, 17.35
 20.85, 17.30
 20.69, 17.23
 20.57, 17.18
 20.45, 17.12
 20.35, 17.10
 20.28, 17.06
 20.20, 17.03
 20.15, 17.02
 20.14, 17.01
 20.15, 16.97
 20.19, 16.99
 20.24, 17.01
 20.34, 17.03
 20.45, 17.05
 20.61, 17.13
 20.78, 17.20
 21.00, 17.30
 21.22, 17.41
 21.49, 17.55
 21.78, 17.72
 22.08, 17.88
 22.40, 18.08
 22.71, 18.29
 23.03, 18.54
 23.35, 18.79
 23.60, 19.01
 23.82, 19.23
 23.97, 19.41
 24.03, 19.59
 24.04, 19.77
 23.98, 19.91
 23.82, 20.01
 23.60, 20.11
 23.31, 20.16
 22.99, 20.21
 22.66, 20.21
 22.26, 20.22
 21.94, 20.18
 21.60, 20.12
 21.27, 20.06
 20.98, 19.97
 20.74, 19.86
 20.52, 19.76
 20.33, 19.67
 20.17, 19.54
 20.06, 19.44
 19.98, 19.33
 19.93, 19.22
 19.90, 19.07
 19.91, 18.94
 19.96, 18.80
 20.04, 18.69
 20.18, 18.55
 20.35, 18.43
 20.55, 18.32
 20.78, 18.20
 21.05, 18.13
 21.33, 18.03
 21.68, 17.96
 22.05, 17.96
 22.43, 17.97
 22.81, 18.01
 23.11, 18.03
 23.38, 18.06
 23.56, 18.12
 23.70, 18.20
 23.81, 18.27
 23.83, 18.34
 23.79, 18.39
 23.66, 18.44
 23.50, 18.51
 23.29, 18.57
 23.08, 18.63
 22.80, 18.66
 22.53, 18.71
 22.22, 18.75
 21.93, 18.81
 21.69, 18.81
 21.45, 18.82
 21.22, 18.79
 21.00, 18.79
 20.81, 18.80
 20.62, 18.80
 20.44, 18.81
 20.30, 18.83
 20.18, 18.82
 20.09, 18.81
 20.03, 18.80
 19.99, 18.78
 19.97, 18.73
 19.98, 18.71
 20.01, 18.68
 20.07, 18.61
 20.11, 18.60
 20.20, 18.52
 20.28, 18.48
 20.38, 18.44
 20.46, 18.38
 20.60, 18.35
 20.73, 18.32
 20.87, 18.29
 21.03, 18.28
 21.20, 18.27
 21.42, 18.30
 21.65, 18.34
 21.88, 18.39
 22.15, 18.47
 22.39, 18.56
 22.66, 18.65
 22.88, 18.73
 23.08, 18.83
 23.26, 18.92
 23.36, 19.02
 23.44, 19.09
 23.48, 19.15
 23.46, 19.22
 23.40, 19.26
 23.30, 19.33
 23.16, 19.35
 23.00, 19.37
 22.83, 19.36
 22.66, 19.36
 22.49, 19.37
 22.33, 19.35
 22.16, 19.33
 22.00, 19.29
 21.86, 19.27
 21.75, 19.23
 21.65, 19.19
 21.61, 19.12
 21.54, 19.04
 21.54, 18.96
 21.57, 18.84
 21.61, 18.71
 21.68, 18.57
 21.80, 18.45
 21.95, 18.30
 22.13, 18.17
 22.35, 18.03
 22.58, 17.91
 22.87, 17.82
 23.13, 17.74
 23.40, 17.65
 23.65, 17.58
 23.91, 17.52
 24.14, 17.48
 24.37, 17.44
 24.57, 17.43
 24.71, 17.40
 24.80, 17.43
 24.80, 17.44
 24.72, 17.51
 24.57, 17.59
 24.35, 17.72
 24.05, 17.84
 23.76, 17.96
 23.47, 18.01
 23.19, 18.03
 22.89, 17.98
 22.63, 17.89
 22.38, 17.80
 22.12, 17.65
 21.90, 17.52
 21.69, 17.37
 21.49, 17.24
 21.33, 17.14
 21.14, 17.06
 21.01, 16.99
 20.89, 16.91
 20.77, 16.88
 20.71, 16.84
 20.63, 16.81
 20.59, 16.79
 20.56, 16.77
 20.56, 16.77
 20.59, 16.76
 20.61, 16.75
 20.70, 16.73
 20.80, 16.73
 20.91, 16.74
 21.05, 16.75
 21.24, 16.77
 21.42, 16.78
 21.66, 16.80
 21.93, 16.83
 22.19, 16.87
 22.50, 16.95
 22.82, 17.02
 23.18, 17.11
 23.54, 17.21
 23.92, 17.33
 24.32, 17.47
 24.70, 17.63
 25.10, 17.78
 25.43, 17.90
 25.75, 18.02
 25.97, 18.13
 26.09, 18.24
 26.18, 18.33
 26.17, 18.41
 26.08, 18.46
 25.89, 18.51
 25.68, 18.54
 25.38, 18.56
 25.05, 18.57
 24.69, 18.57
 24.30, 18.56
 23.92, 18.53
 23.53, 18.51
 23.15, 18.47
 22.83, 18.41
 22.49, 18.37
 22.18, 18.30
 21.90, 18.21
 21.66, 18.14
 21.44, 18.05
 21.28, 17.95
 21.13, 17.82
 21.05, 17.72
 20.99, 17.58
 20.98, 17.43
 21.01, 17.29
 21.04, 17.15
 21.13, 16.99
 21.24, 16.83
 21.36, 16.69
 21.55, 16.56
 21.74, 16.45
 22.00, 16.31
 22.25, 16.20
 22.53, 16.10
 22.82, 16.02
 23.08, 15.95
 23.39, 15.91
 23.64, 15.85
 23.87, 15.84
 24.10, 15.85
 24.28, 15.88
 24.43, 15.92
 24.49, 15.99
 24.51, 16.06
 24.43, 16.18
 24.27, 16.31
 24.06, 16.47
 23.80, 16.66
 23.50, 16.83
 23.19, 17.01
 22.89, 17.17
 22.62, 17.27
 22.32, 17.34
 22.09, 17.36
 21.84, 17.33
 21.64, 17.32
 21.45, 17.28
 21.25, 17.22
 21.10, 17.20
 20.94, 17.19
 20.81, 17.16
 20.71, 17.16
 20.60, 17.16
 20.52, 17.19
 20.46, 17.21
 20.44, 17.23
 20.42, 17.29
 20.43, 17.32
 20.47, 17.36
 20.52, 17.41
 20.59, 17.47
 20.69, 17.51
 20.81, 17.56
 20.97, 17.62
 21.15, 17.67
 21.34, 17.73
 21.58, 17.79
 21.80, 17.88
 22.04, 17.96
 22.31, 18.07
 22.56, 18.18
 22.81, 18.32
 23.07, 18.49
 23.30, 18.67
 23.50, 18.84
 23.66, 19.02
 23.78, 19.20
 23.85, 19.36
 23.85, 19.48
 23.81, 19.58
 23.68, 19.66
 23.45, 19.74
 23.17, 19.76
 22.85, 19.77
 22.46, 19.76
 22.06, 19.73
 21.63, 19.69
 21.20, 19.62
 20.79, 19.58
 20.39, 19.53
 20.04, 19.45
 19.67, 19.39
 19.35, 19.30
 19.09, 19.24
 18.82, 19.17
 18.62, 19.08
 18.44, 19.01
 18.31, 18.92
 18.18, 18.83
 18.13, 18.75
 18.10, 18.64
 18.14, 18.55
 18.18, 18.45
 18.27, 18.38
 18.40, 18.27
 18.51, 18.17
 18.70, 18.08
 18.90, 17.99
 19.15, 17.91
 19.45, 17.83
 19.79, 17.77
 20.13, 17.74
 20.52, 17.70
 20.88, 17.66
 21.24, 17.65
 21.57, 17.63
 21.91, 17.64
 22.20, 17.65
 22.45, 17.66
 22.66, 17.71
 22.80, 17.78
 22.86, 17.86
 22.83, 17.97
 22.73, 18.10
 22.52, 18.24
 22.28, 18.40
 21.99, 18.58
 21.69, 18.75
 21.40, 18.89
 21.09, 19.01
 20.85, 19.05
 20.58, 19.07
 20.35, 19.05
 20.14, 19.01
 19.95, 18.95
 19.79, 18.92
 19.60, 18.88
 19.45, 18.86
 19.33, 18.84
 19.20, 18.83
 19.10, 18.82
 19.04, 18.84
 18.94, 18.87
 18.92, 18.92
 18.90, 18.95
 18.92, 19.01
 18.94, 19.06
 18.99, 19.11
 19.05, 19.17
 19.15, 19.23
 19.26, 19.29
 19.40, 19.37
 19.57, 19.43
 19.78, 19.48
 20.00, 19.56
 20.22, 19.68
 20.50, 19.77
 20.78, 19.85
 21.06, 19.99
 21.40, 20.12
 21.68, 20.28
 22.01, 20.44
 22.28, 20.62
 22.55, 20.77
 22.80, 20.91
 22.95, 21.03
 23.06, 21.13
 23.12, 21.18
 23.07, 21.25
 23.00, 21.30
 22.82, 21.32
 22.61, 21.31
 22.36, 21.29
 22.08, 21.25
 21.77, 21.19
 21.48, 21.12
 21.17, 21.04
 20.84, 20.92
 20.57, 20.84
 20.29, 20.72
 20.05, 20.62
 19.86, 20.52
 19.65, 20.39
 19.50, 20.32
 19.35, 20.16
 19.25, 20.02
 19.18, 19.88
 19.16, 19.72
 19.16, 19.57
 19.22, 19.40
 19.32, 19.26
 19.47, 19.08
 19.59, 18.90
 19.79, 18.74
 20.02, 18.59
 20.26, 18.42
 20.56, 18.27
 20.94, 18.14
 21.31, 17.99
 21.74, 17.87
 22.16, 17.77
 22.61, 17.69
 23.06, 17.61
 23.50, 17.56
 23.94, 17.51
 24.33, 17.47
 24.72, 17.46
 25.03, 17.47
 25.26, 17.50
 25.41, 17.57
 25.44, 17.68
 25.38, 17.82
 25.23, 17.99
 25.00, 18.20
 24.71, 18.41
 24.43, 18.61
 24.14, 18.79
 23.85, 18.93
 23.59, 18.99
 23.31, 18.95
 23.07, 18.94
 22.78, 18.85
 22.53, 18.73
 22.31, 18.64
 22.04, 18.54
 21.84, 18.48
 21.59, 18.38
 21.39, 18.33
 21.21, 18.29
 21.05, 18.24
 20.90, 18.20
 20.77, 18.18
 20.63, 18.17
 20.54, 18.17
 20.44, 18.18
 20.39, 18.16
 20.32, 18.17
 20.29, 18.15
 20.28, 18.15
 20.28, 18.14
 20.30, 18.14
 20.36, 18.13
 20.41, 18.13
 20.49, 18.13
 20.61, 18.14
 20.74, 18.17
 20.90, 18.20
 21.09, 18.25
 21.31, 18.30
 21.52, 18.36
 21.76, 18.43
 22.04, 18.53
 22.33, 18.63
 22.60, 18.75
 22.92, 18.87
 23.22, 18.98
 23.51, 19.10
 23.78, 19.19
 23.98, 19.29
 24.13, 19.35
 24.22, 19.44
 24.26, 19.54
 24.21, 19.62
 24.13, 19.68
 23.96, 19.72
 23.76, 19.72
 23.49, 19.74
 23.17, 19.72
 22.87, 19.69
 22.53, 19.65
 22.20, 19.60
 21.87, 19.50
 21.59, 19.42
 21.30, 19.35
 21.06, 19.24
 20.83, 19.14
 20.63, 19.03
 20.45, 18.93
 20.32, 18.82
 20.17, 18.73
 20.10, 18.62
 20.02, 18.50
 20.01, 18.39
 20.02, 18.27
 20.04, 18.14
 20.13, 18.04
 20.26, 17.92
 20.38, 17.81
 20.58, 17.72
 20.82, 17.62
 21.10, 17.54
 21.44, 17.44
 21.82, 17.36
 22.22, 17.30
 22.65, 17.24
 23.07, 17.22
 23.52, 17.22
 23.95, 17.23
 24.39, 17.25
 24.84, 17.26
 25.22, 17.31
 25.59, 17.36
 25.88, 17.43
 26.12, 17.51
 26.27, 17.60
 26.34, 17.71
 26.29, 17.83
 26.18, 17.97
 25.98, 18.11
 25.71, 18.25
 25.44, 18.38
 25.13, 18.46
 24.79, 18.51
 24.45, 18.56
 24.05, 18.59
 23.68, 18.54
 23.30, 18.50
 22.89, 18.42
 22.52, 18.36
 22.11, 18.26
 21.73, 18.17
 21.36, 18.08
 21.02, 18.01
 20.71, 17.95
 20.38, 17.86
 20.12, 17.83
 19.85, 17.79
 19.62, 17.75
 19.40, 17.74
 19.22, 17.73
 19.04, 17.72
 18.89, 17.70
 18.75, 17.70
 18.67, 17.71
 18.57, 17.71
 18.53, 17.73
 18.53, 17.74
 18.54, 17.79
 18.61, 17.84
 18.70, 17.93
 18.82, 18.02
 18.96, 18.13
 19.16, 18.25
 19.37, 18.39
 19.62, 18.57
 19.87, 18.74
 20.15, 18.94
 20.47, 19.14
 20.77, 19.36
 21.07, 19.55
 21.31, 19.72
 21.49, 19.89
 21.60, 20.02
 21.63, 20.15
 21.61, 20.26
 21.51, 20.35
 21.32, 20.42
 21.11, 20.46
 20.83, 20.49
 20.53, 20.48
 20.23, 20.49
 19.94, 20.45
 19.63, 20.40
 19.38, 20.37
 19.12, 20.29
 18.92, 20.23
 18.71, 20.16
 18.55, 20.07
 18.42, 19.98
 18.30, 19.89
 18.21, 19.78
 18.16, 19.66
 18.12, 19.51
 18.11, 19.37
 18.14, 19.22
 18.21, 19.08
 18.30, 18.90
 18.46, 18.75
 18.63, 18.60
 18.83, 18.43
 19.07, 18.26
 19.36, 18.13
 19.68, 18.01
 20.03, 17.89
 20.44, 17.77
 20.86, 17.71
 21.30, 17.62
 21.75, 17.54
 22.17, 17.50
 22.61, 17.46
 22.98, 17.45
 23.30, 17.44
 23.59, 17.45
 23.79, 17.49
 23.91, 17.57
 23.92, 17.68
 23.81, 17.82
 23.58, 18.00
 23.25, 18.18
 22.85, 18.41
 22.43, 18.62
 21.99, 18.83
 21.54, 19.03
 21.17, 19.15
 20.78, 19.19
 20.47, 19.15
 20.17, 19.07
 19.90, 18.94
 19.63, 18.84
 19.37, 18.71
 19.14, 18.65
 18.92, 18.55
 18.70, 18.47
 18.50, 18.44
 18.32, 18.41
 18.17, 18.40
 18.06, 18.41
 17.95, 18.44
 17.87, 18.44
 17.85, 18.45
 17.82, 18.47
 17.82, 18.51
 17.85, 18.56
 17.92, 18.60
 17.99, 18.65
 18.12, 18.71
 18.29, 18.78
 18.47, 18.86
 18.68, 18.91
 18.96, 19.01
 19.20, 19.10
 19.49, 19.24
 19.83, 19.39
 20.14, 19.57
 20.47, 19.79
 20.78, 20.00
 21.08, 20.22
 21.31, 20.43
 21.50, 20.56
 21.62, 20.73
 21.64, 20.80
 21.57, 20.89
 21.41, 20.94
 21.20, 20.98
 20.93, 20.99
 20.66, 21.01
 20.36, 21.02
 20.08, 21.02
 19.82, 21.02
 19.56, 21.00
 19.35, 20.93
 19.15, 20.92
 18.97, 20.87
 18.82, 20.82
 18.67, 20.77
 18.58, 20.69
 18.48, 20.59
 18.43, 20.47
 18.40, 20.34
 18.40, 20.18
 18.43, 20.00
 18.52, 19.84
 18.64, 19.63
 18.81, 19.45
 18.98, 19.23
 19.19, 19.02
 19.44, 18.80
 19.74, 18.59
 20.07, 18.39
 20.46, 18.18
 20.87, 18.02
 21.29, 17.85
 21.73, 17.72
 22.21, 17.58
 22.72, 17.49
 23.19, 17.41
 23.66, 17.34
 24.13, 17.30
 24.53, 17.28
 24.91, 17.31
 25.15, 17.36
 25.28, 17.47
 25.27, 17.60
 25.11, 17.79
 24.82, 18.04
 24.47, 18.30
 24.05, 18.61
 23.66, 18.87
 23.29, 19.12
 22.90, 19.29
 22.58, 19.40
 22.23, 19.38
 21.89, 19.31
 21.57, 19.20
 21.19, 19.06
 20.87, 18.91
 20.51, 18.76
 20.18, 18.65
 19.83, 18.52
 19.48, 18.43
 19.16, 18.31
 18.88, 18.22
 18.61, 18.13
 18.38, 18.05
 18.13, 17.96
 17.94, 17.91
 17.73, 17.84
 17.54, 17.79
 17.39, 17.74
 17.24, 17.67
 17.10, 17.62
 17.00, 17.58
 16.91, 17.57
 16.86, 17.54
 16.83, 17.54
 16.83, 17.55
 16.89, 17.56
 16.95, 17.58
 17.05, 17.62
 17.20, 17.68
 17.39, 17.74
 17.61, 17.84
 17.83, 17.95
 18.09, 18.06
 18.39, 18.23
 18.68, 18.43
 19.00, 18.59
 19.33, 18.77
 19.60, 18.93
 19.80, 19.05
 20.01, 19.15
 20.11, 19.25
 20.18, 19.31
 20.17, 19.38
 20.07, 19.40
 19.94, 19.41
 19.77, 19.38
 19.57, 19.36
 19.35, 19.31
 19.13, 19.26
 18.91, 19.19
 18.71, 19.10
 18.53, 19.00
 18.34, 18.93
 18.18, 18.87
 18.04, 18.77
 17.95, 18.69
 17.86, 18.63
 17.81, 18.57
 17.77, 18.47
 17.74, 18.39
 17.75, 18.27
 17.77, 18.17
 17.85, 18.05
 17.94, 17.91
 18.07, 17.80
 18.20, 17.68
 18.41, 17.58
 18.61, 17.44
 18.83, 17.32
 19.06, 17.19
 19.35, 17.07
 19.68, 16.97
 20.01, 16.89
 20.39, 16.80
 20.78, 16.74
 21.21, 16.69
 21.64, 16.68
 22.11, 16.69
 22.56, 16.70
 23.01, 16.72
 23.47, 16.75
 23.86, 16.81
 24.23, 16.88
 24.53, 16.97
 24.78, 17.09
 24.91, 17.22
 25.00, 17.40
 24.97, 17.60
 24.88, 17.81
 24.75, 18.02
 24.59, 18.22
 24.42, 18.41
 24.26, 18.52
 24.08, 18.59
 23.91, 18.56
 23.70, 18.51
 23.46, 18.48
 23.20, 18.40
 22.93, 18.36
 22.61, 18.29
 22.27, 18.21
 21.94, 18.16
 21.58, 18.08
 21.23, 18.01
 20.87, 17.94
 20.52, 17.85
 20.21, 17.77
 19.92, 17.70
 19.60, 17.62
 19.33, 17.54
 19.06, 17.50
 18.82, 17.44
 18.59, 17.41
 18.36, 17.38
 18.18, 17.36
 17.96, 17.33
 17.84, 17.36
 17.68, 17.35
 17.55, 17.37
 17.45, 17.38
 17.41, 17.42
 17.39, 17.45
 17.41, 17.53
 17.43, 17.57
 17.49, 17.62
 17.62, 17.72
 17.74, 17.79
 17.91, 17.89
 18.12, 17.99
 18.37, 18.13
 18.63, 18.24
 18.95, 18.41
 19.28, 18.55
 19.67, 18.70
 20.02, 18.85
 20.44, 18.97
 20.77, 19.09
 21.07, 19.16
 21.33, 19.25
 21.53, 19.32
 21.68, 19.36
 21.76, 19.41
 21.78, 19.47
 21.74, 19.47
 21.64, 19.47
 21.50, 19.47
 21.30, 19.47
 21.09, 19.43
 20.83, 19.38
 20.60, 19.35
 20.35, 19.28
 20.12, 19.24
 19.91, 19.18
 19.70, 19.15
 19.51, 19.09
 19.35, 19.06
 19.21, 19.02
 19.10, 19.00
 18.99, 18.93
 18.94, 18.87
 18.91, 18.82
 18.89, 18.74
 18.93, 18.65
 18.96, 18.56
 19.05, 18.47
 19.17, 18.41
 19.34, 18.31
 19.50, 18.23
 19.69, 18.11
 19.90, 17.98
 20.16, 17.89
 20.44, 17.77
 20.75, 17.70
 21.11, 17.58
 21.45, 17.48
 21.83, 17.44
 22.22, 17.34
 22.61, 17.29
 22.98, 17.25
 23.33, 17.22
 23.68, 17.20
 23.95, 17.22
 24.18, 17.25
 24.35, 17.29
 24.40, 17.38
 24.38, 17.51
 24.24, 17.69
 24.01, 17.88
 23.67, 18.10
 23.32, 18.31
 22.93, 18.56
 22.54, 18.76
 22.17, 18.93
 21.83, 19.04
 21.51, 19.04
 21.24, 19.01
 20.99, 18.92
 20.75, 18.81
 20.50, 18.68
 20.29, 18.57
 20.08, 18.46
 19.89, 18.35
 19.69, 18.27
 19.52, 18.18
 19.37, 18.12
 19.25, 18.06
 19.12, 18.00
 19.01, 17.95
 18.94, 17.93
 18.88, 17.88
 18.81, 17.85
 18.80, 17.82
 18.77, 17.80
 18.79, 17.79
 18.80, 17.76
 18.83, 17.75
 18.91, 17.74
 18.98, 17.72
 19.10, 17.72
 19.23, 17.73
 19.39, 17.74
 19.60, 17.78
 19.80, 17.83
 20.04, 17.91
 20.29, 17.98
 20.56, 18.10
 20.86, 18.25
 21.11, 18.39
 21.42, 18.54
 21.69, 18.71
 21.94, 18.86
 22.10, 19.01
 22.24, 19.15
 22.30, 19.25
 22.30, 19.35
 22.23, 19.45
 22.10, 19.50
 21.92, 19.58
 21.69, 19.60
 21.41, 19.63
 21.09, 19.63
 20.80, 19.63
 20.49, 19.60
 20.16, 19.58
 19.89, 19.53
 19.60, 19.51
 19.35, 19.47
 19.11, 19.42
 18.90, 19.39
 18.74, 19.35
 18.59, 19.30
 18.46, 19.23
 18.37, 19.20
 18.30, 19.10
 18.29, 19.02
 18.29, 18.91
 18.33, 18.82
 18.42, 18.71
 18.55, 18.61
 18.71, 18.51
 18.90, 18.40
 19.08, 18.28
 19.33, 18.17
 19.59, 18.06
 19.92, 17.96
 20.29, 17.88
 20.68, 17.79
 21.11, 17.72
 21.57, 17.67
 22.02, 17.63
 22.48, 17.59
 22.96, 17.58
 23.41, 17.58
 23.84, 17.61
 24.22, 17.65
 24.56, 17.70
 24.82, 17.77
 24.98, 17.90
 25.02, 18.06
 24.94, 18.23
 24.76, 18.46
 24.50, 18.68
 24.23, 18.91
 23.92, 19.11
 23.62, 19.25
 23.32, 19.33
 23.03, 19.31
 22.72, 19.25
 22.37, 19.18
 22.06, 19.09
 21.69, 19.01
 21.35, 18.88
 20.98, 18.79
 20.61, 18.68
 20.27, 18.60
 19.92, 18.50
 19.57, 18.43
 19.29, 18.35
 19.00, 18.25
 18.75, 18.17
 18.51, 18.12
 18.29, 18.04
 18.07, 18.00
 17.90, 17.95
 17.73, 17.92
 17.56, 17.88
 17.43, 17.86
 17.31, 17.84
 17.17, 17.82
 17.07, 17.80
 17.01, 17.83
 16.95, 17.85
 16.95, 17.88
 16.93, 17.94
 16.97, 17.99
 17.03, 18.06
 17.11, 18.12
 17.21, 18.20
 17.34, 18.30
 17.49, 18.43
 17.65, 18.58
 17.83, 18.72
 18.00, 18.90
 18.22, 19.08
 18.44, 19.25
 18.65, 19.41
 18.83, 19.57
 18.96, 19.71
 19.07, 19.82
 19.15, 19.92
 19.15, 19.97
 19.12, 20.01
 19.04, 20.05
 18.89, 20.05
 18.71, 20.05
 18.48, 20.00
 18.26, 19.94
 18.01, 19.91
 17.78, 19.82
 17.56, 19.72
 17.34, 19.61
 17.14, 19.51
 16.98, 19.41
 16.81, 19.29
 16.69, 19.18
 16.60, 19.09
 16.53, 18.98
 16.48, 18.89
 16.45, 18.76
 16.44, 18.65
 16.47, 18.53
 16.54, 18.41
 16.64, 18.27
 16.77, 18.14
 16.93, 18.00
 17.09, 17.87
 17.30, 17.73
 17.54, 17.63
 17.78, 17.50
 18.08, 17.39
 18.41, 17.29
 18.77, 17.17
 19.19, 17.08
 19.63, 17.00
 20.10, 16.94
 20.60, 16.88
 21.11, 16.86
 21.64, 16.84
 22.20, 16.84
 22.69, 16.86
 23.21, 16.86
 23.70, 16.90
 24.12, 16.96
 24.50, 17.03
 24.75, 17.14
 24.91, 17.29
 24.91, 17.45
 24.78, 17.67
 24.56, 17.90
 24.31, 18.10
 24.03, 18.32
 23.73, 18.49
 23.46, 18.59
 23.20, 18.59
 22.94, 18.50
 22.64, 18.40
 22.31, 18.28
 21.99, 18.18
 21.63, 18.06
 21.28, 17.93
 20.88, 17.82
 20.49, 17.72
 20.12, 17.63
 19.69, 17.54
 19.36, 17.44
 19.02, 17.35
 18.71, 17.27
 18.42, 17.18
 18.17, 17.09
 17.94, 17.06
 17.71, 16.99
 17.49, 16.94
 17.31, 16.92
 17.14, 16.91
 16.99, 16.90
 16.84, 16.91
 16.72, 16.92
 16.61, 16.93
 16.52, 16.94
 16.47, 16.97
 16.44, 17.05
 16.43, 17.11
 16.44, 17.15
 16.48, 17.23
 16.55, 17.31
 16.65, 17.41
 16.76, 17.53
 16.92, 17.65
 17.07, 17.79
 17.26, 17.97
 17.46, 18.16
 17.68, 18.34
 17.92, 18.53
 18.18, 18.70
 18.40, 18.87
 18.59, 18.99
 18.76, 19.10
 18.88, 19.20
 18.99, 19.31
 19.02, 19.38
 19.01, 19.46
 18.97, 19.51
 18.88, 19.54
 18.76, 19.54
 18.65, 19.54
 18.49, 19.53
 18.34, 19.52
 18.21, 19.49
 18.06, 19.42
 17.91, 19.35
 17.80, 19.30
 17.69, 19.26
 17.62, 19.19
 17.57, 19.12
 17.54, 19.08
 17.52, 19.02
 17.53, 18.98
 17.54, 18.89
 17.57, 18.85
 17.64, 18.77
 17.75, 18.67
 17.86, 18.58
 17.97, 18.46
 18.18, 18.37
 18.37, 18.29
 18.60, 18.19
 18.83, 18.08
 19.09, 18.01
 19.38, 17.94
 19.68, 17.84
 20.02, 17.74
 20.35, 17.65
 20.73, 17.59
 21.15, 17.51
 21.55, 17.45
 22.00, 17.40
 22.44, 17.36
 22.88, 17.32
 23.32, 17.30
 23.72, 17.29
 24.13, 17.28
 24.47, 17.30
 24.76, 17.34
 24.98, 17.39
 25.11, 17.49
 25.18, 17.60
 25.14, 17.75
 25.05, 17.89
 24.94, 18.03
 24.81, 18.19
 24.62, 18.28
 24.45, 18.35
 24.24, 18.35
 24.00, 18.30
 23.75, 18.28
 23.46, 18.22
 23.15, 18.17
 22.82, 18.09
 22.45, 18.04
 22.09, 17.97
 21.68, 17.90
 21.30, 17.84
 20.90, 17.77
 20.51, 17.71
 20.15, 17.62
 19.80, 17.52
 19.49, 17.41
 19.18, 17.33
 18.92, 17.26
 18.62, 17.17
 18.38, 17.11
 18.15, 17.04
 17.91, 16.98
 17.68, 16.94
 17.50, 16.91
 17.32, 16.87
 17.14, 16.86
 17.01, 16.85
 16.90, 16.85
 16.81, 16.85
 16.75, 16.87
 16.71, 16.89
 16.72, 16.92
 16.74, 16.96
 16.79, 17.01
 16.87, 17.10
 16.96, 17.16
 17.09, 17.29
 17.24, 17.41
 17.42, 17.56
 17.60, 17.72
 17.83, 17.91
 18.03, 18.10
 18.26, 18.28
 18.45, 18.45
 18.61, 18.62
 18.73, 18.77
 18.80, 18.88
 18.83, 18.99
 18.82, 19.10
 18.76, 19.20
 18.66, 19.27
 18.55, 19.32
 18.40, 19.33
 18.22, 19.34
 18.07, 19.36
 17.91, 19.32
 17.78, 19.32
 17.66, 19.30
 17.57, 19.27
 17.44, 19.20
 17.35, 19.19
 17.30, 19.12
 17.24, 19.06
 17.23, 18.98
 17.26, 18.92
 17.29, 18.83
 17.38, 18.71
 17.48, 18.61
 17.64, 18.46
 17.84, 18.35
 18.06, 18.23
 18.31, 18.09
 18.59, 17.95
 18.86, 17.80
 19.22, 17.65
 19.59, 17.52
 20.01, 17.40
 20.44, 17.26
 20.92, 17.12
 21.43, 17.01
 21.92, 16.89
 22.42, 16.81
 22.89, 16.72
 23.31, 16.63
 23.72, 16.57
 24.03, 16.56
 24.22, 16.59
 24.33, 16.63
 24.28, 16.74
 24.11, 16.88
 23.81, 17.05
 23.43, 17.25
 22.97, 17.50
 22.53, 17.72
 22.09, 17.92
 21.68, 18.04
 21.32, 18.07
 20.96, 18.02
 20.68, 17.91
 20.37, 17.76
 20.10, 17.61
 19.84, 17.48
 19.59, 17.36
 19.36, 17.25
 19.10, 17.17
 18.89, 17.11
 18.69, 17.07
 18.48, 17.03
 18.29, 16.99
 18.14, 16.99
 17.99, 16.97
 17.87, 16.95
 17.78, 16.95
 17.73, 16.93
 17.65, 16.92
 17.64, 16.91
 17.64, 16.90
 17.66, 16.88
 17.69, 16.89
 17.77, 16.90
 17.86, 16.92
 17.98, 16.96
 18.13, 17.00
 18.30, 17.09
 18.51, 17.18
 18.75, 17.29
 19.01, 17.43
 19.29, 17.60
 19.59, 17.78
 19.91, 17.96
 20.21, 18.14
 20.53, 18.30
 20.77, 18.47
 20.97, 18.60
 21.10, 18.72
 21.18, 18.83
 21.16, 18.93
 21.07, 19.03
 20.92, 19.06
 20.68, 19.12
 20.46, 19.14
 20.17, 19.15
 19.88, 19.17
 19.61, 19.14
 19.30, 19.11
 19.05, 19.09
 18.81, 19.05
 18.58, 18.98
 18.39, 18.94
 18.20, 18.87
 18.05, 18.77
 17.91, 18.69
 17.84, 18.59
 17.75, 18.46
 17.72, 18.35
 17.71, 18.22
 17.73, 18.08
 17.80, 17.98
 17.91, 17.83
 18.04, 17.71
 18.20, 17.59
 18.38, 17.44
 18.60, 17.31
 18.81, 17.15
 19.04, 17.00
 19.32, 16.88
 19.62, 16.75
 19.98, 16.65
 20.35, 16.55
 20.79, 16.48
 21.24, 16.42
 21.67, 16.38
 22.11, 16.33
 22.52, 16.30
 22.94, 16.31
 23.31, 16.34
 23.62, 16.36
 23.92, 16.41
 24.08, 16.50
 24.18, 16.61
 24.16, 16.75
 24.02, 16.94
 23.78, 17.16
 23.48, 17.39
 23.09, 17.65
 22.72, 17.88
 22.36, 18.11
 22.00, 18.30
 21.70, 18.40
 21.39, 18.41
 21.12, 18.34
 20.87, 18.25
 20.60, 18.08
 20.37, 17.94
 20.13, 17.79
 19.90, 17.66
 19.67, 17.53
 19.45, 17.40
 19.24, 17.31
 19.04, 17.20
 18.87, 17.14
 18.71, 17.08
 18.57, 17.02
 18.41, 16.97
 18.30, 16.95
 18.20, 16.92
 18.12, 16.89
 18.05, 16.85
 18.01, 16.81
 17.98, 16.77
 17.97, 16.75
 17.99, 16.74
 18.07, 16.73
 18.10, 16.73
 18.20, 16.74
 18.33, 16.75
 18.49, 16.77
 18.69, 16.85
 18.90, 16.90
 19.15, 16.98
 19.43, 17.09
 19.72, 17.21
 20.05, 17.33
 20.41, 17.49
 20.78, 17.65
 21.15, 17.80
 21.50, 17.95
 21.81, 18.08
 22.06, 18.19
 22.25, 18.33
 22.35, 18.44
 22.38, 18.54
 22.35, 18.62
 22.24, 18.71
 22.05, 18.75
 21.83, 18.79
 21.54, 18.80
 21.24, 18.79
 20.96, 18.80
 20.65, 18.79
 20.37, 18.76
 20.09, 18.71
 19.82, 18.69
 19.60, 18.66
 19.38, 18.61
 19.22, 18.55
 19.08, 18.51
 18.94, 18.43
 18.84, 18.36
 18.79, 18.26
 18.72, 18.15
 18.73, 18.02
 18.74, 17.88
 18.83, 17.79
 18.93, 17.65
 19.08, 17.54
 19.25, 17.42
 19.40, 17.26
 19.58, 17.13
 19.80, 17.00
 20.05, 16.88
 20.33, 16.80
 20.66, 16.69
 20.97, 16.61
 21.36, 16.55
 21.71, 16.46
 22.09, 16.42
 22.45, 16.37
 22.80, 16.36
 23.16, 16.33
 23.42, 16.31
 23.64, 16.35
 23.82, 16.40
 23.92, 16.49
 23.90, 16.61
 23.79, 16.73
 23.59, 16.89
 23.29, 17.09
 22.97, 17.26
 22.59, 17.45
 22.22, 17.61
 21.84, 17.72
 21.47, 17.75
 21.13, 17.69
 20.77, 17.60
 20.44, 17.47
 20.12, 17.30
 19.79, 17.15
 19.49, 17.00
 19.19, 16.90
 18.91, 16.77
 18.63, 16.66
 18.37, 16.57
 18.16, 16.50
 17.93, 16.44
 17.73, 16.37
 17.54, 16.31
 17.39, 16.27
 17.27, 16.20
 17.17, 16.14
 17.09, 16.07
 17.02, 16.02
 17.00, 16.00
 16.99, 15.95
 17.02, 15.91
 17.05, 15.90
 17.14, 15.91
 17.26, 15.91
 17.40, 15.93
 17.56, 16.00
 17.75, 16.05
 17.97, 16.13
 18.22, 16.26
 18.45, 16.39
 18.73, 16.55
 19.02, 16.72
 19.27, 16.91
 19.56, 17.09
 19.79, 17.23
 19.99, 17.41
 20.10, 17.52
 20.20, 17.63
 20.20, 17.69
 20.12, 17.75
 19.98, 17.76
 19.78, 17.79
 19.50, 17.76
 19.21, 17.74
 18.93, 17.68
 18.62, 17.64
 18.31, 17.58
 18.02, 17.52
 17.77, 17.46
 17.56, 17.39
 17.32, 17.36
 17.16, 17.29
 17.00, 17.24
 16.91, 17.17
 16.82, 17.13
 16.76, 17.05
 16.73, 17.00
 16.75, 16.91
 16.78, 16.83
 16.84, 16.74
 16.93, 16.66
 17.05, 16.53
 17.21, 16.44
 17.38, 16.32
 17.60, 16.26
 17.83, 16.17
 18.09, 16.08
 18.36, 16.00
 18.64, 15.89
 18.97, 15.82
 19.34, 15.77
 19.71, 15.68
 20.12, 15.68
 20.56, 15.65
 20.99, 15.61
 21.47, 15.60
 21.91, 15.60
 22.35, 15.64
 22.77, 15.66
 23.15, 15.71
 23.47, 15.78
 23.69, 15.85
 23.80, 15.98
 23.78, 16.17
 23.65, 16.37
 23.39, 16.65
 23.07, 16.91
 22.72, 17.22
 22.34, 17.49
 21.99, 17.74
 21.64, 17.85
 21.32, 17.83
 21.03, 17.75
 20.70, 17.58
 20.44, 17.42
 20.13, 17.20
 19.86, 17.00
 19.57, 16.81
 19.32, 16.64
 19.04, 16.48
 18.78, 16.33
 18.56, 16.22
 18.31, 16.10
 18.12, 16.00
 17.94, 15.93
 17.73, 15.87
 17.58, 15.84
 17.43, 15.78
 17.30, 15.73
 17.18, 15.69
 17.07, 15.66
 16.99, 15.64
 16.91, 15.61
 16.86, 15.60
 16.83, 15.60
 16.83, 15.62
 16.86, 15.64
 16.91, 15.69
 16.97, 15.76
 17.09, 15.85
 17.22, 15.96
 17.38, 16.07
 17.54, 16.24
 17.76, 16.43
 17.95, 16.61
 18.17, 16.84
 18.42, 17.06
 18.66, 17.26
 18.90, 17.47
 19.07, 17.64
 19.23, 17.81
 19.31, 17.95
 19.35, 18.06
 19.30, 18.17
 19.20, 18.23
 19.06, 18.28
 18.87, 18.32
 18.64, 18.33
 18.42, 18.33
 18.20, 18.30
 17.98, 18.25
 17.79, 18.24
 17.59, 18.20
 17.46, 18.13
 17.35, 18.08
 17.24, 18.02
 17.16, 17.94
 17.13, 17.88
 17.11, 17.79
 17.13, 17.71
 17.15, 17.61
 17.20, 17.50
 17.31, 17.39
 17.39, 17.21
 17.55, 17.10
 17.73, 16.95
 17.92, 16.80
 18.17, 16.68
 18.42, 16.51
 18.72, 16.41
 19.03, 16.25
 19.37, 16.12
 19.76, 16.01
 20.15, 15.89
 20.59, 15.81
 21.06, 15.72
 21.52, 15.68
 22.02, 15.64
 22.54, 15.60
 23.01, 15.60
 23.51, 15.62
 23.95, 15.66
 24.34, 15.73
 24.68, 15.80
 24.90, 15.91
 25.02, 16.06
 25.02, 16.26
 24.88, 16.48
 24.59, 16.75
 24.23, 17.04
 23.80, 17.37
 23.36, 17.71
 22.94, 18.06
 22.51, 18.36
 22.14, 18.56
 21.79, 18.66
 21.45, 18.66
 21.14, 18.61
 20.79, 18.49
 20.51, 18.36
 20.21, 18.22
 19.90, 18.11
 19.58, 17.98
 19.28, 17.85
 19.02, 17.76
 18.72, 17.65
 18.49, 17.57
 18.27, 17.47
 18.01, 17.38
 17.82, 17.32
 17.63, 17.24
 17.46, 17.16
 17.31, 17.13
 17.18, 17.03
 17.06, 16.96
 16.98, 16.92
 16.89, 16.84
 16.84, 16.78
 16.78, 16.72
 16.79, 16.68
 16.79, 16.64
 16.80, 16.61
 16.85, 16.57
 16.93, 16.57
 17.02, 16.59
 17.12, 16.64
 17.27, 16.69
 17.39, 16.82
 17.53, 16.94
 17.68, 17.06
 17.83, 17.24
 17.96, 17.38
 18.06, 17.52
 18.13, 17.64
 18.16, 17.71
 18.17, 17.78
 18.13, 17.81
 18.06, 17.81
 17.95, 17.82
 17.82, 17.81
 17.70, 17.80
 17.59, 17.77
 17.48, 17.74
 17.37, 17.72
 17.28, 17.71
 17.20, 17.69
 17.16, 17.68
 17.12, 17.67
 17.12, 17.67
 17.13, 17.63
 17.15, 17.61
 17.21, 17.56
 17.30, 17.51
 17.39, 17.43
 17.53, 17.37
 17.74, 17.29
 17.91, 17.19
 18.17, 17.14
 18.42, 17.05
 18.71, 16.98
 19.03, 16.90
 19.35, 16.82
 19.72, 16.77
 20.13, 16.72
 20.55, 16.66
 21.02, 16.63
 21.44, 16.58
 21.89, 16.57
 22.33, 16.56
 22.74, 16.56
 23.12, 16.55
 23.47, 16.56
 23.75, 16.60
 23.96, 16.66
 24.06, 16.72
 24.08, 16.85
 23.99, 17.01
 23.82, 17.20
 23.55, 17.44
 23.30, 17.65
 23.02, 17.86
 22.74, 17.96
 22.45, 18.01
 22.11, 17.98
 21.81, 17.91
 21.46, 17.80
 21.12, 17.68
 20.79, 17.54
 20.45, 17.38
 20.11, 17.26
 19.79, 17.14
 19.47, 17.00
 19.18, 16.90
 18.90, 16.79
 18.62, 16.71
 18.37, 16.63
 18.13, 16.53
 17.91, 16.48
 17.70, 16.44
 17.52, 16.38
 17.33, 16.31
 17.20, 16.28
 17.09, 16.24
 17.00, 16.19
 16.93, 16.16
 16.89, 16.12
 16.86, 16.09
 16.89, 16.10
 16.90, 16.09
 16.99, 16.09
 17.09, 16.12
 17.22, 16.18
 17.37, 16.25
 17.56, 16.34
 17.77, 16.48
 18.02, 16.65
 18.26, 16.83
 18.53, 17.04
 18.80, 17.22
 19.05, 17.40
 19.27, 17.56
 19.46, 17.69
 19.60, 17.83
 19.71, 17.97
 19.76, 18.05
 19.74, 18.15
 19.71, 18.24
 19.62, 18.32
 19.54, 18.38
 19.45, 18.44
 19.35, 18.50
 19.24, 18.56
 19.16, 18.60
 19.09, 18.66
 19.01, 18.68
 18.97, 18.72
 18.98, 18.76
 18.98, 18.78
 19.02, 18.76
 19.07, 18.72
 19.16, 18.68
 19.28, 18.60
 19.45, 18.49
 19.63, 18.40
 19.81, 18.26
 20.09, 18.09
 20.34, 17.95
 20.64, 17.77
 20.96, 17.61
 21.28, 17.45
 21.68, 17.31
 22.05, 17.19
 22.41, 17.06
 22.76, 16.95
 23.07, 16.86
 23.39, 16.77
 23.66, 16.70
 23.88, 16.63
 24.04, 16.63
 24.08, 16.61
 24.05, 16.66
 23.91, 16.73
 23.64, 16.90
 23.31, 17.06
 22.92, 17.25
 22.50, 17.45
 22.09, 17.64
 21.69, 17.81
 21.29, 17.91
 20.97, 17.95
 20.63, 17.93
 20.35, 17.87
 20.10, 17.79
 19.86, 17.68
 19.65, 17.57
 19.45, 17.46
 19.27, 17.38
 19.11, 17.30
 18.94, 17.20
 18.84, 17.15
 18.76, 17.09
 18.69, 17.04
 18.62, 16.98
 18.61, 16.94
 18.60, 16.90
 18.63, 16.86
 18.67, 16.78
 18.73, 16.75
 18.83, 16.72
 18.93, 16.69
 19.09, 16.66
 19.25, 16.63
 19.43, 16.61
 19.65, 16.59
 19.89, 16.58
 20.14, 16.62
 20.41, 16.65
 20.67, 16.69
 20.97, 16.77
 21.19, 16.89
 21.45, 17.00
 21.66, 17.12
 21.86, 17.28
 22.01, 17.40
 22.07, 17.50
 22.11, 17.58
 22.06, 17.64
 21.95, 17.70
 21.76, 17.73
 21.53, 17.73
 21.29, 17.75
 20.99, 17.75
 20.68, 17.75
 20.38, 17.74
 20.09, 17.71
 19.78, 17.70
 19.52, 17.69
 19.29, 17.65
 19.07, 17.63
 18.87, 17.60
 18.71, 17.57
 18.58, 17.53
 18.49, 17.48
 18.41, 17.39
 18.38, 17.30
 18.40, 17.19
 18.44, 17.11
 18.54, 17.00
 18.65, 16.90
 18.80, 16.80
 18.98, 16.69
 19.18, 16.56
 19.41, 16.45
 19.69, 16.34
 19.99, 16.24
 20.32, 16.16
 20.66, 16.09
 21.01, 16.02
 21.38, 15.97
 21.71, 15.92
 22.07, 15.93
 22.37, 15.91
 22.67, 15.94
 22.94, 15.96
 23.12, 16.00
 23.26, 16.07
 23.29, 16.17
 23.24, 16.29
 23.08, 16.47
 22.84, 16.64
 22.53, 16.88
 22.17, 17.09
 21.81, 17.32
 21.47, 17.52
 21.12, 17.64
 20.80, 17.75
 20.52, 17.77
 20.23, 17.74
 19.97, 17.69
 19.73, 17.60
 19.51, 17.54
 19.28, 17.48
 19.09, 17.41
 18.91, 17.36
 18.74, 17.29
 18.60, 17.23
 18.45, 17.18
 18.36, 17.16
 18.27, 17.14
 18.21, 17.09
 18.19, 17.08
 18.17, 17.05
 18.18, 17.05
 18.23, 17.02
 18.27, 17.01
 18.37, 17.00
 18.49, 17.03
 18.64, 17.02
 18.83, 17.03
 19.04, 17.05
 19.28, 17.07
 19.56, 17.10
 19.82, 17.17
 20.15, 17.22
 20.47, 17.33
 20.83, 17.44
 21.16, 17.59
 21.46, 17.75
 21.74, 17.94
 22.00, 18.10
 22.21, 18.28
 22.36, 18.41
 22.43, 18.51
 22.43, 18.61
 22.38, 18.70
 22.24, 18.72
 22.03, 18.75
 21.78, 18.78
 21.51, 18.77
 21.24, 18.77
 20.95, 18.74
 20.68, 18.71
 20.42, 18.67
 20.17, 18.66
 19.95, 18.57
 19.76, 18.53
 19.61, 18.49
 19.48, 18.44
 19.39, 18.37
 19.32, 18.32
 19.28, 18.23
 19.30, 18.13
 19.34, 18.02
 19.38, 17.88
 19.49, 17.79
 19.66, 17.67
 19.82, 17.56
 20.01, 17.42
 20.26, 17.31
 20.49, 17.19
 20.82, 17.06
 21.12, 16.92
 21.51, 16.84
 21.91, 16.72
 22.32, 16.62
 22.78, 16.56
 23.22, 16.50
 23.70, 16.46
 24.14, 16.44
 24.58, 16.45
 25.00, 16.47
 25.34, 16.50
 25.60, 16.58
 25.76, 16.69
 25.82, 16.85
 25.71, 17.06
 25.46, 17.34
 25.12, 17.64
 24.71, 17.97
 24.30, 18.30
 23.91, 18.61
 23.52, 18.81
 23.18, 18.85
 22.80, 18.82
 22.48, 18.72
 22.13, 18.55
 21.85, 18.40
 21.56, 18.20
 21.28, 18.03
 21.01, 17.88
 20.76, 17.76
 20.53, 17.64
 20.32, 17.54
 20.12, 17.42
 19.96, 17.34
 19.82, 17.30
 19.70, 17.20
 19.59, 17.16
 19.51, 17.09
 19.46, 17.05
 19.43, 17.00
 19.39, 16.95
 19.41, 16.93
 19.45, 16.88
 19.49, 16.87
 19.58, 16.87
 19.68, 16.85
 19.81, 16.85
 19.96, 16.87
 20.12, 16.90
 20.33, 16.97
 20.55, 17.03
 20.78, 17.14
 21.05, 17.28
 21.32, 17.42
 21.63, 17.61
 21.87, 17.77
 22.16, 17.97
 22.39, 18.15
 22.58, 18.30
 22.72, 18.45
 22.80, 18.56
 22.81, 18.67
 22.78, 18.72
 22.66, 18.81
 22.49, 18.83
 22.29, 18.84
 22.06, 18.84
 21.80, 18.84
 21.56, 18.83
 21.29, 18.80
 21.04, 18.75
 20.80, 18.70
 20.60, 18.65
 20.39, 18.60
 20.18, 18.56
 20.03, 18.49
 19.89, 18.47
 19.75, 18.43
 19.65, 18.37
 19.57, 18.31
 19.49, 18.26
 19.48, 18.18
 19.46, 18.10
 19.49, 18.03
 19.58, 17.94
 19.68, 17.84
 19.82, 17.78
 20.00, 17.70
 20.20, 17.64
 20.43, 17.53
 20.66, 17.44
 20.96, 17.41
 21.29, 17.33
 21.61, 17.27
 22.01, 17.22
 22.37, 17.19
 22.78, 17.16
 23.20, 17.17
 23.61, 17.19
 24.05, 17.21
 24.48, 17.24
 24.86, 17.27
 25.23, 17.32
 25.51, 17.38
 25.77, 17.50
 25.89, 17.60
 25.94, 17.77
 25.86, 17.99
 25.68, 18.22
 25.45, 18.50
 25.22, 18.74
 24.95, 18.99
 24.70, 19.14
 24.42, 19.21
 24.15, 19.21
 23.87, 19.16
 23.56, 19.07
 23.25, 18.98
 22.97, 18.89
 22.63, 18.75
 22.32, 18.66
 22.00, 18.54
 21.69, 18.45
 21.40, 18.36
 21.12, 18.26
 20.86, 18.18
 20.60, 18.08
 20.36, 17.99
 20.19, 17.94
 19.98, 17.85
 19.81, 17.80
 19.68, 17.74
 19.56, 17.64
 19.47, 17.57
 19.39, 17.52
 19.34, 17.47
 19.34, 17.42
 19.32, 17.39
 19.37, 17.37
 19.40, 17.35
 19.47, 17.34
 19.60, 17.35
 19.71, 17.38
 19.90, 17.41
 20.10, 17.51
 20.33, 17.57
 20.56, 17.68
 20.79, 17.81
 21.08, 17.96
 21.38, 18.13
 21.66, 18.29
 21.96, 18.47
 22.24, 18.63
 22.48, 18.81
 22.70, 18.97
 22.82, 19.13
 22.91, 19.25
 22.92, 19.37
 22.89, 19.47
 22.79, 19.58
 22.63, 19.65
 22.41, 19.69
 22.17, 19.72
 21.89, 19.74
 21.58, 19.75
 21.28, 19.74
 20.96, 19.71
 20.64, 19.65
 20.36, 19.60
 20.07, 19.53
 19.84, 19.48
 19.61, 19.40
 19.41, 19.33
 19.22, 19.26
 19.06, 19.17
 18.96, 19.11
 18.86, 19.02
 18.82, 18.94
 18.82, 18.85
 18.81, 18.78
 18.89, 18.68
 18.98, 18.60
 19.12, 18.52
 19.28, 18.47
 19.51, 18.40
 19.74, 18.31
 19.99, 18.25
 20.28, 18.18
 20.62, 18.14
 20.98, 18.07
 21.39, 18.05
 21.80, 18.01
 22.25, 17.97
 22.66, 17.97
 23.09, 17.99
 23.49, 18.00
 23.84, 18.02
 24.17, 18.08
 24.40, 18.13
 24.58, 18.20
 24.64, 18.32
 24.60, 18.45
 24.46, 18.63
 24.19, 18.83
 23.85, 19.06
 23.51, 19.27
 23.17, 19.46
 22.80, 19.61
 22.50, 19.66
 22.15, 19.59
 21.85, 19.49
 21.56, 19.36
 21.28, 19.20
 20.99, 19.03
 20.72, 18.88
 20.48, 18.74
 20.23, 18.64
 20.00, 18.54
 19.78, 18.44
 19.57, 18.39
 19.38, 18.33
 19.23, 18.30
 19.06, 18.25
 18.94, 18.26
 18.83, 18.25
 18.73, 18.24
 18.64, 18.25
 18.61, 18.23
 18.54, 18.25
 18.52, 18.24
 18.52, 18.25
 18.57, 18.26
 18.61, 18.24
 18.69, 18.26
 18.78, 18.29
 18.90, 18.34
 19.03, 18.38
 19.20, 18.44
 19.36, 18.51
 19.58, 18.61
 19.81, 18.71
 20.03, 18.85
 20.32, 18.98
 20.60, 19.10
 20.90, 19.25
 21.19, 19.35
 21.45, 19.44
 21.71, 19.53
 21.86, 19.61
 22.02, 19.68
 22.08, 19.71
 22.06, 19.77
 22.04, 19.79
 21.90, 19.81
 21.72, 19.83
 21.47, 19.85
 21.21, 19.83
 20.92, 19.80
 20.63, 19.78
 20.32, 19.74
 20.03, 19.72
 19.73, 19.68
 19.46, 19.62
 19.23, 19.60
 19.00, 19.52
 18.84, 19.51
 18.65, 19.45
 18.53, 19.41
 18.42, 19.35
 18.35, 19.29
 18.27, 19.20
 18.27, 19.11
 18.27, 19.00
 18.30, 18.87
 18.36, 18.74
 18.49, 18.64
 18.63, 18.49
 18.83, 18.35
 19.02, 18.22
 19.25, 18.08
 19.49, 17.94
 19.78, 17.81
 20.09, 17.68
 20.40, 17.54
 20.77, 17.43
 21.13, 17.34
 21.56, 17.26
 21.96, 17.17
 22.38, 17.10
 22.85, 17.05
 23.25, 16.99
 23.65, 16.94
 24.01, 16.92
 24.30, 16.93
 24.50, 16.98
 24.58, 17.07
 24.51, 17.20
 24.34, 17.44
 24.07, 17.69
 23.78, 17.99
 23.50, 18.27
 23.25, 18.50
 22.99, 18.64
 22.73, 18.63
 22.47, 18.55
 22.19, 18.41
 21.91, 18.22
 21.61, 18.02
 21.32, 17.82
 21.02, 17.58
 20.74, 17.40
 20.46, 17.20
 20.15, 17.02
 19.90, 16.87
 19.64, 16.71
 19.42, 16.55
 19.23, 16.44
 19.04, 16.29
 18.93, 16.17
 18.77, 16.07
 18.69, 15.97
 18.60, 15.87
 18.51, 15.75
 18.49, 15.64
 18.48, 15.57
 18.50, 15.46
 18.55, 15.40
 18.62, 15.35
 18.71, 15.27
 18.84, 15.25
 18.96, 15.23
 19.17, 15.23
 19.37, 15.25
 19.60, 15.28
 19.89, 15.36
 20.16, 15.43
 20.49, 15.57
 20.81, 15.71
 21.13, 15.88
 21.46, 16.04
 21.74, 16.21
 22.02, 16.35
 22.22, 16.48
 22.37, 16.60
 22.47, 16.72
 22.49, 16.78
 22.44, 16.88
 22.35, 16.94
 22.18, 16.98
 21.98, 17.02
 21.75, 17.08
 21.52, 17.10
 21.27, 17.12
 21.01, 17.14
 20.77, 17.18
 20.55, 17.20
 20.34, 17.22
 20.16, 17.27
 20.01, 17.30
 19.87, 17.30
 19.77, 17.31
 19.69, 17.32
 19.64, 17.31
 19.63, 17.28
 19.65, 17.23
 19.70, 17.18
 19.81, 17.14
 19.95, 17.07
 20.11, 17.00
 20.32, 16.90
 20.52, 16.80
 20.76, 16.69
 21.05, 16.61
 21.34, 16.53
 21.68, 16.44
 21.99, 16.37
 22.32, 16.31
 22.62, 16.26
 22.90, 16.23
 23.18, 16.18
 23.41, 16.17
 23.62, 16.17
 23.77, 16.17
 23.87, 16.20
 23.90, 16.27
 23.84, 16.36
 23.70, 16.49
 23.45, 16.66
 23.18, 16.85
 22.84, 17.07
 22.49, 17.23
 22.18, 17.43
 21.84, 17.52
 21.54, 17.53
 21.24, 17.47
 20.97, 17.37
 20.70, 17.22
 20.46, 17.05
 20.23, 16.89
 20.01, 16.73
 19.79, 16.59
 19.59, 16.44
 19.40, 16.31
 19.26, 16.20
 19.11, 16.08
 18.99, 16.01
 18.87, 15.92
 18.78, 15.84
 18.71, 15.78
 18.62, 15.72
 18.59, 15.66
 18.54, 15.62
 18.51, 15.57
 18.48, 15.54
 18.47, 15.50
 18.47, 15.49
 18.49, 15.48
 18.49, 15.46
 18.52, 15.47
 18.58, 15.52
 18.64, 15.57
 18.74, 15.64
 18.83, 15.71
 18.95, 15.83
 19.07, 15.98
 19.21, 16.11
 19.36, 16.28
 19.48, 16.46
 19.61, 16.63
 19.74, 16.83
 19.82, 17.00
 19.90, 17.19
 19.96, 17.37
 19.96, 17.54
 19.92, 17.69
 19.82, 17.86
 19.69, 17.98
 19.51, 18.10
 19.32, 18.17
 19.07, 18.24
 18.81, 18.28
 18.52, 18.29
 18.21, 18.26
 17.90, 18.25
 17.60, 18.20
 17.34, 18.13
 17.09, 18.06
 16.87, 17.98
 16.67, 17.89
 16.50, 17.81
 16.36, 17.73
 16.24, 17.66
 16.18, 17.58
 16.14, 17.47
 16.12, 17.39
 16.13, 17.34
 16.18, 17.24
 16.27, 17.13
 16.37, 17.06
 16.52, 16.95
 16.68, 16.86
 16.88, 16.75
 17.11, 16.69
 17.36, 16.60
 17.63, 16.51
 17.93, 16.41
 18.26, 16.35
 18.60, 16.27
 18.98, 16.21
 19.43, 16.15
 19.87, 16.12
 20.38, 16.08
 20.89, 16.03
 21.43, 16.02
 22.01, 16.02
 22.54, 16.02
 23.11, 16.04
 23.64, 16.07
 24.15, 16.10
 24.64, 16.17
 25.03, 16.24
 25.40, 16.31
 25.66, 16.44
 25.79, 16.55
 25.82, 16.73
 25.75, 16.91
 25.60, 17.14
 25.43, 17.36
 25.23, 17.56
 25.02, 17.74
 24.83, 17.81
 24.61, 17.81
 24.39, 17.75
 24.13, 17.69
 23.84, 17.60
 23.54, 17.51
 23.20, 17.40
 22.87, 17.28
 22.49, 17.18
 22.11, 17.07
 21.73, 16.97
 21.32, 16.88
 20.97, 16.79
 20.61, 16.69
 20.25, 16.59
 19.93, 16.50
 19.66, 16.42
 19.37, 16.30
 19.12, 16.23
 18.87, 16.13
 18.67, 16.07
 18.47, 15.98
 18.29, 15.90
 18.14, 15.84
 18.00, 15.81
 17.89, 15.77
 17.81, 15.75
 17.75, 15.73
 17.71, 15.71
 17.69, 15.73
 17.69, 15.77
 17.74, 15.82
 17.83, 15.87
 17.94, 15.97
 18.07, 16.07
 18.22, 16.18
 18.40, 16.33
 18.61, 16.49
 18.84, 16.66
 19.10, 16.86
 19.36, 17.04
 19.63, 17.26
 19.91, 17.45
 20.13, 17.64
 20.34, 17.83
 20.50, 17.99
 20.60, 18.15
 20.66, 18.28
 20.66, 18.39
 20.62, 18.52
 20.52, 18.60
 20.40, 18.68
 20.24, 18.71
 20.04, 18.76
 19.83, 18.77
 19.65, 18.77
 19.44, 18.77
 19.26, 18.77
 19.11, 18.77
 18.94, 18.75
 18.83, 18.75
 18.72, 18.72
 18.63, 18.68
 18.55, 18.68
 18.52, 18.64
 18.51, 18.61
 18.52, 18.57
 18.56, 18.48
 18.62, 18.42
 18.74, 18.36
 18.90, 18.28
 19.08, 18.18
 19.30, 18.08
 19.54, 18.00
 19.79, 17.88
 20.10, 17.79
 20.42, 17.67
 20.77, 17.57
 21.16, 17.47
 21.60, 17.32
 22.03, 17.27
 22.50, 17.18
 22.96, 17.10
 23.41, 17.04
 23.86, 16.98
 24.29, 16.96
 24.67, 16.92
 24.98, 16.93
 25.19, 16.94
 25.32, 17.04
 25.30, 17.14
 25.13, 17.33
 24.84, 17.56
 24.48, 17.85
 24.05, 18.15
 23.63, 18.42
 23.18, 18.70
 22.81, 18.90
 22.45, 18.99
 22.10, 18.98
 21.78, 18.93
 21.47, 18.82
 21.19, 18.67
 20.91, 18.55
 20.64, 18.43
 20.36, 18.29
 20.11, 18.21
 19.86, 18.13
 19.62, 18.05
 19.41, 17.99
 19.21, 17.93
 19.03, 17.87
 18.88, 17.82
 18.74, 17.80
 18.63, 17.76
 18.55, 17.74
 18.46, 17.70
 18.42, 17.66
 18.38, 17.63
 18.37, 17.62
 18.38, 17.58
 18.39, 17.57
 18.44, 17.54
 18.52, 17.53
 18.63, 17.52
 18.77, 17.54
 18.93, 17.56
 19.14, 17.57
 19.35, 17.64
 19.57, 17.73
 19.79, 17.82
 20.07, 17.93
 20.35, 18.06
 20.60, 18.19
 20.86, 18.32
 21.08, 18.43
 21.26, 18.52
 21.38, 18.59
 21.43, 18.63
 21.42, 18.68
 21.37, 18.69
 21.21, 18.69
 21.04, 18.69
 20.82, 18.69
 20.55, 18.65
 20.32, 18.65
 20.07, 18.63
 19.84, 18.60
 19.61, 18.56
 19.41, 18.55
 19.23, 18.52
 19.06, 18.48
 18.89, 18.44
 18.78, 18.43
 18.66, 18.38
 18.60, 18.33
 18.55, 18.29
 18.53, 18.21
 18.53, 18.17
 18.55, 18.07
 18.61, 17.99
 18.71, 17.90
 18.82, 17.80
 18.95, 17.71
 19.16, 17.60
 19.37, 17.50
 19.60, 17.41
 19.83, 17.28
 20.11, 17.19
 20.44, 17.06
 20.77, 16.95
 21.14, 16.84
 21.53, 16.73
 21.98, 16.64
 22.46, 16.55
 22.93, 16.47
 23.46, 16.43
 23.95, 16.35
 24.48, 16.34
 25.03, 16.31
 25.51, 16.28
 26.02, 16.29
 26.45, 16.30
 26.81, 16.36
 27.09, 16.44
 27.23, 16.55
 27.27, 16.73
 27.19, 16.93
 27.04, 17.16
 26.84, 17.42
 26.65, 17.61
 26.44, 17.81
 26.23, 17.94
 26.01, 17.95
 25.76, 17.93
 25.47, 17.86
 25.15, 17.83
 24.83, 17.75
 24.50, 17.67
 24.13, 17.61
 23.75, 17.53
 23.35, 17.45
 22.97, 17.40
 22.58, 17.31
 22.20, 17.25
 21.86, 17.20
 21.52, 17.11
 21.19, 17.04
 20.89, 16.98
 20.61, 16.92
 20.36, 16.87
 20.12, 16.82
 19.90, 16.76
 19.70, 16.73
 19.50, 16.70
 19.36, 16.68
 19.21, 16.65
 19.08, 16.62
 18.99, 16.60
 18.92, 16.58
 18.88, 16.57
 18.84, 16.56
 18.86, 16.57
 18.89, 16.60
 18.94, 16.64
 19.01, 16.67
 19.14, 16.73
 19.24, 16.77
 19.39, 16.85
 19.59, 16.94
 19.75, 17.04
 19.97, 17.14
 20.23, 17.27
 20.50, 17.40
 20.79, 17.54
 21.10, 17.66
 21.40, 17.80
 21.69, 17.92
 21.93, 18.06
 22.13, 18.16
 22.29, 18.23
 22.41, 18.31
 22.46, 18.40
 22.45, 18.50
 22.38, 18.59
 22.29, 18.63
 22.17, 18.69
 22.03, 18.74
 21.85, 18.76
 21.64, 18.77
 21.44, 18.77
 21.22, 18.78
 21.02, 18.77
 20.82, 18.75
 20.60, 18.77
 20.44, 18.76
 20.27, 18.74
 20.12, 18.72
 20.01, 18.70
 19.92, 18.67
 19.87, 18.62
 19.82, 18.58
 19.84, 18.50
 19.90, 18.43
 19.98, 18.35
 20.11, 18.26
 20.29, 18.17
 20.46, 18.02
 20.71, 17.91
 20.98, 17.77
 21.29, 17.66
 21.65, 17.55
 22.05, 17.46
 22.42, 17.36
 22.84, 17.29
 23.23, 17.22
 23.66, 17.17
 24.08, 17.15
 24.47, 17.11
 24.85, 17.10
 25.14, 17.09
 25.41, 17.12
 25.57, 17.17
 25.61, 17.27
 25.55, 17.40
 25.36, 17.58
 25.09, 17.79
 24.78, 18.01
 24.46, 18.23
 24.14, 18.42
 23.83, 18.59
 23.52, 18.62
 23.22, 18.63
 22.92, 18.58
 22.62, 18.48
 22.32, 18.34
 22.01, 18.22
 21.70, 18.09
 21.41, 17.97
 21.12, 17.87
 20.87, 17.79
 20.60, 17.71
 20.37, 17.62
 20.16, 17.58
 19.97, 17.52
 19.80, 17.49
 19.65, 17.45
 19.51, 17.42
 19.42, 17.41
 19.33, 17.37
 19.26, 17.35
 19.24, 17.33
 19.22, 17.32
 19.25, 17.32
 19.27, 17.29
 19.34, 17.29
 19.45, 17.30
 19.57, 17.29
 19.72, 17.32
 19.92, 17.35
 20.12, 17.40
 20.40, 17.47
 20.68, 17.56
 21.00, 17.67
 21.36, 17.82
 21.72, 17.96
 22.10, 18.13
 22.47, 18.29
 22.82, 18.48
 23.13, 18.61
 23.39, 18.72
 23.58, 18.85
 23.70, 18.93
 23.75, 19.02
 23.72, 19.08
 23.62, 19.14
 23.45, 19.18
 23.26, 19.17
 23.03, 19.18
 22.77, 19.16
 22.49, 19.15
 22.21, 19.09
 21.95, 19.04
 21.70, 18.97
 21.44, 18.93
 21.22, 18.85
 21.02, 18.79
 20.85, 18.71
 20.68, 18.63
 20.55, 18.56
 20.45, 18.46
 20.37, 18.35
 20.34, 18.24
 20.36, 18.13
 20.41, 18.02
 20.51, 17.92
 20.65, 17.79
 20.83, 17.70
 21.01, 17.59
 21.25, 17.49
 21.47, 17.39
 21.77, 17.31
 22.07, 17.22
 22.40, 17.17
 22.75, 17.12
 23.09, 17.09
 23.43, 17.06
 23.75, 17.06
 24.05, 17.08
 24.34, 17.11
 24.53, 17.14
 24.69, 17.21
 24.73, 17.32
 24.69, 17.44
 24.56, 17.62
 24.32, 17.79
 24.02, 18.01
 23.69, 18.23
 23.33, 18.45
 22.99, 18.66
 22.72, 18.82
 22.42, 18.87
 22.17, 18.84
 21.93, 18.81
 21.71, 18.67
 21.52, 18.58
 21.34, 18.44
 21.14, 18.34
 20.94, 18.24
 20.77, 18.15
 20.62, 18.07
 20.47, 18.00
 20.34, 17.93
 20.24, 17.89
 20.13, 17.85
 20.04, 17.80
 19.99, 17.75
 19.94, 17.74
 19.90, 17.70
 19.89, 17.67
 19.89, 17.64
 19.90, 17.61
 19.94, 17.59
 20.03, 17.56
 20.12, 17.53
 20.23, 17.51
 20.39, 17.51
 20.56, 17.51
 20.77, 17.50
 21.03, 17.51
 21.28, 17.52
 21.58, 17.55
 21.89, 17.61
 22.24, 17.66
 22.61, 17.75
 22.97, 17.83
 23.37, 17.94
 23.78, 18.01
 24.17, 18.09
 24.54, 18.18
 24.86, 18.26
 25.13, 18.34
 25.32, 18.40
 25.47, 18.45
 25.52, 18.52
 25.50, 18.55
 25.38, 18.56
 25.18, 18.57
 24.91, 18.57
 24.59, 18.56
 24.22, 18.53
 23.82, 18.49
 23.45, 18.49
 23.07, 18.45
 22.68, 18.40
 22.32, 18.36
 21.98, 18.30
 21.67, 18.27
 21.41, 18.21
 21.17, 18.16
 20.94, 18.10
 20.76, 18.04
 20.63, 17.94
 20.52, 17.85
 20.43, 17.74
 20.42, 17.63
 20.42, 17.52
 20.47, 17.40
 20.56, 17.31
 20.67, 17.17
 20.82, 17.06
 20.98, 16.91
 21.19, 16.80
 21.43, 16.69
 21.72, 16.59
 22.02, 16.50
 22.37, 16.40
 22.75, 16.32
 23.12, 16.24
 23.51, 16.17
 23.91, 16.09
 24.29, 16.06
 24.68, 16.05
 25.04, 16.05
 25.37, 16.06
 25.64, 16.08
 25.87, 16.12
 25.99, 16.22
 25.99, 16.33
 25.87, 16.49
 25.68, 16.69
 25.39, 16.92
 25.09, 17.13
 24.78, 17.35
 24.47, 17.52
 24.18, 17.60
 23.87, 17.59
 23.59, 17.53
 23.31, 17.41
 22.99, 17.24
 22.74, 17.11
 22.46, 16.96
 22.19, 16.79
 21.92, 16.65
 21.66, 16.56
 21.42, 16.45
 21.20, 16.33
 21.02, 16.23
 20.84, 16.14
 20.68, 16.07
 20.54, 16.01
 20.42, 15.92
 20.34, 15.89
 20.24, 15.82
 20.19, 15.79
 20.18, 15.74
 20.16, 15.69
 20.16, 15.66
 20.20, 15.63
 20.26, 15.63
 20.35, 15.63
 20.47, 15.63
 20.58, 15.65
 20.77, 15.69
 20.98, 15.74
 21.20, 15.78
 21.47, 15.88
 21.76, 15.97
 22.08, 16.11
 22.42, 16.24
 22.76, 16.44
 23.12, 16.61
 23.47, 16.78
 23.77, 16.96
 24.05, 17.10
 24.24, 17.25
 24.39, 17.35
 24.45, 17.46
 24.45, 17.55
 24.37, 17.61
 24.27, 17.66
 24.07, 17.70
 23.85, 17.72
 23.58, 17.72
 23.31, 17.68
 23.02, 17.66
 22.75, 17.62
 22.48, 17.55
 22.22, 17.52
 21.97, 17.44
 21.76, 17.36
 21.57, 17.31
 21.41, 17.21
 21.25, 17.14
 21.15, 17.04
 21.08, 16.94
 21.03, 16.83
 21.05, 16.71
 21.09, 16.60
 21.20, 16.50
 21.29, 16.39
 21.46, 16.30
 21.61, 16.22
 21.81, 16.11
 22.06, 16.03
 22.31, 15.98
 22.60, 15.95
 22.90, 15.91
 23.22, 15.88
 23.58, 15.87
 23.93, 15.90
 24.26, 15.94
 24.57, 15.98
 24.84, 16.06
 25.09, 16.16
 25.26, 16.27
 25.37, 16.40
 25.44, 16.55
 25.38, 16.73
 25.26, 16.93
 25.10, 17.12
 24.81, 17.34
 24.58, 17.54
 24.27, 17.76
 23.94, 17.95
 23.68, 18.05
 23.40, 18.07
 23.12, 18.06
 22.87, 17.97
 22.58, 17.87
 22.33, 17.77
 22.07, 17.64
 21.82, 17.51
 21.57, 17.41
 21.32, 17.29
 21.10, 17.20
 20.89, 17.10
 20.70, 17.00
 20.51, 16.91
 20.35, 16.85
 20.21, 16.78
 20.10, 16.74
 19.97, 16.67
 19.88, 16.65
 19.79, 16.59
 19.73, 16.55
 19.69, 16.50
 19.68, 16.47
 19.68, 16.45
 19.71, 16.41
 19.78, 16.38
 19.89, 16.36
 20.00, 16.35
 20.14, 16.37
 20.34, 16.39
 20.54, 16.43
 20.82, 16.49
 21.09, 16.55
 21.42, 16.65
 21.77, 16.76
 22.13, 16.88
 22.54, 17.01
 22.93, 17.18
 23.34, 17.32
 23.73, 17.47
 24.06, 17.60
 24.35, 17.74
 24.55, 17.83
 24.66, 17.93
 24.70, 18.02
 24.68, 18.11
 24.58, 18.18
 24.42, 18.23
 24.22, 18.26
 23.97, 18.29
 23.70, 18.27
 23.40, 18.26
 23.13, 18.24
 22.85, 18.18
 22.59, 18.12
 22.33, 18.07
 22.08, 18.00
 21.88, 17.91
 21.68, 17.84
 21.52, 17.74
 21.40, 17.62
 21.29, 17.50
 21.22, 17.37
 21.20, 17.24
 21.20, 17.12
 21.29, 17.01
 21.40, 16.91
 21.53, 16.83
 21.68, 16.76
 21.85, 16.68
 22.03, 16.63
 22.25, 16.61
 22.49, 16.57
 22.74, 16.57
 23.00, 16.58
 23.29, 16.61
 23.62, 16.66
 23.89, 16.72
 24.18, 16.81
 24.46, 16.91
 24.68, 17.02
 24.84, 17.14
 24.97, 17.28
 25.01, 17.45
 24.98, 17.64
 24.88, 17.83
 24.70, 18.02
 24.50, 18.22
 24.27, 18.40
 23.97, 18.60
 23.72, 18.71
 23.39, 18.76
 23.12, 18.75
 22.79, 18.71
 22.48, 18.61
 22.18, 18.50
 21.87, 18.38
 21.57, 18.23
 21.32, 18.10
 21.04, 17.97
 20.79, 17.85
 20.55, 17.73
 20.33, 17.59
 20.12, 17.49
 19.94, 17.37
 19.79, 17.29
 19.62, 17.20
 19.48, 17.14
 19.36, 17.08
 19.25, 17.03
 19.16, 16.98
 19.08, 16.94
 19.03, 16.91
 18.98, 16.88
 18.95, 16.87
 18.96, 16.85
 18.98, 16.83
 19.02, 16.80
 19.09, 16.81
 19.17, 16.80
 19.27, 16.84
 19.44, 16.88
 19.59, 16.94
 19.78, 17.02
 20.00, 17.11
 20.24, 17.25
 20.52, 17.40
 20.77, 17.56
 21.07, 17.73
 21.32, 17.90
 21.58, 18.04
 21.81, 18.17
 21.95, 18.29
 22.06, 18.38
 22.12, 18.47
 22.10, 18.52
 22.05, 18.61
 21.95, 18.63
 21.78, 18.67
 21.61, 18.69
 21.42, 18.68
 21.21, 18.68
 20.99, 18.65
 20.79, 18.62
 20.60, 18.56
 20.39, 18.53
 20.20, 18.47
 20.01, 18.42
 19.86, 18.36
 19.69, 18.29
 19.59, 18.23
 19.49, 18.15
 19.43, 18.05
 19.40, 17.98
 19.42, 17.90
 19.48, 17.82
 19.55, 17.75
 19.63, 17.66
 19.75, 17.58
 19.92, 17.51
 20.07, 17.43
 20.30, 17.34
 20.56, 17.30
 20.84, 17.22
 21.14, 17.18
 21.44, 17.13
 21.75, 17.10
 22.04, 17.08
 22.31, 17.08
 22.59, 17.09
 22.84, 17.13
 23.05, 17.16
 23.19, 17.23
 23.31, 17.32
 23.37, 17.38
 23.35, 17.48
 23.27, 17.62
 23.11, 17.74
 22.91, 17.88
 22.65, 18.00
 22.42, 18.09
 22.15, 18.15
 21.91, 18.16
 21.64, 18.10
 21.38, 18.01
 21.15, 17.89
 20.93, 17.76
 20.71, 17.62
 20.51, 17.49
 20.31, 17.36
 20.14, 17.26
 19.96, 17.16
 19.82, 17.06
 19.70, 17.00
 19.58, 16.93
 19.49, 16.89
 19.42, 16.86
 19.36, 16.80
 19.31, 16.79
 19.27, 16.77
 19.26, 16.75
 19.26, 16.71
 19.30, 16.70
 19.36, 16.69
 19.44, 16.67
 19.55, 16.66
 19.65, 16.66
 19.78, 16.66
 19.92, 16.66
 20.11, 16.68
 20.32, 16.75
 20.51, 16.80
 20.75, 16.88
 20.99, 16.97
 21.28, 17.10
 21.54, 17.27
 21.84, 17.43
 22.08, 17.60
 22.35, 17.75
 22.56, 17.93
 22.72, 18.05
 22.83, 18.17
 22.89, 18.26
 22.87, 18.32
 22.81, 18.39
 22.69, 18.47
 22.50, 18.51
 22.32, 18.54
 22.08, 18.59
 21.85, 18.60
 21.62, 18.61
 21.37, 18.62
 21.12, 18.63
 20.88, 18.62
 20.65, 18.64
 20.44, 18.64
 20.22, 18.63
 20.01, 18.63
 19.83, 18.62
 19.71, 18.60
 19.58, 18.54
 19.50, 18.49
 19.47, 18.42
 19.45, 18.37
 19.48, 18.26
 19.55, 18.19
 19.66, 18.09
 19.77, 17.99
 19.95, 17.88
 20.14, 17.77
 20.39, 17.66
 20.67, 17.54
 20.96, 17.46
 21.25, 17.34
 21.57, 17.26
 21.86, 17.17
 22.19, 17.11
 22.50, 17.09
 22.83, 17.07
 23.15, 17.05
 23.45, 17.04
 23.72, 17.05
 23.95, 17.10
 24.13, 17.15
 24.20, 17.24
 24.22, 17.39
 24.13, 17.56
 23.96, 17.76
 23.74, 17.98
 23.51, 18.19
 23.27, 18.39
 23.02, 18.57
 22.76, 18.69
 22.50, 18.80
 22.25, 18.82
 21.98, 18.81
 21.71, 18.77
 21.47, 18.73
 21.24, 18.68
 20.99, 18.62
 20.75, 18.59
 20.53, 18.52
 20.36, 18.47
 20.15, 18.43
 20.00, 18.39
 19.88, 18.35
 19.76, 18.30
 19.69, 18.24
 19.62, 18.20
 19.60, 18.14
 19.59, 18.08
 19.61, 18.03
 19.68, 17.98
 19.75, 17.91
 19.87, 17.83
 20.01, 17.77
 20.19, 17.69
 20.39, 17.60
 20.65, 17.53
 20.91, 17.44
 21.23, 17.37
 21.61, 17.31
 21.98, 17.23
 22.43, 17.17
 22.89, 17.10
 23.36, 17.09
 23.88, 17.05
 24.40, 17.03
 24.95, 17.03
 25.52, 17.06
 26.04, 17.08
 26.58, 17.10
 27.03, 17.12
 27.44, 17.15
 27.77, 17.17
 28.02, 17.24
 28.16, 17.30
 28.24, 17.36
 28.20, 17.37
 28.06, 17.41
 27.85, 17.45
 27.57, 17.47
 27.25, 17.48
 26.88, 17.50
 26.53, 17.48
 26.14, 17.47
 25.75, 17.45
 25.39, 17.42
 25.04, 17.36
 24.70, 17.31
 24.39, 17.26
 24.06, 17.18
 23.80, 17.09
 23.55, 17.02
 23.32, 16.92
 23.12, 16.82
 22.97, 16.71
 22.83, 16.61
 22.76, 16.51
 22.71, 16.42
 22.72, 16.34
 22.76, 16.27
 22.83, 16.19
 22.96, 16.13
 23.09, 16.06
 23.26, 16.01
 23.48, 15.98
 23.71, 15.98
 23.98, 15.97
 24.29, 15.97
 24.60, 16.03
 24.94, 16.06
 25.28, 16.14
 25.61, 16.23
 25.94, 16.35
 26.23, 16.47
 26.50, 16.63
 26.69, 16.76
 26.80, 16.98
 26.79, 17.19
 26.69, 17.44
 26.46, 17.73
 26.13, 18.05
 25.72, 18.38
 25.27, 18.75
 24.85, 19.08
 24.41, 19.43
 24.04, 19.66
 23.67, 19.74
 23.33, 19.72
 23.03, 19.64
 22.69, 19.49
 22.43, 19.31
 22.14, 19.14
 21.89, 18.95
 21.67, 18.80
 21.42, 18.62
 21.21, 18.46
 21.01, 18.30
 20.84, 18.18
 20.68, 18.06
 20.53, 17.95
 20.42, 17.83
 20.30, 17.74
 20.20, 17.66
 20.11, 17.60
 20.02, 17.53
 19.98, 17.47
 19.94, 17.43
 19.93, 17.39
 19.95, 17.35
 20.00, 17.33
 20.05, 17.30
 20.16, 17.31
 20.30, 17.31
 20.46, 17.37
 20.66, 17.43
 20.87, 17.51
 21.15, 17.62
 21.42, 17.72
 21.74, 17.86
 22.07, 18.05
 22.40, 18.20
 22.76, 18.40
 23.11, 18.60
 23.42, 18.80
 23.74, 18.99
 23.97, 19.16
 24.15, 19.33
 24.27, 19.49
 24.31, 19.64
 24.25, 19.79
 24.09, 19.92
 23.86, 20.02
 23.56, 20.11
 23.22, 20.16
 22.80, 20.22
 22.40, 20.23
 22.00, 20.25
 21.56, 20.26
 21.20, 20.24
 20.79, 20.24
 20.44, 20.22
 20.10, 20.18
 19.81, 20.16
 19.53, 20.15
 19.30, 20.10
 19.08, 20.08
 18.90, 20.06
 18.76, 19.99
 18.63, 19.95
 18.54, 19.88
 18.48, 19.82
 18.42, 19.73
 18.44, 19.64
 18.50, 19.55
 18.54, 19.47
 18.66, 19.35
 18.81, 19.27
 18.95, 19.18
 19.15, 19.10
 19.34, 18.99
 19.56, 18.88
 19.81, 18.82
 20.11, 18.71
 20.42, 18.61
 20.77, 18.52
 21.14, 18.46
 21.57, 18.40
 22.01, 18.36
 22.42, 18.32
 22.88, 18.28
 23.31, 18.28
 23.74, 18.29
 24.16, 18.29
 24.53, 18.33
 24.88, 18.37
 25.16, 18.43
 25.37, 18.51
 25.54, 18.62
 25.59, 18.75
 25.56, 18.91
 25.49, 19.09
 25.36, 19.29
 25.23, 19.47
 25.11, 19.61
 24.95, 19.72
 24.83, 19.77
 24.68, 19.71
 24.50, 19.68
 24.30, 19.57
 24.06, 19.48
 23.83, 19.38
 23.54, 19.29
 23.24, 19.19
 22.93, 19.12
 22.58, 19.02
 22.25, 18.92
 21.91, 18.82
 21.58, 18.71
 21.29, 18.60
 20.98, 18.48
 20.73, 18.36
 20.46, 18.23
 20.22, 18.10
 20.01, 17.98
 19.78, 17.89
 19.59, 17.79
 19.43, 17.73
 19.26, 17.63
 19.13, 17.60
 19.01, 17.54
 18.91, 17.54
 18.83, 17.54
 18.76, 17.54
 18.74, 17.56
 18.73, 17.58
 18.76, 17.63
 18.83, 17.68
 18.92, 17.75
 19.04, 17.82
 19.19, 17.92
 19.37, 18.02
 19.57, 18.16
 19.79, 18.29
 20.03, 18.45
 20.32, 18.62
 20.56, 18.82
 20.87, 19.02
 21.14, 19.21
 21.39, 19.39
 21.62, 19.57
 21.76, 19.71
 21.90, 19.89
 21.95, 20.01
 21.96, 20.13
 21.92, 20.23
 21.82, 20.31
 21.65, 20.36
 21.46, 20.41
 21.21, 20.44
 21.00, 20.44
 20.72, 20.45
 20.47, 20.44
 20.23, 20.38
 20.01, 20.35
 19.80, 20.27
 19.62, 20.19
 19.42, 20.14
 19.30, 20.07
 19.16, 19.99
 19.04, 19.90
 18.96, 19.79
 18.89, 19.70
 18.86, 19.56
 18.85, 19.46
 18.90, 19.33
 18.93, 19.16
 19.04, 19.01
 19.17, 18.88
 19.36, 18.74
 19.59, 18.59
 19.81, 18.45
 20.10, 18.29
 20.42, 18.14
 20.75, 17.98
 21.13, 17.83
 21.54, 17.73
 21.99, 17.60
 22.47, 17.50
 22.92, 17.41
 23.43, 17.35
 23.91, 17.31
 24.36, 17.29
 24.81, 17.32
 25.18, 17.36
 25.54, 17.42
 25.77, 17.51
 25.95, 17.63
 26.02, 17.79
 25.98, 17.97
 25.83, 18.19
 25.63, 18.41
 25.36, 18.64
 25.10, 18.85
 24.83, 19.04
 24.59, 19.15
 24.35, 19.18
 24.14, 19.14
 23.90, 19.05
 23.65, 18.93
 23.41, 18.82
 23.17, 18.65
 22.89, 18.51
 22.65, 18.37
 22.39, 18.21
 22.12, 18.06
 21.90, 17.95
 21.65, 17.80
 21.42, 17.65
 21.21, 17.54
 20.98, 17.41
 20.81, 17.31
 20.62, 17.19
 20.46, 17.11
 20.31, 16.99
 20.18, 16.91
 20.08, 16.86
 19.97, 16.77
 19.91, 16.71
 19.87, 16.66
 19.83, 16.63
 19.81, 16.59
 19.82, 16.58
 19.87, 16.59
 19.93, 16.61
 20.04, 16.63
 20.15, 16.69
 20.33, 16.78
 20.50, 16.86
 20.69, 16.97
 20.93, 17.08
 21.19, 17.22
 21.44, 17.40
 21.73, 17.53
 22.00, 17.73
 22.34, 17.89
 22.63, 18.06
 22.94, 18.27
 23.23, 18.46
 23.45, 18.64
 23.66, 18.83
 23.79, 19.01
 23.88, 19.17
 23.90, 19.33
 23.89, 19.45
 23.79, 19.59
 23.66, 19.70
 23.47, 19.79
 23.25, 19.88
 22.97, 19.93
 22.70, 19.99
 22.42, 20.02
 22.15, 20.04
 21.87, 20.06
 21.63, 20.07
 21.39, 20.09
 21.19, 20.11
 20.99, 20.13
 20.84, 20.13
 20.68, 20.14
 20.56, 20.12
 20.49, 20.09
 20.44, 20.09
 20.42, 20.03
 20.44, 19.98
 20.44, 19.89
 20.54, 19.81
 20.67, 19.74
 20.83, 19.65
 21.01, 19.55
 21.26, 19.46
 21.50, 19.33
 21.81, 19.22
 22.15, 19.10
 22.52, 19.00
 22.93, 18.89
 23.34, 18.81
 23.78, 18.73
 24.25, 18.67
 24.68, 18.61
 25.12, 18.58
 25.54, 18.56
 25.93, 18.54
 26.24, 18.55
 26.48, 18.61
 26.62, 18.70
 26.64, 18.84
 26.57, 19.02
 26.38, 19.25
 26.14, 19.50
 25.88, 19.74
 25.60, 19.98
 25.34, 20.14
 25.08, 20.23
 24.82, 20.24
 24.55, 20.22
 24.28, 20.13
 23.97, 20.02
 23.67, 19.91
 23.38, 19.80
 23.06, 19.68
 22.75, 19.57
 22.42, 19.47
 22.11, 19.37
 21.85, 19.28
 21.56, 19.21
 21.29, 19.15
 21.02, 19.08
 20.77, 19.02
 20.55, 18.98
 20.33, 18.90
 20.14, 18.86
 19.98, 18.81
 19.80, 18.75
 19.68, 18.71
 19.57, 18.65
 19.47, 18.64
 19.39, 18.60
 19.35, 18.58
 19.33, 18.58
 19.31, 18.57
 19.35, 18.58
 19.39, 18.58
 19.48, 18.61
 19.59, 18.65
 19.71, 18.71
 19.88, 18.79
 20.03, 18.88
 20.22, 18.99
 20.44, 19.12
 20.66, 19.23
 20.89, 19.35
 21.17, 19.47
 21.42, 19.59
 21.64, 19.70
 21.84, 19.80
 22.02, 19.88
 22.16, 19.96
 22.23, 20.03
 22.24, 20.08
 22.22, 20.12
 22.17, 20.15
 22.07, 20.18
 21.94, 20.21
 21.83, 20.21
 21.63, 20.23
 21.45, 20.21
 21.23, 20.19
 21.04, 20.17
 20.85, 20.13
 20.63, 20.10
 20.46, 20.08
 20.25, 20.06
 20.09, 20.05
 19.93, 20.01
 19.81, 19.99
 19.68, 19.94
 19.60, 19.90
 19.54, 19.85
 19.52, 19.77
 19.50, 19.68
 19.53, 19.59
 19.60, 19.49
 19.69, 19.39
 19.82, 19.29
 19.99, 19.16
 20.16, 19.03
 20.34, 18.86
 20.57, 18.70
 20.82, 18.57
 21.09, 18.40
 21.39, 18.27
 21.71, 18.17
 22.05, 18.04
 22.37, 17.94
 22.71, 17.83
 23.05, 17.75
 23.41, 17.66
 23.72, 17.57
 24.02, 17.54
 24.27, 17.50
 24.48, 17.49
 24.67, 17.51
 24.76, 17.55
 24.78, 17.61
 24.71, 17.70
 24.57, 17.81
 24.36, 17.96
 24.11, 18.13
 23.84, 18.28
 23.54, 18.41
 23.29, 18.54
 23.01, 18.61
 22.76, 18.65
 22.53, 18.63
 22.32, 18.61
 22.12, 18.52
 21.91, 18.41
 21.75, 18.31
 21.56, 18.20
 21.42, 18.09
 21.26, 17.98
 21.13, 17.89
 20.99, 17.79
 20.89, 17.73
 20.80, 17.64
 20.73, 17.54
 20.66, 17.52
 20.63, 17.46
 20.61, 17.41
 20.59, 17.36
 20.61, 17.34
 20.65, 17.32
 20.68, 17.28
 20.79, 17.26
 20.89, 17.26
 21.00, 17.24
 21.17, 17.24
 21.34, 17.25
 21.54, 17.26
 21.77, 17.30
 22.01, 17.34
 22.27, 17.41
 22.52, 17.47
 22.82, 17.55
 23.12, 17.67
 23.41, 17.79
 23.70, 17.95
 23.97, 18.08
 24.18, 18.22
 24.35, 18.38
 24.48, 18.48
 24.55, 18.61
