 41.76, 28.52
 42.14, 27.80
 42.49, 27.07
 42.76, 26.42
 43.05, 25.69
 43.24, 25.04
 43.37, 24.36
 43.49, 23.67
 43.56, 23.03
 43.57, 22.35
 43.54, 21.73
 43.46, 21.12
 43.32, 20.50
 43.14, 19.90
 42.91, 19.30
 42.65, 18.74
 42.33, 18.16
 41.99, 17.62
 41.64, 17.11
 41.25, 16.61
 40.88, 16.13
 40.53, 15.70
 40.16, 15.29
 39.85, 14.92
 39.54, 14.56
 39.29, 14.29
 39.09, 14.02
 38.94, 13.84
 38.87, 13.71
 38.87, 13.64
 38.94, 13.63
 39.09, 13.67
 39.29, 13.81
 39.51, 13.98
 39.82, 14.24
 40.11, 14.54
 40.46, 14.90
 40.80, 15.32
 41.13, 15.77
 41.48, 16.29
 41.80, 16.83
 42.13, 17.45
 42.45, 18.13
 42.74, 18.81
 43.01, 19.59
 43.24, 20.37
 43.45, 21.19
 43.62, 22.06
 43.73, 22.93
 43.82, 23.90
 43.86, 24.82
 43.83, 25.80
 43.77, 26.78
 43.66, 27.73
 43.46, 28.77
 43.24, 29.69
 42.94, 30.66
 42.58, 31.58
 42.19, 32.41
 41.71, 33.25
 41.26, 33.94
 40.73, 34.55
 40.20, 35.09
 39.67, 35.49
 39.13, 35.80
 38.69, 35.99
 38.25, 36.08
 37.87, 36.08
 37.55, 36.03
 37.29, 35.92
 37.17, 35.77
 37.07, 35.56
 37.14, 35.30
 37.27, 35.03
 37.51, 34.70
 37.80, 34.33
 38.13, 33.91
 38.54, 33.45
 38.94, 32.98
 39.40, 32.45
 39.82, 31.91
 40.28, 31.32
 40.72, 30.69
 41.13, 30.09
 41.54, 29.40
 41.90, 28.74
 42.25, 28.02
 42.57, 27.30
 42.85, 26.59
 43.08, 25.82
 43.28, 25.11
 43.41, 24.39
 43.52, 23.65
 43.57, 22.95
 43.55, 22.24
 43.51, 21.58
 43.40, 20.89
 43.24, 20.22
 43.06, 19.61
 42.80, 18.97
 42.50, 18.36
 42.19, 17.78
 41.82, 17.21
 41.45, 16.66
 41.04, 16.14
 40.65, 15.64
 40.27, 15.16
 39.91, 14.72
 39.61, 14.36
 39.36, 14.03
 39.19, 13.74
 39.11, 13.52
 39.09, 13.35
 39.14, 13.27
 39.31, 13.23
 39.53, 13.28
 39.83, 13.41
 40.18, 13.61
 40.58, 13.89
 41.03, 14.26
 41.48, 14.68
 41.95, 15.21
 42.43, 15.80
 42.87, 16.45
 43.31, 17.20
 43.71, 17.93
 44.08, 18.79
 44.43, 19.69
 44.71, 20.61
 44.96, 21.62
 45.13, 22.59
 45.27, 23.66
 45.32, 24.75
 45.33, 25.82
 45.28, 26.97
 45.17, 28.03
 44.95, 29.15
 44.66, 30.22
 44.33, 31.22
 43.90, 32.21
 43.45, 33.08
 42.91, 33.90
 42.36, 34.61
 41.81, 35.19
 41.16, 35.70
 40.57, 36.06
 39.97, 36.35
 39.38, 36.53
 38.81, 36.64
 38.29, 36.67
 37.88, 36.65
 37.45, 36.59
 37.16, 36.49
 36.97, 36.37
 36.88, 36.21
 36.96, 36.05
 37.11, 35.87
 37.37, 35.61
 37.71, 35.37
 38.07, 35.04
 38.47, 34.71
 38.90, 34.32
 39.35, 33.89
 39.78, 33.47
 40.29, 32.98
 40.75, 32.46
 41.25, 31.90
 41.73, 31.31
 42.18, 30.71
 42.64, 30.04
 43.04, 29.40
 43.42, 28.72
 43.76, 27.99
 44.05, 27.31
 44.33, 26.56
 44.51, 25.86
 44.68, 25.12
 44.77, 24.39
 44.84, 23.67
 44.84, 22.94
 44.77, 22.26
 44.66, 21.54
 44.52, 20.85
 44.32, 20.18
 44.06, 19.47
 43.77, 18.83
 43.43, 18.16
 43.04, 17.52
 42.65, 16.93
 42.19, 16.30
 41.72, 15.74
 41.24, 15.16
 40.73, 14.60
 40.26, 14.11
 39.77, 13.60
 39.36, 13.12
 39.00, 12.69
 38.71, 12.33
 38.51, 12.02
 38.38, 11.75
 38.33, 11.57
 38.37, 11.44
 38.48, 11.39
 38.68, 11.44
 38.94, 11.57
 39.28, 11.79
 39.69, 12.10
 40.15, 12.49
 40.60, 12.95
 41.11, 13.51
 41.58, 14.13
 42.07, 14.82
 42.53, 15.59
 42.95, 16.41
 43.38, 17.34
 43.74, 18.24
 44.10, 19.25
 44.41, 20.32
 44.65, 21.39
 44.87, 22.56
 45.02, 23.70
 45.12, 24.91
 45.14, 26.15
 45.13, 27.32
 45.01, 28.56
 44.87, 29.74
 44.60, 30.93
 44.26, 32.07
 43.87, 32.88
 43.44, 33.51
 43.12, 33.96
 42.83, 34.30
 42.58, 34.56
 42.29, 34.79
 41.97, 34.99
 41.65, 35.09
 41.33, 35.13
 41.07, 35.08
 40.88, 34.93
 40.79, 34.70
 40.75, 34.41
 40.77, 34.04
 40.85, 33.61
 40.97, 33.10
 41.17, 32.55
 41.39, 31.95
 41.65, 31.27
 41.93, 30.56
 42.21, 29.86
 42.50, 29.09
 42.77, 28.35
 43.08, 27.61
 43.38, 26.84
 43.65, 26.12
 43.94, 25.35
 44.20, 24.64
 44.44, 23.92
 44.69, 23.21
 44.88, 22.54
 45.05, 21.85
 45.20, 21.23
 45.31, 20.61
 45.38, 20.01
 45.44, 19.47
 45.44, 18.91
 45.43, 18.44
 45.36, 17.95
 45.29, 17.51
 45.17, 17.09
 45.02, 16.68
 44.85, 16.35
 44.63, 15.99
 44.40, 15.70
 44.16, 15.41
 43.85, 15.13
 43.60, 14.92
 43.30, 14.72
 43.04, 14.57
 42.80, 14.45
 42.60, 14.37
 42.44, 14.31
 42.35, 14.32
 42.28, 14.38
 42.30, 14.47
 42.39, 14.61
 42.53, 14.82
 42.73, 15.07
 42.97, 15.38
 43.30, 15.72
 43.65, 16.15
 44.04, 16.61
 44.41, 17.12
 44.81, 17.69
 45.16, 18.29
 45.52, 18.94
 45.82, 19.63
 46.09, 20.36
 46.34, 21.11
 46.52, 21.87
 46.67, 22.72
 46.75, 23.50
 46.79, 24.35
 46.79, 25.22
 46.72, 26.07
 46.60, 26.99
 46.44, 27.83
 46.19, 28.71
 45.88, 29.55
 45.51, 30.35
 45.03, 31.18
 44.55, 31.88
 43.97, 32.58
 43.34, 33.18
 42.71, 33.67
 42.04, 34.08
 41.40, 34.39
 40.76, 34.59
 40.14, 34.71
 39.62, 34.73
 39.11, 34.67
 38.71, 34.58
 38.42, 34.44
 38.26, 34.25
 38.21, 34.07
 38.26, 33.82
 38.41, 33.58
 38.66, 33.28
 39.01, 32.97
 39.37, 32.62
 39.83, 32.24
 40.27, 31.84
 40.78, 31.41
 41.27, 30.90
 41.76, 30.46
 42.27, 29.89
 42.74, 29.36
 43.22, 28.78
 43.69, 28.18
 44.11, 27.59
 44.52, 26.94
 44.87, 26.33
 45.20, 25.64
 45.48, 24.97
 45.70, 24.31
 45.90, 23.61
 46.02, 22.93
 46.09, 22.24
 46.12, 21.52
 46.09, 20.86
 46.01, 20.16
 45.87, 19.51
 45.69, 18.83
 45.45, 18.19
 45.17, 17.55
 44.82, 16.90
 44.46, 16.31
 44.04, 15.71
 43.57, 15.11
 43.10, 14.56
 42.56, 13.99
 42.06, 13.48
 41.50, 12.97
 40.99, 12.51
 40.50, 12.09
 40.01, 11.66
 39.62, 11.31
 39.28, 10.99
 39.05, 10.72
 38.89, 10.51
 38.83, 10.34
 38.90, 10.23
 39.03, 10.16
 39.29, 10.15
 39.61, 10.20
 40.05, 10.29
 40.48, 10.44
 40.98, 10.65
 41.51, 10.93
 42.04, 11.24
 42.59, 11.64
 43.09, 12.09
 43.59, 12.59
 44.07, 13.15
 44.51, 13.75
 44.95, 14.44
 45.34, 15.15
 45.68, 15.91
 46.00, 16.71
 46.28, 17.56
 46.49, 18.49
 46.64, 19.40
 46.75, 20.36
 46.79, 21.36
 46.79, 22.32
 46.74, 23.36
 46.61, 24.33
 46.42, 25.34
 46.18, 26.31
 45.87, 27.24
 45.51, 28.17
 45.14, 28.97
 44.70, 29.75
 44.25, 30.46
 43.82, 31.04
 43.37, 31.55
 42.93, 31.95
 42.50, 32.29
 42.10, 32.52
 41.75, 32.65
 41.43, 32.72
 41.20, 32.71
 41.02, 32.62
 40.92, 32.49
 40.88, 32.30
 40.92, 32.08
 41.02, 31.83
 41.20, 31.53
 41.42, 31.20
 41.68, 30.86
 42.02, 30.46
 42.36, 30.05
 42.71, 29.61
 43.08, 29.12
 43.43, 28.65
 43.79, 28.09
 44.12, 27.57
 44.44, 26.98
 44.74, 26.35
 45.00, 25.79
 45.23, 25.12
 45.42, 24.50
 45.56, 23.85
 45.67, 23.20
 45.71, 22.56
 45.74, 21.88
 45.71, 21.27
 45.62, 20.63
 45.50, 20.00
 45.32, 19.42
 45.08, 18.80
 44.82, 18.22
 44.49, 17.67
 44.14, 17.11
 43.73, 16.59
 43.30, 16.05
 42.83, 15.54
 42.32, 15.04
 41.80, 14.59
 41.28, 14.16
 40.72, 13.72
 40.24, 13.33
 39.74, 12.98
 39.28, 12.62
 38.92, 12.36
 38.59, 12.09
 38.35, 11.90
 38.19, 11.72
 38.11, 11.59
 38.14, 11.54
 38.20, 11.54
 38.38, 11.59
 38.60, 11.70
 38.90, 11.90
 39.21, 12.13
 39.58, 12.44
 39.95, 12.79
 40.31, 13.19
 40.70, 13.69
 41.04, 14.21
 41.37, 14.80
 41.66, 15.38
 41.94, 16.07
 42.20, 16.78
 42.43, 17.52
 42.66, 18.32
 42.83, 19.13
 42.97, 19.99
 43.09, 20.94
 43.17, 21.82
 43.20, 22.83
 43.23, 23.79
 43.18, 24.80
 43.11, 25.85
 42.97, 26.83
 42.79, 27.91
 42.58, 28.87
 42.27, 29.90
 41.94, 30.86
 41.60, 31.74
 41.18, 32.61
 40.79, 33.38
 40.34, 34.07
 39.90, 34.65
 39.48, 35.14
 39.06, 35.54
 38.71, 35.80
 38.36, 35.96
 38.09, 36.03
 37.88, 36.01
 37.71, 35.94
 37.62, 35.79
 37.62, 35.59
 37.73, 35.36
 37.86, 35.06
 38.08, 34.72
 38.37, 34.39
 38.70, 33.98
 39.07, 33.55
 39.45, 33.11
 39.88, 32.61
 40.30, 32.12
 40.72, 31.56
 41.15, 31.00
 41.54, 30.43
 41.95, 29.78
 42.33, 29.15
 42.67, 28.45
 43.00, 27.76
 43.28, 27.06
 43.52, 26.32
 43.73, 25.61
 43.88, 24.86
 44.01, 24.13
 44.10, 23.40
 44.12, 22.66
 44.12, 21.95
 44.08, 21.24
 43.97, 20.54
 43.82, 19.88
 43.61, 19.19
 43.37, 18.55
 43.09, 17.90
 42.76, 17.29
 42.40, 16.71
 42.00, 16.12
 41.58, 15.57
 41.13, 15.04
 40.66, 14.52
 40.23, 14.08
 39.80, 13.63
 39.40, 13.22
 39.04, 12.85
 38.76, 12.52
 38.55, 12.24
 38.40, 12.02
 38.35, 11.85
 38.37, 11.74
 38.45, 11.68
 38.60, 11.68
 38.86, 11.73
 39.17, 11.84
 39.53, 12.03
 39.94, 12.28
 40.37, 12.58
 40.82, 12.96
 41.23, 13.38
 41.67, 13.86
 42.10, 14.41
 42.49, 14.98
 42.88, 15.64
 43.24, 16.30
 43.59, 17.04
 43.90, 17.81
 44.17, 18.60
 44.43, 19.48
 44.63, 20.34
 44.81, 21.33
 44.95, 22.31
 45.03, 23.29
 45.07, 24.37
 45.06, 25.39
 44.96, 26.47
 44.82, 27.58
 44.60, 28.58
 44.31, 29.67
 43.99, 30.62
 43.59, 31.59
 43.13, 32.48
 42.65, 33.26
 42.11, 33.98
 41.58, 34.55
 40.97, 35.05
 40.41, 35.40
 39.86, 35.61
 39.31, 35.79
 38.81, 35.81
 38.37, 35.81
 37.99, 35.79
 37.72, 35.69
 37.53, 35.58
 37.45, 35.45
 37.47, 35.27
 37.61, 35.06
 37.83, 34.85
 38.13, 34.58
 38.48, 34.29
 38.89, 33.95
 39.34, 33.57
 39.78, 33.18
 40.27, 32.72
 40.73, 32.27
 41.22, 31.74
 41.68, 31.21
 42.15, 30.67
 42.63, 30.05
 43.07, 29.43
 43.49, 28.79
 43.91, 28.12
 44.26, 27.47
 44.59, 26.77
 44.90, 26.10
 45.14, 25.40
 45.37, 24.71
 45.55, 24.03
 45.68, 23.33
 45.77, 22.68
 45.82, 22.00
 45.83, 21.33
 45.78, 20.70
 45.71, 20.04
 45.60, 19.44
 45.43, 18.81
 45.23, 18.22
 44.99, 17.66
 44.71, 17.04
 44.40, 16.51
 44.04, 15.97
 43.66, 15.43
 43.26, 14.94
 42.81, 14.43
 42.37, 13.97
 41.90, 13.52
 41.43, 13.08
 40.98, 12.68
 40.54, 12.29
 40.15, 11.96
 39.81, 11.65
 39.54, 11.37
 39.33, 11.16
 39.20, 10.94
 39.15, 10.84
 39.14, 10.73
 39.24, 10.70
 39.42, 10.73
 39.70, 10.83
 40.03, 10.98
 40.41, 11.22
 40.84, 11.51
 41.29, 11.89
 41.78, 12.33
 42.22, 12.83
 42.67, 13.38
 43.10, 14.01
 43.50, 14.69
 43.89, 15.44
 44.24, 16.19
 44.58, 17.01
 44.86, 17.85
 45.12, 18.73
 45.33, 19.70
 45.51, 20.64
 45.65, 21.69
 45.72, 22.75
 45.78, 23.78
 45.77, 24.94
 45.70, 26.02
 45.53, 27.18
 45.30, 28.30
 45.00, 29.37
 44.61, 30.50
 44.16, 31.48
 43.62, 32.46
 43.02, 33.37
 42.39, 34.14
 41.73, 34.82
 41.05, 35.35
 40.33, 35.80
 39.63, 36.12
 38.94, 36.34
 38.26, 36.47
 37.66, 36.53
 37.08, 36.55
 36.57, 36.51
 36.18, 36.47
 35.88, 36.41
 35.73, 36.32
 35.65, 36.23
 35.72, 36.08
 35.87, 35.91
 36.12, 35.69
 36.42, 35.42
 36.81, 35.11
 37.24, 34.73
 37.69, 34.34
 38.17, 33.85
 38.64, 33.41
 39.14, 32.87
 39.62, 32.30
 40.09, 31.73
 40.56, 31.07
 40.98, 30.43
 41.42, 29.74
 41.80, 29.04
 42.15, 28.35
 42.48, 27.60
 42.75, 26.89
 42.97, 26.14
 43.18, 25.42
 43.30, 24.72
 43.42, 23.97
 43.47, 23.27
 43.49, 22.55
 43.47, 21.84
 43.39, 21.17
 43.27, 20.46
 43.12, 19.80
 42.91, 19.11
 42.64, 18.43
 42.34, 17.78
 42.01, 17.13
 41.62, 16.49
 41.21, 15.85
 40.75, 15.25
 40.29, 14.68
 39.81, 14.11
 39.35, 13.61
 38.91, 13.12
 38.50, 12.66
 38.17, 12.27
 37.87, 11.94
 37.67, 11.67
 37.55, 11.43
 37.50, 11.29
 37.54, 11.20
 37.71, 11.16
 37.94, 11.25
 38.23, 11.36
 38.61, 11.54
 38.99, 11.81
 39.42, 12.15
 39.84, 12.55
 40.28, 13.06
 40.68, 13.60
 41.05, 14.20
 41.46, 14.93
 41.79, 15.64
 42.12, 16.47
 42.42, 17.34
 42.66, 18.24
 42.89, 19.25
 43.06, 20.23
 43.20, 21.33
 43.28, 22.41
 43.33, 23.54
 43.29, 24.73
 43.22, 25.87
 43.04, 27.09
 42.85, 28.28
 42.58, 29.38
 42.23, 30.59
 41.85, 31.63
 41.39, 32.65
 40.92, 33.60
 40.41, 34.46
 39.86, 35.23
 39.33, 35.84
 38.80, 36.37
 38.29, 36.74
 37.83, 37.00
 37.36, 37.13
 37.00, 37.15
 36.63, 37.10
 36.34, 36.97
 36.12, 36.80
 36.01, 36.55
 35.99, 36.30
 36.02, 35.99
 36.19, 35.65
 36.43, 35.29
 36.75, 34.87
 37.10, 34.44
 37.53, 33.95
 37.99, 33.43
 38.42, 32.88
 38.90, 32.29
 39.33, 31.68
 39.79, 31.02
 40.22, 30.35
 40.61, 29.68
 41.02, 28.90
 41.35, 28.18
 41.68, 27.40
 41.97, 26.62
 42.21, 25.85
 42.41, 25.02
 42.55, 24.27
 42.65, 23.44
 42.71, 22.68
 42.71, 21.92
 42.66, 21.15
 42.57, 20.43
 42.40, 19.67
 42.21, 18.98
 41.96, 18.32
 41.66, 17.63
 41.34, 17.01
 40.93, 16.37
 40.49, 15.75
 40.05, 15.16
 39.54, 14.58
 39.08, 14.06
 38.59, 13.53
 38.14, 13.07
 37.75, 12.65
 37.42, 12.26
 37.18, 11.98
 37.00, 11.72
 36.93, 11.54
 36.93, 11.39
 37.07, 11.34
 37.26, 11.33
 37.59, 11.38
 37.99, 11.52
 38.42, 11.71
 38.89, 11.94
 39.37, 12.25
 39.88, 12.63
 40.37, 13.07
 40.83, 13.58
 41.29, 14.17
 41.71, 14.78
 42.12, 15.48
 42.49, 16.20
 42.81, 16.96
 43.13, 17.82
 43.39, 18.68
 43.62, 19.62
 43.81, 20.63
 43.95, 21.61
 44.03, 22.72
 44.08, 23.78
 44.04, 24.91
 43.94, 26.06
 43.77, 27.20
 43.52, 28.38
 43.22, 29.46
 42.82, 30.56
 42.38, 31.62
 41.93, 32.56
 41.39, 33.49
 40.84, 34.26
 40.26, 34.94
 39.66, 35.54
 39.05, 35.97
 38.40, 36.29
 37.81, 36.50
 37.17, 36.60
 36.58, 36.61
 36.00, 36.58
 35.45, 36.50
 35.04, 36.42
 34.68, 36.32
 34.46, 36.22
 34.35, 36.12
 34.35, 35.99
 34.47, 35.83
 34.71, 35.65
 35.02, 35.40
 35.37, 35.15
 35.78, 34.83
 36.19, 34.53
 36.61, 34.14
 37.05, 33.73
 37.45, 33.30
 37.91, 32.78
 38.34, 32.27
 38.78, 31.69
 39.21, 31.09
 39.62, 30.46
 40.01, 29.78
 40.37, 29.12
 40.70, 28.41
 41.00, 27.69
 41.25, 26.99
 41.47, 26.23
 41.64, 25.52
 41.78, 24.75
 41.88, 24.01
 41.92, 23.29
 41.94, 22.53
 41.92, 21.81
 41.84, 21.07
 41.72, 20.35
 41.57, 19.65
 41.39, 18.92
 41.14, 18.25
 40.87, 17.58
 40.54, 16.91
 40.19, 16.27
 39.80, 15.62
 39.40, 15.05
 38.96, 14.44
 38.50, 13.89
 38.07, 13.38
 37.64, 12.88
 37.28, 12.45
 36.95, 12.04
 36.70, 11.73
 36.53, 11.47
 36.41, 11.24
 36.37, 11.08
 36.41, 10.96
 36.55, 10.94
 36.80, 10.99
 37.14, 11.07
 37.49, 11.25
 37.94, 11.46
 38.41, 11.73
 38.88, 12.06
 39.39, 12.47
 39.84, 12.91
 40.33, 13.41
 40.77, 13.97
 41.20, 14.56
 41.61, 15.23
 41.98, 15.87
 42.33, 16.61
 42.66, 17.38
 42.96, 18.18
 43.21, 19.04
 43.43, 19.90
 43.62, 20.86
 43.76, 21.82
 43.84, 22.80
 43.88, 23.85
 43.87, 24.84
 43.80, 25.90
 43.67, 26.95
 43.48, 27.96
 43.22, 29.02
 42.93, 29.97
 42.54, 30.93
 42.15, 31.83
 41.71, 32.67
 41.18, 33.49
 40.66, 34.16
 40.07, 34.80
 39.48, 35.31
 38.89, 35.70
 38.23, 36.02
 37.63, 36.23
 36.98, 36.37
 36.36, 36.41
 35.75, 36.43
 35.17, 36.41
 34.70, 36.40
 34.31, 36.39
 34.02, 36.38
 33.83, 36.37
 33.72, 36.37
 33.71, 36.35
 33.78, 36.31
 33.92, 36.26
 34.13, 36.14
 34.39, 36.01
 34.69, 35.86
 35.05, 35.67
 35.45, 35.40
 35.88, 35.14
 36.33, 34.81
 36.79, 34.42
 37.30, 34.02
 37.81, 33.55
 38.30, 33.05
 38.81, 32.48
 39.29, 31.90
 39.78, 31.27
 40.24, 30.60
 40.65, 29.95
 41.04, 29.21
 41.38, 28.54
 41.69, 27.79
 41.99, 27.05
 42.21, 26.34
 42.41, 25.56
 42.56, 24.83
 42.67, 24.08
 42.75, 23.32
 42.81, 22.61
 42.80, 21.85
 42.76, 21.14
 42.70, 20.42
 42.56, 19.72
 42.38, 19.02
 42.17, 18.34
 41.92, 17.69
 41.63, 17.03
 41.29, 16.40
 40.93, 15.83
 40.52, 15.25
 40.12, 14.73
 39.67, 14.20
 39.24, 13.74
 38.85, 13.30
 38.45, 12.89
 38.13, 12.57
 37.84, 12.25
 37.65, 11.99
 37.53, 11.80
 37.49, 11.62
 37.51, 11.54
 37.60, 11.48
 37.78, 11.47
 38.04, 11.50
 38.42, 11.58
 38.79, 11.74
 39.25, 11.92
 39.72, 12.15
 40.18, 12.46
 40.70, 12.79
 41.14, 13.17
 41.64, 13.64
 42.07, 14.13
 42.49, 14.66
 42.91, 15.26
 43.29, 15.85
 43.63, 16.53
 43.95, 17.24
 44.25, 17.99
 44.50, 18.80
 44.71, 19.61
 44.90, 20.52
 45.03, 21.42
 45.13, 22.35
 45.19, 23.35
 45.19, 24.32
 45.13, 25.37
 45.02, 26.41
 44.85, 27.43
 44.62, 28.50
 44.35, 29.48
 44.01, 30.48
 43.61, 31.43
 43.16, 32.30
 42.66, 33.14
 42.16, 33.83
 41.62, 34.50
 41.08, 35.00
 40.55, 35.36
 40.06, 35.66
 39.58, 35.80
 39.14, 35.85
 38.76, 35.83
 38.43, 35.74
 38.17, 35.58
 37.98, 35.38
 37.89, 35.17
 37.87, 34.92
 37.92, 34.64
 38.07, 34.31
 38.27, 33.99
 38.54, 33.64
 38.86, 33.23
 39.18, 32.84
 39.58, 32.40
 39.96, 31.94
 40.37, 31.43
 40.77, 30.92
 41.15, 30.39
 41.56, 29.81
 41.95, 29.23
 42.33, 28.60
 42.69, 27.96
 43.01, 27.31
 43.33, 26.59
 43.61, 25.93
 43.84, 25.21
 44.04, 24.51
 44.20, 23.82
 44.33, 23.10
 44.39, 22.43
 44.44, 21.74
 44.44, 21.06
 44.37, 20.42
 44.28, 19.77
 44.15, 19.16
 43.96, 18.55
 43.74, 17.94
 43.50, 17.40
 43.17, 16.82
 42.84, 16.30
 42.45, 15.77
 42.04, 15.29
 41.63, 14.81
 41.16, 14.33
 40.72, 13.93
 40.28, 13.51
 39.85, 13.12
 39.47, 12.79
 39.10, 12.46
 38.83, 12.22
 38.62, 12.00
 38.49, 11.83
 38.41, 11.73
 38.42, 11.65
 38.50, 11.64
 38.69, 11.70
 38.95, 11.78
 39.24, 11.95
 39.61, 12.16
 39.97, 12.45
 40.39, 12.78
 40.80, 13.16
 41.18, 13.59
 41.58, 14.13
 41.92, 14.65
 42.29, 15.27
 42.62, 15.92
 42.88, 16.60
 43.16, 17.36
 43.37, 18.12
 43.55, 18.98
 43.71, 19.85
 43.83, 20.75
 43.92, 21.73
 43.93, 22.70
 43.92, 23.77
 43.83, 24.83
 43.70, 25.92
 43.50, 27.06
 43.25, 28.12
 42.90, 29.27
 42.49, 30.38
 42.03, 31.43
 41.47, 32.50
 40.88, 33.43
 40.20, 34.37
 39.49, 35.18
 38.73, 35.86
 37.94, 36.45
 37.21, 36.85
 36.44, 37.16
 35.65, 37.34
 34.92, 37.38
 34.17, 37.37
 33.53, 37.34
 32.95, 37.25
 32.49, 37.22
 32.16, 37.14
 31.96, 37.10
 31.85, 37.06
 31.87, 36.99
 31.98, 36.90
 32.20, 36.77
 32.50, 36.59
 32.87, 36.36
 33.27, 36.08
 33.74, 35.76
 34.21, 35.40
 34.74, 34.99
 35.24, 34.55
 35.80, 34.07
 36.34, 33.55
 36.90, 32.98
 37.48, 32.36
 38.01, 31.76
 38.57, 31.10
 39.08, 30.40
 39.54, 29.72
 40.01, 28.97
 40.41, 28.26
 40.79, 27.52
 41.12, 26.77
 41.38, 26.06
 41.65, 25.27
 41.84, 24.56
 42.00, 23.80
 42.12, 23.07
 42.20, 22.34
 42.23, 21.61
 42.22, 20.91
 42.17, 20.16
 42.09, 19.45
 41.95, 18.78
 41.78, 18.07
 41.58, 17.42
 41.32, 16.75
 41.02, 16.10
 40.72, 15.51
 40.33, 14.89
 39.95, 14.34
 39.53, 13.78
 39.10, 13.28
 38.67, 12.80
 38.25, 12.36
 37.88, 11.99
 37.56, 11.66
 37.31, 11.40
 37.14, 11.17
 37.00, 11.02
 36.97, 10.92
 36.99, 10.89
 37.10, 10.91
 37.30, 11.00
 37.58, 11.16
 37.89, 11.38
 38.25, 11.67
 38.62, 12.01
 38.99, 12.42
 39.35, 12.90
 39.69, 13.39
 40.04, 13.99
 40.35, 14.62
 40.61, 15.28
 40.89, 16.03
 41.11, 16.77
 41.30, 17.57
 41.45, 18.44
 41.57, 19.30
 41.67, 20.24
 41.70, 21.18
 41.72, 22.22
 41.69, 23.23
 41.62, 24.30
 41.48, 25.40
 41.29, 26.47
 41.05, 27.61
 40.76, 28.72
 40.40, 29.83
 39.97, 30.97
 39.51, 31.99
 38.94, 33.03
 38.37, 34.02
 37.73, 34.91
 37.04, 35.73
 36.37, 36.38
 35.63, 36.99
 34.94, 37.42
 34.26, 37.69
 33.56, 37.87
 32.90, 37.90
 32.22, 37.85
 31.61, 37.74
 31.04, 37.60
 30.59, 37.47
 30.25, 37.37
 30.04, 37.30
 29.95, 37.21
 29.95, 37.16
 30.06, 37.10
 30.25, 37.03
 30.55, 36.90
 30.89, 36.74
 31.27, 36.54
 31.74, 36.30
 32.22, 35.99
 32.74, 35.62
 33.29, 35.23
 33.85, 34.80
 34.45, 34.29
 35.02, 33.77
 35.61, 33.19
 36.20, 32.56
 36.76, 31.95
 37.34, 31.25
 37.84, 30.57
 38.35, 29.82
 38.83, 29.08
 39.25, 28.34
 39.65, 27.58
 39.98, 26.84
 40.31, 26.05
 40.60, 25.28
 40.82, 24.54
 41.04, 23.75
 41.21, 23.04
 41.35, 22.26
 41.44, 21.54
 41.50, 20.83
 41.51, 20.08
 41.51, 19.39
 41.42, 18.68
 41.32, 18.00
 41.19, 17.34
 41.00, 16.65
 40.80, 16.05
 40.54, 15.41
 40.27, 14.83
 39.96, 14.25
 39.63, 13.69
 39.30, 13.21
 38.94, 12.72
 38.62, 12.29
 38.33, 11.92
 38.09, 11.57
 37.88, 11.30
 37.75, 11.06
 37.63, 10.89
 37.60, 10.74
 37.63, 10.67
 37.73, 10.66
 37.91, 10.72
 38.16, 10.81
 38.43, 10.95
 38.77, 11.18
 39.11, 11.43
 39.49, 11.78
 39.85, 12.15
 40.21, 12.58
 40.59, 13.08
 40.93, 13.61
 41.25, 14.22
 41.57, 14.86
 41.85, 15.53
 42.12, 16.27
 42.35, 16.99
 42.55, 17.82
 42.74, 18.66
 42.87, 19.53
 42.97, 20.46
 43.03, 21.39
 43.06, 22.41
 43.03, 23.41
 42.96, 24.41
 42.80, 25.48
 42.62, 26.47
 42.35, 27.54
 42.07, 28.52
 41.73, 29.53
 41.32, 30.50
 40.91, 31.36
 40.41, 32.27
 39.89, 33.08
 39.32, 33.79
 38.69, 34.46
 38.08, 34.96
 37.41, 35.40
 36.77, 35.75
 36.11, 35.98
 35.43, 36.12
 34.82, 36.19
 34.20, 36.22
 33.68, 36.19
 33.25, 36.15
 32.85, 36.13
 32.61, 36.08
 32.43, 36.04
 32.36, 36.00
 32.38, 35.95
 32.49, 35.86
 32.66, 35.74
 32.91, 35.58
 33.18, 35.38
 33.52, 35.15
 33.93, 34.85
 34.34, 34.53
 34.78, 34.16
 35.27, 33.75
 35.75, 33.30
 36.28, 32.79
 36.77, 32.29
 37.31, 31.73
 37.81, 31.12
 38.31, 30.54
 38.77, 29.89
 39.19, 29.26
 39.63, 28.59
 39.99, 27.95
 40.33, 27.29
 40.65, 26.59
 40.92, 25.93
 41.16, 25.25
 41.37, 24.56
 41.55, 23.88
 41.68, 23.18
 41.78, 22.52
 41.87, 21.81
 41.89, 21.17
 41.88, 20.50
 41.84, 19.83
 41.75, 19.21
 41.63, 18.56
 41.49, 17.94
 41.29, 17.34
 41.06, 16.73
 40.80, 16.17
 40.49, 15.62
 40.17, 15.10
 39.81, 14.60
 39.43, 14.11
 39.08, 13.69
 38.70, 13.28
 38.38, 12.93
 38.07, 12.65
 37.82, 12.38
 37.63, 12.18
 37.52, 12.03
 37.46, 11.94
 37.50, 11.92
 37.62, 11.93
 37.81, 12.01
 38.06, 12.14
 38.36, 12.32
 38.69, 12.55
 39.09, 12.86
 39.43, 13.19
 39.85, 13.62
 40.24, 14.10
 40.62, 14.62
 41.00, 15.23
 41.34, 15.84
 41.67, 16.53
 41.98, 17.25
 42.25, 18.01
 42.51, 18.85
 42.72, 19.70
 42.91, 20.64
 43.06, 21.59
 43.14, 22.58
 43.18, 23.64
 43.15, 24.64
 43.06, 25.74
 42.91, 26.83
 42.67, 27.91
 42.37, 28.99
 42.00, 29.98
 41.55, 30.99
 41.07, 31.86
 40.52, 32.70
 39.91, 33.42
 39.35, 33.97
 38.73, 34.42
 38.15, 34.72
 37.58, 34.88
 37.05, 34.94
 36.61, 34.89
 36.18, 34.77
 35.88, 34.60
 35.64, 34.41
 35.53, 34.19
 35.50, 33.96
 35.58, 33.70
 35.73, 33.44
 35.96, 33.16
 36.27, 32.83
 36.61, 32.51
 37.01, 32.11
 37.41, 31.73
 37.83, 31.31
 38.27, 30.83
 38.65, 30.35
 39.10, 29.85
 39.51, 29.30
 39.92, 28.74
 40.32, 28.13
 40.69, 27.55
 41.04, 26.92
 41.37, 26.30
 41.68, 25.67
 41.94, 25.02
 42.16, 24.39
 42.35, 23.74
 42.52, 23.11
 42.59, 22.49
 42.65, 21.83
 42.67, 21.25
 42.64, 20.62
 42.56, 20.02
 42.44, 19.44
 42.27, 18.82
 42.07, 18.25
 41.81, 17.67
 41.52, 17.10
 41.18, 16.55
 40.79, 15.96
 40.41, 15.45
 39.98, 14.90
 39.53, 14.39
 39.08, 13.90
 38.63, 13.43
 38.22, 13.01
 37.85, 12.60
 37.53, 12.23
 37.31, 11.94
 37.12, 11.66
 37.04, 11.47
 37.02, 11.30
 37.09, 11.20
 37.26, 11.17
 37.51, 11.18
 37.81, 11.27
 38.17, 11.39
 38.56, 11.57
 38.98, 11.82
 39.41, 12.14
 39.81, 12.49
 40.25, 12.91
 40.63, 13.37
 41.03, 13.93
 41.41, 14.50
 41.75, 15.13
 42.09, 15.82
 42.35, 16.51
 42.63, 17.27
 42.87, 18.10
 43.07, 18.90
 43.23, 19.84
 43.36, 20.73
 43.42, 21.66
 43.49, 22.67
 43.48, 23.63
 43.41, 24.70
 43.30, 25.69
 43.15, 26.72
 42.90, 27.78
 42.65, 28.72
 42.29, 29.76
 41.91, 30.68
 41.46, 31.56
 40.97, 32.39
 40.47, 33.11
 39.91, 33.77
 39.36, 34.32
 38.80, 34.73
 38.23, 35.05
 37.70, 35.27
 37.14, 35.38
 36.65, 35.38
 36.18, 35.30
 35.74, 35.18
 35.39, 35.04
 35.10, 34.84
 34.94, 34.65
 34.85, 34.45
 34.86, 34.22
 34.96, 33.99
 35.13, 33.73
 35.42, 33.45
 35.73, 33.16
 36.11, 32.79
 36.49, 32.47
 36.90, 32.08
 37.31, 31.70
 37.74, 31.28
 38.19, 30.80
 38.62, 30.33
 39.06, 29.80
 39.50, 29.26
 39.93, 28.68
 40.36, 28.05
 40.75, 27.46
 41.14, 26.80
 41.51, 26.15
 41.84, 25.49
 42.16, 24.82
 42.40, 24.18
 42.63, 23.48
 42.80, 22.85
 42.94, 22.19
 43.04, 21.53
 43.08, 20.94
 43.07, 20.28
 43.02, 19.66
 42.93, 19.08
 42.80, 18.46
 42.60, 17.88
 42.36, 17.28
 42.07, 16.73
 41.76, 16.19
 41.38, 15.63
 40.99, 15.12
 40.54, 14.59
 40.10, 14.09
 39.63, 13.65
 39.17, 13.20
 38.74, 12.78
 38.32, 12.38
 37.98, 12.03
 37.69, 11.75
 37.48, 11.49
 37.34, 11.29
 37.30, 11.13
 37.32, 11.06
 37.45, 10.99
 37.70, 11.00
 38.01, 11.07
 38.39, 11.18
 38.81, 11.37
 39.27, 11.59
 39.76, 11.91
 40.21, 12.24
 40.71, 12.67
 41.16, 13.13
 41.59, 13.63
 42.03, 14.22
 42.43, 14.83
 42.81, 15.50
 43.15, 16.20
 43.45, 16.94
 43.73, 17.77
 43.95, 18.57
 44.15, 19.47
 44.29, 20.35
 44.39, 21.28
 44.45, 22.26
 44.43, 23.21
 44.37, 24.22
 44.24, 25.19
 44.05, 26.16
 43.81, 27.15
 43.50, 28.06
 43.14, 29.00
 42.73, 29.86
 42.26, 30.63
 41.74, 31.42
 41.21, 32.06
 40.60, 32.65
 40.02, 33.11
 39.42, 33.47
 38.80, 33.74
 38.25, 33.86
 37.65, 33.91
 37.18, 33.89
 36.73, 33.82
 36.37, 33.69
 36.14, 33.55
 35.97, 33.35
 35.91, 33.14
 35.96, 32.88
 36.12, 32.60
 36.32, 32.30
 36.60, 31.94
 36.90, 31.56
 37.24, 31.16
 37.63, 30.69
 37.98, 30.24
 38.36, 29.72
 38.74, 29.21
 39.09, 28.68
 39.45, 28.09
 39.79, 27.53
 40.11, 26.91
 40.42, 26.30
 40.70, 25.69
 40.94, 25.05
 41.16, 24.44
 41.35, 23.78
 41.49, 23.18
 41.59, 22.56
 41.68, 21.92
 41.70, 21.30
 41.69, 20.67
 41.63, 20.08
 41.55, 19.47
 41.40, 18.88
 41.22, 18.32
 41.00, 17.71
 40.74, 17.16
 40.42, 16.60
 40.08, 16.06
 39.72, 15.54
 39.29, 15.01
 38.88, 14.49
 38.43, 14.00
 37.98, 13.51
 37.55, 13.04
 37.12, 12.57
 36.78, 12.18
 36.46, 11.81
 36.22, 11.53
 36.06, 11.29
 35.94, 11.08
 35.92, 10.90
 35.94, 10.82
 36.03, 10.75
 36.23, 10.77
 36.51, 10.87
 36.82, 10.99
 37.18, 11.18
 37.58, 11.44
 37.99, 11.72
 38.41, 12.09
 38.80, 12.48
 39.21, 12.94
 39.60, 13.47
 39.96, 14.01
 40.30, 14.61
 40.63, 15.24
 40.91, 15.91
 41.18, 16.63
 41.41, 17.35
 41.61, 18.15
 41.79, 18.95
 41.91, 19.79
 42.00, 20.68
 42.05, 21.56
 42.09, 22.50
 42.06, 23.41
 41.99, 24.36
 41.87, 25.32
 41.69, 26.25
 41.47, 27.21
 41.21, 28.10
 40.90, 29.00
 40.52, 29.87
 40.11, 30.65
 39.65, 31.43
 39.18, 32.07
 38.65, 32.66
 38.10, 33.11
 37.53, 33.45
 36.95, 33.73
 36.41, 33.83
 35.87, 33.85
 35.37, 33.77
 34.89, 33.65
 34.48, 33.48
 34.18, 33.31
 33.99, 33.09
 33.90, 32.89
 33.92, 32.66
 34.07, 32.41
 34.29, 32.13
 34.62, 31.84
 35.02, 31.49
 35.42, 31.15
 35.89, 30.78
 36.33, 30.41
 36.78, 30.03
 37.22, 29.60
 37.63, 29.21
 38.05, 28.76
 38.45, 28.30
 38.84, 27.83
 39.20, 27.31
 39.54, 26.83
 39.88, 26.28
 40.17, 25.74
 40.43, 25.18
 40.68, 24.60
 40.83, 24.08
 41.01, 23.49
 41.13, 22.92
 41.23, 22.38
 41.27, 21.80
 41.29, 21.27
 41.26, 20.71
 41.20, 20.17
 41.11, 19.64
 40.98, 19.08
 40.82, 18.56
 40.63, 18.02
 40.38, 17.51
 40.11, 16.98
 39.81, 16.44
 39.47, 15.94
 39.12, 15.42
 38.76, 14.91
 38.37, 14.41
 37.98, 13.92
 37.64, 13.48
 37.30, 13.03
 36.99, 12.62
 36.74, 12.24
 36.55, 11.92
 36.41, 11.67
 36.33, 11.42
 36.34, 11.27
 36.41, 11.16
 36.56, 11.14
 36.80, 11.19
 37.12, 11.30
 37.47, 11.49
 37.87, 11.71
 38.28, 12.02
 38.67, 12.37
 39.12, 12.81
 39.54, 13.27
 39.96, 13.81
 40.36, 14.41
 40.71, 15.02
 41.08, 15.72
 41.41, 16.42
 41.71, 17.16
 42.01, 18.00
 42.26, 18.82
 42.50, 19.74
 42.68, 20.63
 42.84, 21.60
 42.95, 22.59
 43.02, 23.57
 43.04, 24.63
 43.02, 25.64
 42.94, 26.65
 42.81, 27.72
 42.64, 28.66
 42.38, 29.69
 42.13, 30.56
 41.79, 31.46
 41.43, 32.28
 41.04, 32.99
 40.61, 33.65
 40.18, 34.18
 39.74, 34.61
 39.28, 34.92
 38.86, 35.07
 38.44, 35.17
 38.04, 35.16
 37.66, 35.09
 37.30, 34.97
 37.02, 34.82
 36.76, 34.65
 36.61, 34.44
 36.52, 34.22
 36.52, 33.96
 36.59, 33.71
 36.77, 33.38
 37.04, 33.02
 37.34, 32.66
 37.69, 32.24
 38.02, 31.81
 38.37, 31.35
 38.71, 30.90
 39.04, 30.42
 39.36, 29.88
 39.66, 29.36
 39.96, 28.77
 40.23, 28.19
 40.49, 27.59
 40.71, 26.94
 40.91, 26.31
 41.10, 25.65
 41.24, 25.01
 41.35, 24.39
 41.42, 23.71
 41.47, 23.10
 41.47, 22.46
 41.45, 21.83
 41.40, 21.23
 41.29, 20.60
 41.17, 20.01
 41.00, 19.39
 40.80, 18.83
 40.59, 18.25
 40.33, 17.68
 40.04, 17.13
 39.73, 16.58
 39.39, 16.06
 39.05, 15.56
 38.69, 15.05
 38.35, 14.60
 37.99, 14.16
 37.66, 13.76
 37.39, 13.41
 37.11, 13.06
 36.92, 12.81
 36.78, 12.58
 36.69, 12.42
 36.69, 12.31
 36.77, 12.26
 36.91, 12.28
 37.16, 12.37
 37.43, 12.51
 37.78, 12.72
 38.15, 12.99
 38.56, 13.30
 38.98, 13.68
 39.40, 14.13
 39.82, 14.62
 40.20, 15.17
 40.59, 15.75
 40.94, 16.40
 41.29, 17.06
 41.60, 17.78
 41.91, 18.55
 42.14, 19.31
 42.37, 20.19
 42.54, 21.05
 42.67, 21.95
 42.76, 22.90
 42.79, 23.82
 42.78, 24.79
 42.68, 25.75
 42.53, 26.70
 42.30, 27.64
 42.03, 28.52
 41.67, 29.41
 41.27, 30.16
 40.81, 30.90
 40.30, 31.59
 39.77, 32.14
 39.16, 32.62
 38.58, 32.98
 37.98, 33.21
 37.38, 33.38
 36.81, 33.45
 36.22, 33.45
 35.71, 33.43
 35.27, 33.36
 34.90, 33.27
 34.68, 33.17
 34.53, 33.04
 34.52, 32.89
 34.58, 32.70
 34.77, 32.46
 34.99, 32.20
 35.31, 31.88
 35.64, 31.56
 36.02, 31.20
 36.38, 30.80
 36.77, 30.41
 37.16, 29.94
 37.55, 29.49
 37.94, 29.01
 38.35, 28.48
 38.72, 27.97
 39.09, 27.39
 39.43, 26.84
 39.78, 26.27
 40.08, 25.66
 40.37, 25.09
 40.61, 24.49
 40.83, 23.92
 41.03, 23.32
 41.19, 22.71
 41.31, 22.19
 41.40, 21.58
 41.47, 21.05
 41.50, 20.50
 41.50, 19.95
 41.46, 19.44
 41.40, 18.89
 41.30, 18.40
 41.17, 17.90
 40.98, 17.38
 40.79, 16.92
 40.56, 16.43
 40.34, 16.00
 40.07, 15.54
 39.80, 15.13
 39.58, 14.74
 39.36, 14.38
 39.14, 14.06
 38.98, 13.76
 38.87, 13.52
 38.83, 13.33
 38.84, 13.20
 38.92, 13.08
 39.04, 13.06
 39.27, 13.06
 39.56, 13.15
 39.93, 13.30
 40.29, 13.48
 40.70, 13.74
 41.14, 14.08
 41.55, 14.46
 41.98, 14.90
 42.37, 15.42
 42.76, 15.99
 43.13, 16.62
 43.46, 17.28
 43.77, 18.01
 44.03, 18.78
 44.26, 19.61
 44.46, 20.49
 44.59, 21.37
 44.68, 22.35
 44.73, 23.30
 44.69, 24.29
 44.59, 25.33
 44.42, 26.28
 44.18, 27.31
 43.89, 28.22
 43.50, 29.11
 43.10, 29.95
 42.67, 30.65
 42.20, 31.29
 41.75, 31.75
 41.31, 32.14
 40.88, 32.39
 40.49, 32.55
 40.13, 32.59
 39.83, 32.56
 39.55, 32.43
 39.34, 32.23
 39.22, 31.99
 39.14, 31.66
 39.14, 31.33
 39.21, 30.93
 39.35, 30.52
 39.53, 30.09
 39.80, 29.59
 40.06, 29.13
 40.38, 28.64
 40.69, 28.12
 41.00, 27.62
 41.32, 27.07
 41.62, 26.55
 41.92, 26.02
 42.21, 25.44
 42.46, 24.90
 42.73, 24.31
 42.95, 23.72
 43.14, 23.12
 43.29, 22.53
 43.41, 21.94
 43.49, 21.35
 43.53, 20.79
 43.54, 20.21
 43.50, 19.66
 43.45, 19.12
 43.32, 18.57
 43.14, 18.07
 42.95, 17.55
 42.70, 17.03
 42.42, 16.57
 42.07, 16.10
 41.72, 15.64
 41.33, 15.18
 40.89, 14.74
 40.50, 14.36
 40.05, 13.94
 39.63, 13.56
 39.25, 13.21
 38.87, 12.88
 38.58, 12.61
 38.30, 12.35
 38.13, 12.12
 38.04, 11.95
 37.98, 11.80
 38.05, 11.74
 38.18, 11.70
 38.39, 11.73
 38.66, 11.80
 38.99, 11.95
 39.35, 12.15
 39.75, 12.41
 40.15, 12.73
 40.58, 13.11
 40.99, 13.55
 41.37, 14.01
 41.75, 14.57
 42.09, 15.15
 42.41, 15.78
 42.67, 16.45
 42.92, 17.13
 43.14, 17.90
 43.32, 18.69
 43.48, 19.51
 43.58, 20.38
 43.64, 21.25
 43.67, 22.21
 43.67, 23.10
 43.59, 24.06
 43.45, 25.02
 43.28, 25.96
 43.03, 26.93
 42.75, 27.82
 42.41, 28.72
 42.01, 29.57
 41.62, 30.32
 41.17, 31.04
 40.73, 31.63
 40.27, 32.15
 39.79, 32.56
 39.40, 32.88
 38.97, 33.09
 38.59, 33.19
 38.25, 33.21
 37.95, 33.15
 37.73, 33.03
 37.56, 32.86
 37.48, 32.65
 37.45, 32.40
 37.53, 32.09
 37.67, 31.79
 37.87, 31.44
 38.12, 31.08
 38.42, 30.68
 38.75, 30.25
 39.08, 29.82
 39.44, 29.36
 39.81, 28.87
 40.18, 28.37
 40.57, 27.82
 40.92, 27.28
 41.27, 26.72
 41.59, 26.14
 41.90, 25.55
 42.20, 24.92
 42.42, 24.32
 42.63, 23.69
 42.80, 23.09
 42.93, 22.47
 43.00, 21.83
 43.02, 21.27
 43.03, 20.62
 42.98, 20.06
 42.87, 19.48
 42.71, 18.92
 42.53, 18.39
 42.29, 17.82
 42.01, 17.31
 41.69, 16.80
 41.32, 16.27
 40.94, 15.79
 40.53, 15.30
 40.11, 14.83
 39.68, 14.39
 39.25, 13.95
 38.90, 13.56
 38.53, 13.19
 38.24, 12.85
 38.00, 12.57
 37.83, 12.30
 37.75, 12.11
 37.74, 11.94
 37.78, 11.80
 37.94, 11.76
 38.17, 11.76
 38.46, 11.81
 38.83, 11.92
 39.22, 12.08
 39.66, 12.30
 40.15, 12.59
 40.61, 12.92
 41.11, 13.33
 41.57, 13.77
 42.00, 14.27
 42.44, 14.84
 42.86, 15.40
 43.24, 16.05
 43.60, 16.73
 43.92, 17.44
 44.21, 18.21
 44.47, 18.99
 44.69, 19.86
 44.87, 20.70
 45.01, 21.62
 45.11, 22.58
 45.14, 23.52
 45.13, 24.53
 45.06, 25.51
 44.91, 26.52
 44.71, 27.56
 44.46, 28.52
 44.10, 29.54
 43.72, 30.45
 43.27, 31.32
 42.73, 32.12
 42.18, 32.77
 41.58, 33.39
 41.01, 33.81
 40.39, 34.14
 39.78, 34.34
 39.23, 34.45
 38.66, 34.49
 38.20, 34.45
 37.81, 34.40
 37.54, 34.30
 37.39, 34.18
 37.35, 34.04
 37.43, 33.87
 37.58, 33.64
 37.87, 33.39
 38.22, 33.10
 38.63, 32.77
 39.03, 32.42
 39.47, 32.03
 39.91, 31.63
 40.31, 31.22
 40.73, 30.77
 41.14, 30.33
 41.56, 29.83
 41.92, 29.35
 42.27, 28.83
 42.62, 28.27
 42.91, 27.73
 43.19, 27.15
 43.46, 26.53
 43.63, 25.96
 43.79, 25.33
 43.89, 24.74
 43.96, 24.13
 43.98, 23.49
 43.98, 22.88
 43.89, 22.22
 43.79, 21.63
 43.66, 21.01
 43.47, 20.36
 43.26, 19.75
 43.00, 19.11
 42.70, 18.50
 42.36, 17.88
 42.00, 17.26
 41.63, 16.66
 41.21, 16.04
 40.79, 15.47
 40.38, 14.92
 39.95, 14.37
 39.57, 13.88
 39.17, 13.40
 38.84, 12.97
 38.54, 12.58
 38.29, 12.25
 38.09, 11.99
 37.98, 11.78
 37.95, 11.63
 37.97, 11.55
 38.12, 11.53
 38.35, 11.56
 38.67, 11.69
 39.01, 11.81
 39.42, 12.06
 39.86, 12.33
 40.29, 12.67
 40.76, 13.06
 41.20, 13.48
 41.65, 13.98
 42.09, 14.50
 42.47, 15.07
 42.87, 15.69
 43.24, 16.35
 43.59, 17.05
 43.92, 17.80
 44.18, 18.54
 44.45, 19.37
 44.66, 20.19
 44.83, 21.07
 44.97, 22.00
 45.07, 22.92
 45.12, 23.92
 45.12, 24.89
 45.07, 25.89
 44.95, 26.94
 44.78, 27.91
 44.53, 28.96
 44.22, 29.94
 43.86, 30.91
 43.42, 31.83
 42.92, 32.66
 42.35, 33.49
 41.78, 34.13
 41.15, 34.72
 40.52, 35.21
 39.89, 35.56
 39.23, 35.81
 38.64, 35.95
 38.04, 36.02
 37.46, 36.01
 36.97, 36.00
 36.56, 35.98
 36.29, 35.93
 36.08, 35.89
 36.01, 35.80
 36.02, 35.74
 36.12, 35.59
 36.33, 35.45
 36.60, 35.26
 36.95, 35.01
 37.30, 34.73
 37.72, 34.41
 38.14, 34.07
 38.58, 33.66
 39.03, 33.23
 39.46, 32.80
 39.94, 32.29
 40.37, 31.78
 40.82, 31.19
 41.27, 30.60
 41.68, 30.02
 42.09, 29.37
 42.45, 28.71
 42.78, 28.04
 43.10, 27.36
 43.35, 26.70
 43.60, 25.99
 43.77, 25.33
 43.91, 24.62
 44.01, 23.93
 44.09, 23.26
 44.09, 22.54
 44.07, 21.89
 43.99, 21.22
 43.86, 20.55
 43.69, 19.93
 43.48, 19.25
 43.23, 18.65
 42.93, 18.02
 42.61, 17.41
 42.25, 16.83
 41.84, 16.24
 41.42, 15.70
 40.97, 15.15
 40.50, 14.63
 40.06, 14.14
 39.59, 13.66
 39.17, 13.24
 38.79, 12.83
 38.42, 12.46
 38.16, 12.17
 37.90, 11.90
 37.73, 11.70
 37.65, 11.54
 37.64, 11.46
 37.73, 11.44
 37.93, 11.50
 38.16, 11.60
 38.45, 11.78
 38.82, 12.02
 39.20, 12.32
 39.61, 12.71
 40.02, 13.12
 40.44, 13.59
 40.85, 14.14
 41.25, 14.72
 41.67, 15.37
 42.02, 16.05
 42.38, 16.79
 42.71, 17.56
 43.01, 18.37
 43.30, 19.28
 43.54, 20.16
 43.75, 21.09
 43.91, 22.09
 44.03, 23.08
 44.11, 24.17
 44.14, 25.22
 44.11, 26.32
 44.04, 27.43
 43.88, 28.52
 43.66, 29.64
 43.40, 30.67
 43.05, 31.74
 42.63, 32.74
 42.21, 33.61
 41.64, 34.48
 41.14, 35.20
 40.56, 35.80
 39.95, 36.29
 39.41, 36.61
 38.86, 36.84
 38.36, 36.96
 37.86, 36.96
 37.46, 36.92
 37.14, 36.81
 36.89, 36.62
 36.78, 36.44
 36.76, 36.22
 36.84, 35.95
 36.98, 35.67
 37.21, 35.34
 37.52, 34.99
 37.90, 34.60
 38.28, 34.13
 38.69, 33.67
 39.11, 33.15
 39.52, 32.63
 39.95, 32.03
 40.36, 31.39
 40.75, 30.78
 41.13, 30.10
 41.48, 29.41
 41.81, 28.68
 42.14, 27.92
 42.39, 27.21
 42.65, 26.41
 42.86, 25.68
 43.03, 24.92
 43.19, 24.18
 43.28, 23.45
 43.35, 22.68
 43.37, 22.00
 43.38, 21.30
 43.34, 20.62
 43.26, 19.98
 43.13, 19.33
 43.00, 18.73
 42.80, 18.13
 42.58, 17.55
 42.32, 17.01
 42.00, 16.46
 41.67, 15.96
 41.30, 15.46
 40.92, 15.00
 40.51, 14.54
 40.07, 14.10
 39.65, 13.70
 39.21, 13.32
 38.80, 12.99
 38.40, 12.66
 38.04, 12.36
 37.72, 12.11
 37.44, 11.89
 37.24, 11.71
 37.09, 11.55
 37.01, 11.46
 37.00, 11.39
 37.08, 11.37
 37.26, 11.39
 37.51, 11.48
 37.84, 11.60
 38.22, 11.77
 38.61, 11.98
 39.03, 12.24
 39.44, 12.56
 39.91, 12.96
 40.32, 13.39
 40.75, 13.89
 41.16, 14.44
 41.54, 15.04
 41.89, 15.71
 42.21, 16.39
 42.51, 17.14
 42.76, 17.92
 42.97, 18.70
 43.16, 19.59
 43.30, 20.47
 43.41, 21.41
 43.46, 22.37
 43.49, 23.35
 43.45, 24.40
 43.35, 25.39
 43.19, 26.44
 42.97, 27.49
 42.69, 28.49
 42.31, 29.53
 41.91, 30.47
 41.43, 31.42
 40.90, 32.28
 40.34, 33.04
 39.72, 33.74
 39.11, 34.27
 38.47, 34.72
 37.81, 35.01
 37.18, 35.22
 36.53, 35.29
 35.91, 35.26
 35.30, 35.16
 34.73, 35.02
 34.26, 34.86
 33.86, 34.70
 33.59, 34.53
 33.46, 34.35
 33.48, 34.15
 33.62, 33.90
 33.90, 33.62
 34.29, 33.31
 34.75, 32.94
 35.26, 32.55
 35.81, 32.11
 36.37, 31.63
 36.92, 31.15
 37.50, 30.64
 38.08, 30.10
 38.61, 29.55
 39.18, 28.93
 39.69, 28.35
 40.21, 27.71
 40.70, 27.08
 41.16, 26.48
 41.61, 25.81
 42.00, 25.19
 42.35, 24.55
 42.65, 23.91
 42.91, 23.29
 43.12, 22.66
 43.29, 22.08
 43.39, 21.48
 43.44, 20.91
 43.46, 20.34
 43.44, 19.77
 43.33, 19.24
 43.21, 18.70
 43.02, 18.17
 42.81, 17.67
 42.53, 17.13
 42.24, 16.65
 41.89, 16.15
 41.53, 15.68
 41.17, 15.24
 40.78, 14.80
 40.42, 14.39
 40.06, 14.03
 39.73, 13.69
 39.46, 13.40
 39.21, 13.09
 39.01, 12.87
 38.89, 12.67
 38.86, 12.56
 38.90, 12.43
 39.03, 12.38
 39.21, 12.37
 39.49, 12.42
 39.83, 12.54
 40.19, 12.68
 40.62, 12.92
 41.05, 13.18
 41.50, 13.52
 41.98, 13.91
 42.40, 14.33
 42.83, 14.82
 43.20, 15.31
 43.59, 15.89
 43.92, 16.48
 44.22, 17.12
 44.50, 17.79
 44.73, 18.53
 44.93, 19.29
 45.10, 20.12
 45.19, 20.93
 45.23, 21.84
 45.22, 22.71
 45.14, 23.65
 45.01, 24.58
 44.80, 25.49
 44.48, 26.47
 44.14, 27.32
 43.69, 28.19
 43.20, 28.99
 42.66, 29.72
 42.07, 30.38
 41.49, 30.90
 40.89, 31.36
 40.31, 31.70
 39.71, 31.95
 39.12, 32.10
 38.60, 32.14
 38.08, 32.13
 37.64, 32.07
 37.27, 31.95
 36.98, 31.77
 36.80, 31.61
 36.68, 31.39
 36.68, 31.13
 36.78, 30.89
 36.95, 30.59
 37.17, 30.31
 37.46, 30.00
 37.78, 29.68
 38.11, 29.36
 38.49, 28.99
 38.84, 28.63
 39.22, 28.25
 39.61, 27.85
 39.99, 27.45
 40.39, 26.98
 40.76, 26.55
 41.11, 26.10
 41.46, 25.63
 41.77, 25.17
 42.06, 24.65
 42.30, 24.18
 42.51, 23.70
 42.66, 23.21
 42.78, 22.75
 42.88, 22.25
 42.93, 21.80
 42.94, 21.31
 42.90, 20.84
 42.81, 20.39
 42.68, 19.89
 42.50, 19.42
 42.29, 18.96
 42.03, 18.46
 41.73, 18.01
 41.41, 17.52
 41.06, 17.05
 40.67, 16.58
 40.28, 16.10
 39.86, 15.62
 39.42, 15.13
 38.99, 14.70
 38.57, 14.22
 38.17, 13.77
 37.77, 13.35
 37.40, 12.94
 37.08, 12.57
 36.78, 12.20
 36.53, 11.91
 36.35, 11.61
 36.23, 11.40
 36.16, 11.26
 36.15, 11.14
 36.22, 11.12
 36.33, 11.13
 36.52, 11.23
 36.72, 11.36
 36.98, 11.58
 37.27, 11.84
 37.57, 12.14
 37.90, 12.53
 38.22, 12.94
 38.55, 13.42
 38.88, 13.93
 39.20, 14.47
 39.53, 15.11
 39.81, 15.71
 40.10, 16.41
 40.39, 17.15
 40.63, 17.88
 40.88, 18.70
 41.08, 19.51
 41.28, 20.40
 41.45, 21.29
 41.57, 22.20
 41.69, 23.17
 41.75, 24.10
 41.78, 25.09
 41.79, 26.07
 41.73, 27.02
 41.64, 28.04
 41.51, 28.95
 41.36, 29.92
 41.14, 30.83
 40.88, 31.68
 40.55, 32.55
 40.21, 33.28
 39.79, 33.97
 39.35, 34.56
 38.90, 35.02
 38.39, 35.41
 37.94, 35.65
 37.41, 35.82
 36.92, 35.87
 36.41, 35.84
 35.88, 35.78
 35.42, 35.70
 34.96, 35.61
 34.59, 35.53
 34.30, 35.48
 34.10, 35.40
 34.04, 35.36
 34.07, 35.27
 34.20, 35.18
 34.40, 35.05
 34.66, 34.91
 34.95, 34.74
 35.31, 34.53
 35.65, 34.31
 36.00, 34.06
 36.39, 33.73
 36.74, 33.41
 37.11, 33.00
 37.51, 32.57
 37.92, 32.15
 38.33, 31.63
 38.71, 31.14
 39.12, 30.57
 39.51, 30.01
 39.86, 29.44
 40.20, 28.83
 40.51, 28.25
 40.80, 27.62
 41.04, 26.99
 41.25, 26.40
 41.45, 25.72
 41.59, 25.10
 41.71, 24.45
 41.80, 23.81
 41.84, 23.16
 41.86, 22.49
 41.85, 21.88
 41.82, 21.23
 41.72, 20.59
 41.61, 19.98
 41.44, 19.36
 41.28, 18.76
 41.03, 18.12
 40.77, 17.54
 40.50, 16.98
 40.17, 16.37
 39.84, 15.82
 39.48, 15.27
 39.13, 14.73
 38.76, 14.24
 38.39, 13.73
 38.09, 13.28
 37.80, 12.86
 37.56, 12.48
 37.38, 12.16
 37.26, 11.87
 37.21, 11.62
 37.22, 11.49
 37.31, 11.36
 37.47, 11.33
 37.73, 11.36
 38.01, 11.47
 38.36, 11.60
 38.74, 11.82
 39.14, 12.11
 39.58, 12.44
 39.97, 12.80
 40.41, 13.25
 40.84, 13.75
 41.24, 14.28
 41.65, 14.88
 42.00, 15.48
 42.37, 16.19
 42.72, 16.90
 43.00, 17.66
 43.30, 18.48
 43.54, 19.31
 43.80, 20.22
 43.97, 21.16
 44.11, 22.09
 44.21, 23.12
 44.28, 24.08
 44.30, 25.16
 44.23, 26.23
 44.12, 27.27
 43.94, 28.38
 43.70, 29.34
 43.37, 30.39
 43.01, 31.32
 42.57, 32.17
 42.05, 32.96
 41.61, 33.56
 41.08, 34.07
 40.60, 34.45
 40.14, 34.71
 39.71, 34.84
 39.34, 34.87
 38.96, 34.82
 38.70, 34.70
 38.48, 34.52
 38.33, 34.30
 38.27, 34.05
 38.26, 33.73
 38.37, 33.41
 38.51, 33.03
 38.76, 32.61
 39.03, 32.19
 39.34, 31.71
 39.69, 31.23
 40.00, 30.74
 40.36, 30.21
 40.68, 29.69
 40.99, 29.14
 41.29, 28.56
 41.56, 28.01
 41.85, 27.39
 42.09, 26.81
 42.32, 26.17
 42.52, 25.54
 42.66, 24.91
 42.81, 24.26
 42.91, 23.63
 42.98, 23.00
 43.02, 22.36
 43.01, 21.78
 42.97, 21.12
 42.91, 20.56
 42.80, 19.96
 42.66, 19.40
 42.49, 18.85
 42.28, 18.30
 42.06, 17.77
 41.77, 17.25
 41.48, 16.76
 41.15, 16.27
 40.77, 15.77
 40.39, 15.31
 39.99, 14.82
 39.58, 14.38
 39.16, 13.93
 38.74, 13.48
 38.38, 13.10
 37.99, 12.69
 37.68, 12.33
 37.43, 11.99
 37.24, 11.72
 37.10, 11.47
 37.01, 11.23
 36.99, 11.06
 37.03, 10.93
 37.19, 10.85
 37.40, 10.84
 37.68, 10.86
 38.01, 10.92
 38.35, 11.07
 38.77, 11.25
 39.16, 11.48
 39.59, 11.76
 40.00, 12.09
 40.40, 12.48
 40.82, 12.92
 41.21, 13.38
 41.58, 13.94
 41.92, 14.48
 42.26, 15.10
 42.60, 15.77
 42.88, 16.44
 43.19, 17.20
 43.42, 17.98
 43.67, 18.80
 43.87, 19.68
 44.04, 20.55
 44.18, 21.52
 44.27, 22.46
 44.32, 23.44
 44.32, 24.49
 44.27, 25.45
 44.17, 26.49
 44.03, 27.48
 43.82, 28.45
 43.55, 29.45
 43.24, 30.32
 42.86, 31.23
 42.45, 32.04
 41.98, 32.75
 41.45, 33.43
 40.93, 33.94
 40.32, 34.40
 39.71, 34.71
 39.11, 34.90
 38.44, 34.98
 37.81, 35.01
 37.13, 35.01
 36.48, 34.98
 35.91, 34.94
 35.38, 34.94
 34.99, 34.95
 34.69, 34.94
 34.55, 34.93
 34.51, 34.87
 34.58, 34.82
 34.72, 34.72
 34.96, 34.59
 35.20, 34.44
 35.49, 34.29
 35.82, 34.08
 36.16, 33.87
 36.53, 33.63
 36.86, 33.36
 37.23, 33.06
 37.64, 32.70
 38.05, 32.35
 38.46, 31.92
 38.90, 31.47
 39.32, 30.98
 39.76, 30.45
 40.15, 29.93
 40.57, 29.38
 40.93, 28.84
 41.27, 28.30
 41.62, 27.72
 41.92, 27.16
 42.22, 26.53
 42.49, 25.95
 42.74, 25.35
 42.97, 24.75
 43.16, 24.15
 43.32, 23.54
 43.48, 22.91
 43.59, 22.31
 43.67, 21.67
 43.71, 21.08
 43.72, 20.45
 43.69, 19.84
 43.65, 19.24
 43.55, 18.64
 43.39, 18.09
 43.23, 17.50
 43.02, 16.95
 42.80, 16.43
 42.51, 15.90
 42.25, 15.42
 41.93, 14.93
 41.62, 14.50
 41.30, 14.07
 40.99, 13.65
 40.73, 13.32
 40.46, 13.00
 40.25, 12.70
 40.10, 12.49
 39.99, 12.29
 39.98, 12.17
 39.99, 12.08
 40.10, 12.05
 40.24, 12.09
 40.49, 12.20
 40.76, 12.34
 41.09, 12.57
 41.44, 12.84
 41.79, 13.18
 42.19, 13.60
 42.54, 14.03
 42.91, 14.57
 43.26, 15.13
 43.58, 15.76
 43.87, 16.45
 44.14, 17.15
 44.37, 17.94
 44.58, 18.75
 44.75, 19.60
 44.89, 20.55
 44.96, 21.47
 45.02, 22.48
 45.02, 23.53
 44.94, 24.58
 44.80, 25.69
 44.59, 26.74
 44.29, 27.87
 43.93, 28.93
 43.51, 29.96
 42.98, 30.97
 42.47, 31.84
 41.83, 32.70
 41.22, 33.42
 40.59, 34.03
 39.91, 34.52
 39.31, 34.87
 38.65, 35.16
 38.03, 35.32
 37.46, 35.41
 36.86, 35.45
 36.38, 35.46
 35.94, 35.43
 35.60, 35.38
 35.39, 35.32
 35.25, 35.21
 35.24, 35.11
 35.34, 34.95
 35.55, 34.75
 35.81, 34.53
 36.17, 34.28
 36.54, 33.98
 36.98, 33.68
 37.41, 33.33
 37.86, 32.97
 38.34, 32.53
 38.80, 32.10
 39.30, 31.59
 39.77, 31.07
 40.25, 30.54
 40.72, 29.91
 41.16, 29.36
 41.59, 28.70
 42.01, 28.08
 42.37, 27.43
 42.75, 26.75
 43.01, 26.12
 43.30, 25.44
 43.52, 24.77
 43.72, 24.09
 43.87, 23.39
 43.97, 22.73
 44.00, 22.04
 44.01, 21.39
 43.97, 20.74
 43.87, 20.07
 43.75, 19.44
 43.55, 18.80
 43.33, 18.19
 43.03, 17.58
 42.70, 16.96
 42.37, 16.39
 41.98, 15.81
 41.60, 15.27
 41.19, 14.76
 40.80, 14.27
 40.45, 13.83
 40.09, 13.39
 39.80, 13.01
 39.57, 12.68
 39.42, 12.40
 39.33, 12.18
 39.33, 11.97
 39.41, 11.88
 39.58, 11.83
 39.84, 11.84
 40.16, 11.93
 40.57, 12.11
 40.98, 12.34
 41.43, 12.61
 41.90, 12.99
 42.33, 13.39
 42.79, 13.90
 43.22, 14.44
 43.62, 15.04
 44.02, 15.72
 44.35, 16.41
 44.66, 17.17
 44.93, 17.98
 45.16, 18.84
 45.36, 19.78
 45.50, 20.72
 45.60, 21.76
 45.61, 22.77
 45.58, 23.86
 45.47, 24.96
 45.28, 26.05
 45.01, 27.18
 44.64, 28.29
 44.22, 29.34
 43.71, 30.39
 43.18, 31.29
 42.56, 32.19
 41.92, 32.96
 41.27, 33.62
 40.58, 34.17
 39.98, 34.57
 39.34, 34.88
 38.79, 35.07
 38.26, 35.16
 37.78, 35.22
 37.39, 35.17
 37.03, 35.09
 36.81, 34.97
 36.65, 34.82
 36.59, 34.64
 36.64, 34.45
 36.77, 34.20
 36.98, 33.96
 37.28, 33.66
 37.61, 33.34
 37.97, 33.03
 38.36, 32.68
 38.76, 32.33
 39.18, 31.93
 39.64, 31.49
 40.07, 31.06
 40.52, 30.56
 40.99, 30.03
 41.45, 29.49
 41.90, 28.87
 42.35, 28.26
 42.78, 27.59
 43.18, 26.92
 43.53, 26.26
 43.88, 25.53
 44.15, 24.84
 44.40, 24.11
 44.62, 23.39
 44.79, 22.67
 44.90, 21.95
 44.97, 21.26
 44.97, 20.53
 44.95, 19.85
 44.86, 19.19
 44.73, 18.50
 44.54, 17.88
 44.31, 17.23
 44.02, 16.62
 43.70, 16.05
 43.32, 15.46
 42.93, 14.92
 42.46, 14.37
 42.00, 13.85
 41.55, 13.36
 41.01, 12.89
 40.55, 12.45
 40.07, 12.04
 39.63, 11.65
 39.25, 11.30
 38.93, 10.97
 38.67, 10.69
 38.51, 10.47
 38.43, 10.29
 38.44, 10.19
 38.57, 10.10
 38.75, 10.07
 39.06, 10.11
 39.42, 10.24
 39.85, 10.36
 40.33, 10.56
 40.80, 10.84
 41.29, 11.15
 41.77, 11.52
 42.24, 11.96
 42.73, 12.49
 43.16, 13.02
 43.57, 13.64
 43.94, 14.29
 44.28, 14.98
 44.60, 15.74
 44.88, 16.51
 45.12, 17.37
 45.32, 18.24
 45.46, 19.14
 45.55, 20.13
 45.61, 21.06
 45.61, 22.11
 45.54, 23.10
 45.42, 24.12
 45.23, 25.18
 45.00, 26.19
 44.69, 27.22
 44.33, 28.18
 43.92, 29.12
 43.43, 30.05
 42.91, 30.86
 42.31, 31.64
 41.72, 32.28
 41.11, 32.84
 40.48, 33.30
 39.88, 33.62
 39.25, 33.85
 38.69, 33.97
 38.14, 34.01
 37.62, 34.01
 37.19, 33.97
 36.81, 33.91
 36.56, 33.84
 36.39, 33.74
 36.37, 33.63
 36.43, 33.48
 36.60, 33.32
 36.85, 33.10
 37.16, 32.88
 37.54, 32.58
 37.94, 32.31
 38.38, 31.96
 38.80, 31.60
 39.27, 31.21
 39.74, 30.79
 40.19, 30.34
 40.69, 29.85
 41.15, 29.35
 41.59, 28.82
 42.07, 28.23
 42.49, 27.67
 42.89, 27.06
 43.28, 26.45
 43.61, 25.85
 43.91, 25.21
 44.14, 24.59
 44.36, 23.95
 44.53, 23.33
 44.64, 22.70
 44.73, 22.05
 44.74, 21.45
 44.74, 20.81
 44.67, 20.21
 44.57, 19.61
 44.43, 18.96
 44.23, 18.40
 43.98, 17.79
 43.69, 17.22
 43.39, 16.66
 43.02, 16.09
 42.65, 15.56
 42.23, 15.02
 41.82, 14.52
 41.40, 14.03
 40.99, 13.55
 40.64, 13.14
 40.29, 12.76
 40.00, 12.41
 39.79, 12.11
 39.63, 11.83
 39.56, 11.64
 39.57, 11.52
 39.68, 11.45
 39.88, 11.45
 40.17, 11.53
 40.51, 11.69
 40.94, 11.91
 41.36, 12.21
 41.85, 12.57
 42.33, 13.02
 42.78, 13.50
 43.29, 14.09
 43.72, 14.71
 44.13, 15.37
 44.50, 16.12
 44.84, 16.86
 45.17, 17.69
 45.47, 18.55
 45.72, 19.47
 45.93, 20.43
 46.07, 21.36
 46.18, 22.40
 46.24, 23.40
 46.21, 24.43
 46.13, 25.47
 45.98, 26.46
 45.74, 27.50
 45.48, 28.44
 45.12, 29.38
 44.71, 30.30
 44.26, 31.08
 43.72, 31.85
 43.13, 32.50
 42.53, 33.09
 41.90, 33.56
 41.27, 33.89
 40.60, 34.15
 39.97, 34.28
 39.33, 34.34
 38.71, 34.34
 38.20, 34.29
 37.69, 34.19
 37.32, 34.07
 37.03, 33.96
 36.81, 33.80
 36.72, 33.65
 36.71, 33.45
 36.78, 33.24
 36.92, 33.01
 37.14, 32.75
 37.40, 32.46
 37.71, 32.15
 38.04, 31.83
 38.41, 31.46
 38.80, 31.08
 39.20, 30.67
 39.63, 30.22
 40.06, 29.73
 40.51, 29.23
 40.98, 28.68
 41.42, 28.13
 41.88, 27.53
 42.30, 26.95
 42.71, 26.33
 43.09, 25.66
 43.44, 25.04
 43.75, 24.37
 44.04, 23.73
 44.25, 23.08
 44.45, 22.41
 44.57, 21.79
 44.66, 21.12
 44.70, 20.47
 44.69, 19.85
 44.63, 19.20
 44.52, 18.60
 44.33, 17.97
 44.11, 17.37
 43.85, 16.81
 43.52, 16.19
 43.18, 15.65
 42.77, 15.07
 42.35, 14.55
 41.90, 14.04
 41.42, 13.53
 40.98, 13.10
 40.53, 12.66
 40.14, 12.26
 39.79, 11.92
 39.49, 11.60
 39.30, 11.36
 39.18, 11.15
 39.15, 11.03
 39.24, 10.95
 39.42, 10.94
 39.68, 11.05
 40.06, 11.19
 40.47, 11.40
 40.94, 11.73
 41.46, 12.13
 41.95, 12.56
 42.48, 13.14
 42.96, 13.70
 43.42, 14.37
 43.89, 15.10
 44.28, 15.83
 44.68, 16.68
 45.01, 17.49
 45.34, 18.41
 45.62, 19.36
 45.87, 20.31
 46.06, 21.33
 46.23, 22.36
 46.28, 23.39
 46.34, 24.46
 46.28, 25.46
 46.19, 26.52
 46.05, 27.53
 45.82, 28.51
 45.51, 29.50
 45.18, 30.37
 44.74, 31.27
 44.26, 32.03
 43.72, 32.78
 43.08, 33.44
 42.43, 33.99
 41.70, 34.46
 40.96, 34.82
 40.20, 35.09
 39.45, 35.27
 38.75, 35.36
 38.06, 35.42
 37.51, 35.41
 37.07, 35.35
 36.70, 35.27
 36.44, 35.15
 36.29, 34.99
 36.23, 34.81
 36.28, 34.58
 36.40, 34.31
 36.55, 34.05
 36.78, 33.73
 37.06, 33.39
 37.34, 33.03
 37.69, 32.65
 38.03, 32.26
 38.43, 31.84
 38.81, 31.39
 39.21, 30.94
 39.65, 30.44
 40.05, 29.93
 40.47, 29.38
 40.85, 28.87
 41.24, 28.30
 41.61, 27.70
 41.94, 27.14
 42.29, 26.50
 42.56, 25.89
 42.83, 25.25
 43.04, 24.61
 43.21, 24.00
 43.36, 23.33
 43.47, 22.71
 43.54, 22.09
 43.56, 21.46
 43.55, 20.85
 43.48, 20.23
 43.38, 19.61
 43.24, 19.02
 43.04, 18.42
 42.82, 17.88
 42.54, 17.28
 42.26, 16.75
 41.94, 16.22
 41.59, 15.71
 41.25, 15.25
 40.92, 14.82
 40.62, 14.46
 40.34, 14.11
 40.12, 13.85
 39.96, 13.63
 39.87, 13.45
 39.83, 13.35
 39.90, 13.34
 40.04, 13.38
 40.26, 13.51
 40.53, 13.70
 40.83, 13.96
 41.17, 14.29
 41.53, 14.69
 41.88, 15.12
 42.23, 15.65
 42.54, 16.17
 42.84, 16.78
 43.13, 17.43
 43.36, 18.07
 43.57, 18.82
 43.75, 19.54
 43.88, 20.32
 43.99, 21.14
 44.01, 21.94
 44.04, 22.83
 43.98, 23.68
 43.88, 24.58
 43.72, 25.49
 43.53, 26.38
 43.26, 27.32
 42.93, 28.20
 42.55, 29.10
 42.10, 29.97
 41.62, 30.77
 41.06, 31.58
 40.49, 32.28
 39.87, 32.96
 39.20, 33.55
 38.57, 34.02
 37.87, 34.42
 37.26, 34.71
 36.59, 34.93
 36.02, 35.04
 35.53, 35.10
 35.06, 35.08
 34.72, 35.02
 34.51, 34.94
 34.39, 34.82
 34.39, 34.68
 34.49, 34.49
 34.65, 34.29
 34.95, 34.05
 35.33, 33.75
 35.72, 33.46
 36.21, 33.12
 36.68, 32.76
 37.19, 32.37
 37.73, 31.93
 38.25, 31.53
 38.81, 31.05
 39.30, 30.56
 39.84, 30.04
 40.36, 29.50
 40.85, 28.96
 41.35, 28.35
 41.79, 27.76
 42.22, 27.16
 42.64, 26.53
 42.97, 25.93
 43.30, 25.29
 43.56, 24.67
 43.80, 24.05
 43.98, 23.41
 44.10, 22.80
 44.20, 22.16
 44.22, 21.56
 44.22, 20.94
 44.18, 20.32
 44.09, 19.74
 43.92, 19.11
 43.74, 18.54
 43.49, 17.95
 43.23, 17.37
 42.91, 16.83
 42.58, 16.28
 42.23, 15.78
 41.88, 15.30
 41.52, 14.84
 41.20, 14.44
 40.88, 14.07
 40.64, 13.75
 40.43, 13.51
 40.25, 13.29
 40.18, 13.13
 40.20, 13.04
 40.26, 13.02
 40.43, 13.03
 40.65, 13.10
 40.93, 13.24
 41.26, 13.45
 41.58, 13.68
 41.92, 14.00
 42.29, 14.35
 42.62, 14.75
 42.96, 15.20
 43.25, 15.68
 43.52, 16.21
 43.77, 16.79
 43.97, 17.39
 44.15, 18.06
 44.28, 18.73
 44.38, 19.46
 44.43, 20.24
 44.47, 21.01
 44.44, 21.88
 44.36, 22.70
 44.24, 23.62
 44.06, 24.57
 43.83, 25.47
 43.51, 26.45
 43.16, 27.36
 42.70, 28.31
 42.20, 29.24
 41.66, 30.10
 41.02, 31.00
 40.41, 31.74
 39.72, 32.47
 39.04, 33.10
 38.38, 33.62
 37.70, 34.07
 37.08, 34.40
 36.45, 34.67
 35.86, 34.85
 35.34, 34.97
 34.82, 35.06
 34.42, 35.13
 34.11, 35.15
 33.90, 35.14
 33.80, 35.12
 33.82, 35.05
 33.95, 34.95
 34.21, 34.83
 34.53, 34.65
 34.95, 34.44
 35.44, 34.17
 35.98, 33.86
 36.55, 33.53
 37.14, 33.13
 37.73, 32.71
 38.37, 32.23
 38.99, 31.74
 39.61, 31.20
 40.24, 30.63
 40.83, 30.04
 41.45, 29.41
 42.02, 28.78
 42.59, 28.10
 43.13, 27.39
 43.60, 26.70
 44.05, 25.97
 44.45, 25.25
 44.79, 24.51
 45.10, 23.74
 45.33, 23.00
 45.51, 22.20
 45.62, 21.46
 45.69, 20.70
 45.69, 19.94
 45.61, 19.22
 45.48, 18.46
 45.28, 17.74
 45.02, 17.05
 44.70, 16.34
 44.34, 15.70
 43.92, 15.03
 43.45, 14.42
 42.96, 13.80
 42.40, 13.19
 41.86, 12.66
 41.25, 12.10
 40.69, 11.60
 40.10, 11.14
 39.55, 10.69
 39.06, 10.29
 38.63,  9.89
 38.30,  9.59
 38.06,  9.34
 37.90,  9.12
 37.86,  8.97
 37.95,  8.88
 38.16,  8.82
 38.46,  8.82
 38.88,  8.93
 39.35,  9.02
 39.91,  9.23
 40.47,  9.51
 41.08,  9.86
 41.69, 10.25
 42.29, 10.71
 42.91, 11.26
 43.49, 11.86
 44.07, 12.53
 44.61, 13.24
 45.12, 13.98
 45.65, 14.83
 46.11, 15.65
 46.57, 16.56
 46.99, 17.51
 47.37, 18.46
 47.71, 19.50
 47.99, 20.52
 48.24, 21.61
 48.42, 22.72
 48.54, 23.80
 48.62, 24.96
 48.63, 26.03
 48.56, 27.15
 48.44, 28.26
 48.24, 29.28
 47.97, 30.32
 47.63, 31.24
 47.22, 32.16
 46.73, 32.99
 46.21, 33.64
 45.60, 34.26
 44.99, 34.71
 44.35, 35.04
 43.70, 35.24
 43.08, 35.35
 42.45, 35.36
 41.88, 35.30
 41.34, 35.17
 40.93, 35.04
 40.60, 34.84
 40.36, 34.62
 40.22, 34.39
 40.20, 34.12
 40.27, 33.83
 40.40, 33.52
 40.62, 33.17
 40.88, 32.81
 41.15, 32.42
 41.46, 32.02
 41.77, 31.61
 42.10, 31.12
 42.44, 30.66
 42.77, 30.15
 43.09, 29.61
 43.41, 29.09
 43.73, 28.47
 44.01, 27.91
 44.27, 27.29
 44.49, 26.65
 44.66, 26.06
 44.81, 25.41
 44.91, 24.79
 44.95, 24.17
 44.97, 23.53
 44.93, 22.94
 44.85, 22.31
 44.73, 21.74
 44.56, 21.15
 44.35, 20.57
 44.10, 20.01
 43.81, 19.42
 43.47, 18.89
 43.10, 18.33
 42.69, 17.80
 42.24, 17.30
 41.79, 16.76
 41.28, 16.24
 40.75, 15.74
 40.23, 15.25
 39.72, 14.77
 39.17, 14.29
 38.67, 13.84
 38.18, 13.40
 37.74, 12.95
 37.36, 12.57
 37.03, 12.18
 36.75, 11.87
 36.56, 11.59
 36.43, 11.37
 36.41, 11.22
 36.46, 11.11
 36.63, 11.06
 36.88, 11.07
 37.20, 11.12
 37.56, 11.23
 37.95, 11.39
 38.35, 11.58
 38.78, 11.87
 39.22, 12.22
 39.64, 12.57
 40.09, 13.03
 40.50, 13.49
 40.91, 14.05
 41.32, 14.65
 41.68, 15.26
 42.02, 15.97
 42.34, 16.66
 42.65, 17.44
 42.93, 18.25
 43.19, 19.06
 43.42, 19.98
 43.63, 20.86
 43.80, 21.82
 43.94, 22.80
 44.04, 23.78
 44.10, 24.83
 44.11, 25.84
 44.09, 26.92
 44.01, 27.98
 43.89, 28.96
 43.71, 30.08
 43.51, 31.04
 43.24, 32.02
 42.95, 32.99
 42.60, 33.84
 42.19, 34.71
 41.78, 35.41
 41.29, 36.09
 40.79, 36.65
 40.31, 37.12
 39.79, 37.49
 39.30, 37.79
 38.76, 37.93
 38.24, 38.07
 37.72, 38.10
 37.21, 38.08
 36.74, 38.06
 36.30, 38.03
 35.94, 38.00
 35.66, 37.97
 35.45, 37.92
 35.36, 37.88
 35.34, 37.82
 35.42, 37.75
 35.57, 37.65
 35.78, 37.51
 36.03, 37.36
 36.33, 37.14
 36.68, 36.93
 37.02, 36.64
 37.40, 36.33
 37.78, 35.97
 38.20, 35.59
 38.65, 35.15
 39.08, 34.68
 39.55, 34.15
 39.98, 33.61
 40.43, 33.02
 40.86, 32.41
 41.23, 31.80
 41.62, 31.11
 41.94, 30.46
 42.26, 29.75
 42.50, 29.03
 42.72, 28.33
 42.92, 27.56
 43.05, 26.84
 43.17, 26.09
 43.24, 25.31
 43.26, 24.57
 43.27, 23.79
 43.24, 23.07
 43.16, 22.32
 43.04, 21.58
 42.90, 20.85
 42.70, 20.11
 42.48, 19.42
 42.20, 18.73
 41.88, 18.03
 41.55, 17.36
 41.16, 16.70
 40.76, 16.08
 40.32, 15.47
 39.87, 14.87
 39.43, 14.32
 38.95, 13.76
 38.52, 13.29
 38.12, 12.83
 37.75, 12.41
 37.45, 12.06
 37.21, 11.77
 37.06, 11.54
 36.99, 11.36
 37.00, 11.27
 37.11, 11.20
 37.32, 11.22
 37.59, 11.32
 37.94, 11.47
 38.34, 11.67
 38.75, 11.93
 39.20, 12.26
 39.63, 12.66
 40.09, 13.12
 40.54, 13.60
 40.95, 14.14
 41.39, 14.76
 41.79, 15.38
 42.20, 16.08
 42.57, 16.81
 42.95, 17.57
 43.30, 18.43
 43.61, 19.28
 43.89, 20.18
 44.14, 21.13
 44.35, 22.09
 44.53, 23.15
 44.65, 24.14
 44.75, 25.24
 44.77, 26.34
 44.75, 27.39
 44.65, 28.53
 44.49, 29.57
 44.24, 30.65
 43.93, 31.68
 43.55, 32.62
 43.10, 33.53
 42.61, 34.33
 42.07, 35.02
 41.51, 35.59
 40.98, 36.01
 40.39, 36.34
 39.87, 36.54
 39.33, 36.67
 38.79, 36.67
 38.30, 36.61
 37.80, 36.52
 37.39, 36.41
 37.02, 36.30
 36.74, 36.18
 36.54, 36.03
 36.43, 35.90
 36.43, 35.73
 36.50, 35.53
 36.67, 35.30
 36.87, 35.05
 37.17, 34.76
 37.47, 34.48
 37.83, 34.17
 38.18, 33.84
 38.56, 33.51
 38.96, 33.11
 39.35, 32.77
 39.74, 32.34
 40.16, 31.91
 40.56, 31.47
 41.00, 30.96
 41.39, 30.48
 41.81, 29.94
 42.21, 29.40
 42.58, 28.89
 42.95, 28.30
 43.28, 27.77
 43.55, 27.22
 43.82, 26.66
 44.04, 26.12
 44.25, 25.54
 44.40, 25.01
 44.54, 24.44
 44.64, 23.88
 44.68, 23.31
 44.70, 22.73
 44.67, 22.20
 44.63, 21.64
 44.53, 21.09
 44.40, 20.54
 44.20, 19.99
 44.00, 19.45
 43.77, 18.92
 43.46, 18.38
 43.19, 17.89
 42.82, 17.36
 42.49, 16.87
 42.10, 16.39
 41.73, 15.93
 41.39, 15.49
 41.00, 15.06
 40.66, 14.70
 40.35, 14.33
 40.08, 13.98
 39.85, 13.70
 39.67, 13.46
 39.56, 13.26
 39.49, 13.07
 39.51, 12.97
 39.59, 12.92
 39.78, 12.95
 39.99, 13.04
 40.28, 13.18
 40.63, 13.39
 41.00, 13.65
 41.39, 13.98
 41.80, 14.37
 42.23, 14.81
 42.65, 15.32
 43.04, 15.85
 43.44, 16.47
 43.82, 17.10
 44.17, 17.81
 44.48, 18.53
 44.80, 19.28
 45.09, 20.12
 45.33, 20.94
 45.55, 21.86
 45.74, 22.80
 45.89, 23.76
 45.98, 24.81
 46.04, 25.82
 46.03, 26.91
 45.95, 27.98
 45.81, 29.03
 45.59, 30.14
 45.29, 31.13
 44.93, 32.17
 44.49, 33.09
 44.00, 33.92
 43.44, 34.73
 42.85, 35.36
 42.23, 35.90
 41.59, 36.31
 40.95, 36.60
 40.26, 36.79
 39.63, 36.91
 39.01, 36.95
 38.39, 36.96
 37.87, 36.96
 37.43, 36.95
 37.09, 36.93
 36.87, 36.88
 36.75, 36.82
 36.72, 36.71
 36.80, 36.57
 36.95, 36.43
 37.17, 36.24
 37.40, 36.01
 37.68, 35.79
 38.01, 35.53
 38.31, 35.25
 38.63, 34.93
 38.98, 34.58
 39.33, 34.18
 39.72, 33.74
 40.11, 33.27
 40.49, 32.75
 40.87, 32.19
 41.25, 31.62
 41.63, 31.00
 41.96, 30.40
 42.30, 29.75
 42.60, 29.10
 42.86, 28.48
 43.11, 27.81
 43.29, 27.17
 43.45, 26.53
 43.59, 25.87
 43.69, 25.24
 43.76, 24.57
 43.80, 23.94
 43.79, 23.29
 43.74, 22.64
 43.66, 21.98
 43.54, 21.26
 43.35, 20.58
 43.15, 19.92
 42.94, 19.29
 42.70, 18.69
 42.40, 18.08
 42.13, 17.52
 41.81, 16.97
 41.48, 16.46
 41.18, 16.01
 40.84, 15.54
 40.54, 15.15
 40.24, 14.77
 40.00, 14.42
 39.77, 14.14
 39.58, 13.88
 39.46, 13.66
 39.37, 13.48
 39.36, 13.34
 39.39, 13.27
 39.51, 13.23
 39.68, 13.23
 39.90, 13.28
 40.13, 13.39
 40.40, 13.53
 40.72, 13.73
 41.03, 13.96
 41.37, 14.24
 41.69, 14.58
 42.01, 14.93
 42.34, 15.39
 42.65, 15.84
 42.96, 16.37
 43.24, 16.92
 43.50, 17.51
 43.76, 18.19
 43.98, 18.86
 44.19, 19.62
 44.37, 20.40
 44.53, 21.23
 44.65, 22.10
 44.74, 22.96
 44.77, 23.92
 44.76, 24.85
 44.73, 25.79
 44.62, 26.80
 44.49, 27.74
 44.28, 28.71
 44.05, 29.62
 43.78, 30.50
 43.46, 31.35
 43.13, 32.12
 42.76, 32.83
 42.39, 33.44
 41.98, 33.97
 41.59, 34.41
 41.25, 34.74
 40.90, 35.00
 40.57, 35.15
 40.28, 35.23
 40.02, 35.25
 39.79, 35.19
 39.59, 35.13
 39.45, 34.98
 39.36, 34.81
 39.34, 34.60
 39.39, 34.38
 39.50, 34.11
 39.68, 33.82
 39.88, 33.51
 40.18, 33.13
 40.45, 32.77
 40.81, 32.36
 41.18, 31.92
 41.52, 31.49
 41.91, 30.98
 42.27, 30.51
 42.66, 29.94
 43.05, 29.38
 43.40, 28.81
 43.76, 28.18
 44.08, 27.57
 44.39, 26.89
 44.68, 26.20
 44.92, 25.52
 45.12, 24.81
 45.28, 24.12
 45.40, 23.43
 45.49, 22.73
 45.50, 22.06
 45.49, 21.37
 45.41, 20.73
 45.31, 20.06
 45.16, 19.43
 44.96, 18.83
 44.71, 18.20
 44.44, 17.66
 44.10, 17.06
 43.72, 16.52
 43.32, 15.99
 42.87, 15.45
 42.43, 14.98
 41.94, 14.51
 41.47, 14.06
 41.02, 13.63
 40.55, 13.25
 40.14, 12.90
 39.79, 12.58
