 27.34,  4.83
 27.37,  4.83
 27.40,  4.80
 27.43,  4.79
 27.50,  4.77
 27.52,  4.75
 27.57,  4.74
 27.63,  4.73
 27.66,  4.72
 27.73,  4.74
 27.76,  4.74
 27.82,  4.75
 27.85,  4.77
 27.87,  4.79
 27.93,  4.80
 27.95,  4.81
 27.97,  4.85
 27.97,  4.88
 27.99,  4.91
 28.00,  4.92
 28.03,  4.95
 28.04,  4.97
 28.05,  5.01
 28.05,  5.02
 28.03,  5.05
 28.03,  5.07
 28.03,  5.08
 28.03,  5.08
 28.04,  5.11
 28.02,  5.11
 28.01,  5.11
 27.99,  5.13
 27.97,  5.12
 27.96,  5.12
 27.95,  5.12
 27.93,  5.11
 27.91,  5.11
 27.85,  5.10
 27.84,  5.09
 27.80,  5.08
 27.75,  5.08
 27.73,  5.08
 27.69,  5.06
 27.63,  5.06
 27.58,  5.05
 27.52,  5.03
 27.47,  5.04
 27.40,  5.02
 27.33,  5.03
 27.26,  5.05
 27.20,  5.03
 27.10,  5.02
 27.04,  5.01
 26.98,  5.00
 26.89,  5.01
 26.83,  5.00
 26.75,  5.00
 26.67,  5.00
 26.60,  5.00
 26.53,  5.00
 26.45,  5.01
 26.36,  5.01
 26.28,  5.02
 26.21,  5.03
 26.13,  5.01
 26.06,  5.03
 25.99,  5.04
 25.90,  5.06
 25.87,  5.06
 25.78,  5.07
 25.73,  5.08
 25.67,  5.07
 25.64,  5.10
 25.60,  5.09
 25.55,  5.09
 25.51,  5.09
 25.48,  5.10
 25.44,  5.07
 25.40,  5.09
 25.36,  5.08
 25.33,  5.08
 25.29,  5.10
 25.24,  5.07
 25.21,  5.07
 25.15,  5.06
 25.12,  5.04
 25.09,  5.03
 25.05,  5.01
 25.03,  5.01
 24.99,  5.00
 24.98,  4.99
 24.97,  4.99
 24.95,  4.99
 24.94,  4.97
 24.92,  4.96
 24.92,  4.94
 24.91,  4.93
 24.91,  4.91
 24.93,  4.91
 24.93,  4.88
 24.96,  4.88
 24.96,  4.88
 24.96,  4.88
 24.98,  4.85
 25.01,  4.85
 25.00,  4.83
 25.02,  4.84
 25.04,  4.82
 25.06,  4.80
 25.10,  4.81
 25.10,  4.80
 25.14,  4.80
 25.16,  4.78
 25.19,  4.78
 25.21,  4.78
 25.24,  4.77
 25.28,  4.77
 25.29,  4.77
 25.34,  4.75
 25.36,  4.76
 25.40,  4.75
 25.43,  4.74
 25.47,  4.75
 25.52,  4.74
 25.56,  4.74
 25.60,  4.73
 25.66,  4.72
 25.69,  4.70
 25.75,  4.71
 25.79,  4.69
 25.84,  4.68
 25.89,  4.68
 25.94,  4.68
 25.99,  4.65
 26.02,  4.67
 26.07,  4.65
 26.11,  4.66
 26.17,  4.65
 26.20,  4.65
 26.23,  4.64
 26.27,  4.64
 26.30,  4.62
 26.32,  4.62
 26.34,  4.61
 26.35,  4.60
 26.37,  4.59
 26.36,  4.58
 26.36,  4.57
 26.37,  4.56
 26.34,  4.54
 26.32,  4.53
 26.32,  4.54
 26.29,  4.53
 26.27,  4.51
 26.23,  4.48
 26.22,  4.46
 26.20,  4.44
 26.16,  4.43
 26.13,  4.42
 26.11,  4.41
 26.08,  4.40
 26.06,  4.36
 26.04,  4.35
 26.02,  4.33
 25.97,  4.32
 25.96,  4.30
 25.95,  4.28
 25.91,  4.26
 25.89,  4.23
 25.88,  4.22
 25.87,  4.20
 25.86,  4.19
 25.84,  4.15
 25.83,  4.13
 25.82,  4.11
 25.80,  4.10
 25.78,  4.09
 25.77,  4.07
 25.77,  4.03
 25.78,  4.02
 25.78,  3.99
 25.77,  3.98
 25.77,  3.96
 25.78,  3.95
 25.79,  3.92
 25.82,  3.90
 25.83,  3.90
 25.84,  3.87
 25.87,  3.84
 25.89,  3.82
 25.93,  3.79
 25.94,  3.79
 25.99,  3.76
 26.01,  3.76
 26.06,  3.73
 26.10,  3.72
 26.15,  3.70
 26.20,  3.70
 26.26,  3.68
 26.30,  3.67
 26.37,  3.67
 26.41,  3.66
 26.48,  3.65
 26.53,  3.64
 26.59,  3.63
 26.65,  3.63
 26.70,  3.63
 26.75,  3.63
 26.81,  3.59
 26.87,  3.61
 26.92,  3.59
 26.98,  3.60
 27.04,  3.59
 27.10,  3.60
 27.17,  3.59
 27.21,  3.60
 27.28,  3.59
 27.35,  3.59
 27.42,  3.61
 27.48,  3.61
 27.53,  3.61
 27.60,  3.62
 27.64,  3.61
 27.72,  3.63
 27.75,  3.62
 27.81,  3.65
 27.85,  3.66
 27.88,  3.67
 27.93,  3.69
 27.97,  3.70
 28.00,  3.70
 28.05,  3.72
 28.08,  3.72
 28.12,  3.72
 28.15,  3.73
 28.17,  3.73
 28.19,  3.73
 28.20,  3.74
 28.21,  3.74
 28.21,  3.74
 28.20,  3.75
 28.20,  3.78
 28.18,  3.77
 28.18,  3.78
 28.16,  3.81
 28.14,  3.81
 28.10,  3.82
 28.08,  3.82
 28.07,  3.83
 28.02,  3.83
 27.97,  3.83
 27.95,  3.86
 27.91,  3.84
 27.85,  3.86
 27.83,  3.87
 27.77,  3.87
 27.73,  3.87
 27.67,  3.89
 27.63,  3.89
 27.58,  3.91
 27.54,  3.93
 27.48,  3.92
 27.43,  3.93
 27.40,  3.94
 27.34,  3.95
 27.30,  3.95
 27.24,  3.95
 27.19,  3.98
 27.17,  4.01
 27.10,  4.02
 27.05,  4.03
 26.99,  4.05
 26.96,  4.08
 26.91,  4.10
 26.87,  4.11
 26.83,  4.15
 26.79,  4.17
 26.75,  4.19
 26.73,  4.23
 26.69,  4.25
 26.66,  4.27
 26.65,  4.30
 26.63,  4.33
 26.62,  4.37
 26.60,  4.38
 26.58,  4.43
 26.57,  4.43
 26.55,  4.46
 26.53,  4.49
 26.51,  4.52
 26.48,  4.53
 26.46,  4.54
 26.44,  4.57
 26.43,  4.59
 26.40,  4.59
 26.40,  4.60
 26.37,  4.61
 26.36,  4.64
 26.34,  4.64
 26.33,  4.66
 26.33,  4.68
 26.30,  4.70
 26.31,  4.70
 26.31,  4.71
 26.31,  4.72
 26.30,  4.74
 26.30,  4.74
 26.28,  4.76
 26.30,  4.77
 26.31,  4.78
 26.33,  4.80
 26.34,  4.79
 26.36,  4.80
 26.39,  4.80
 26.42,  4.84
 26.44,  4.83
 26.46,  4.85
 26.49,  4.86
 26.53,  4.86
 26.53,  4.87
 26.57,  4.87
 26.59,  4.89
 26.63,  4.87
 26.65,  4.89
 26.67,  4.91
 26.69,  4.90
 26.73,  4.90
 26.75,  4.91
 26.77,  4.91
 26.77,  4.93
 26.81,  4.93
 26.82,  4.94
 26.84,  4.95
 26.87,  4.94
 26.89,  4.94
 26.91,  4.97
 26.94,  4.96
 26.96,  4.97
 26.98,  4.98
 26.98,  4.99
 27.02,  4.98
 27.02,  5.00
 27.05,  5.00
 27.05,  4.99
 27.07,  5.00
 27.07,  4.99
 27.08,  5.00
 27.09,  5.00
 27.09,  5.00
 27.08,  5.00
 27.07,  4.99
 27.08,  5.00
 27.07,  4.99
 27.05,  4.99
 27.05,  4.98
 27.03,  4.98
 26.99,  4.98
 26.99,  4.97
 26.96,  4.96
 26.94,  4.96
 26.89,  4.95
 26.88,  4.94
 26.85,  4.94
 26.80,  4.93
 26.77,  4.91
 26.75,  4.91
 26.70,  4.89
 26.67,  4.89
 26.63,  4.88
 26.59,  4.87
 26.57,  4.86
 26.53,  4.85
 26.49,  4.82
 26.47,  4.80
 26.43,  4.79
 26.39,  4.77
 26.36,  4.75
 26.33,  4.74
 26.30,  4.71
 26.27,  4.70
 26.23,  4.68
 26.21,  4.66
 26.19,  4.63
 26.16,  4.60
 26.14,  4.58
 26.14,  4.56
 26.11,  4.55
 26.10,  4.52
 26.09,  4.49
 26.08,  4.47
 26.05,  4.43
 26.08,  4.42
 26.07,  4.38
 26.06,  4.37
 26.06,  4.33
 26.06,  4.32
 26.08,  4.29
 26.09,  4.27
 26.12,  4.24
 26.14,  4.22
 26.16,  4.21
 26.20,  4.17
 26.23,  4.14
 26.25,  4.14
 26.27,  4.11
 26.29,  4.10
 26.32,  4.09
 26.33,  4.06
 26.37,  4.07
 26.41,  4.06
 26.43,  4.05
 26.45,  4.05
 26.47,  4.04
 26.52,  4.06
 26.54,  4.05
 26.56,  4.06
 26.60,  4.07
 26.63,  4.09
 26.65,  4.11
 26.70,  4.12
 26.72,  4.12
 26.75,  4.15
 26.78,  4.15
 26.80,  4.17
 26.86,  4.20
 26.88,  4.21
 26.90,  4.24
 26.95,  4.26
 26.98,  4.26
 27.00,  4.28
 27.05,  4.31
 27.09,  4.34
 27.12,  4.36
 27.17,  4.38
 27.19,  4.40
 27.22,  4.45
 27.26,  4.46
 27.30,  4.49
 27.32,  4.50
 27.34,  4.54
 27.38,  4.56
 27.40,  4.59
 27.41,  4.62
 27.43,  4.67
 27.45,  4.69
 27.49,  4.72
 27.52,  4.73
 27.53,  4.75
 27.54,  4.79
 27.55,  4.81
 27.59,  4.83
 27.60,  4.85
 27.62,  4.87
 27.63,  4.89
 27.65,  4.90
 27.68,  4.90
 27.71,  4.92
 27.74,  4.93
 27.74,  4.93
 27.75,  4.93
 27.75,  4.92
 27.75,  4.93
 27.75,  4.92
 27.75,  4.92
 27.75,  4.92
 27.75,  4.91
 27.75,  4.91
 27.75,  4.91
 27.73,  4.90
 27.73,  4.89
 27.72,  4.87
 27.73,  4.85
 27.72,  4.83
 27.70,  4.82
 27.70,  4.82
 27.69,  4.80
 27.65,  4.80
 27.65,  4.79
 27.64,  4.77
 27.63,  4.74
 27.62,  4.73
 27.56,  4.72
 27.54,  4.70
 27.53,  4.70
 27.50,  4.69
 27.46,  4.68
 27.42,  4.69
 27.40,  4.65
 27.37,  4.67
 27.31,  4.66
 27.29,  4.64
 27.23,  4.64
 27.20,  4.64
 27.16,  4.65
 27.11,  4.67
 27.09,  4.67
 27.06,  4.67
 27.01,  4.68
 26.99,  4.70
 26.95,  4.70
 26.93,  4.70
 26.89,  4.73
 26.87,  4.73
 26.83,  4.76
 26.80,  4.77
 26.77,  4.79
 26.75,  4.82
 26.74,  4.82
 26.70,  4.83
 26.67,  4.86
 26.67,  4.89
 26.65,  4.90
 26.64,  4.92
 26.63,  4.93
 26.61,  4.95
 26.59,  4.99
 26.59,  4.99
 26.59,  4.99
 26.56,  5.00
 26.56,  5.03
 26.55,  5.05
 26.54,  5.07
 26.55,  5.08
 26.56,  5.11
 26.55,  5.12
 26.55,  5.12
 26.56,  5.15
 26.56,  5.18
 26.58,  5.19
 26.59,  5.20
 26.59,  5.21
 26.59,  5.24
 26.61,  5.25
 26.63,  5.30
 26.64,  5.30
 26.65,  5.31
 26.67,  5.34
 26.69,  5.34
 26.73,  5.37
 26.76,  5.39
 26.77,  5.41
 26.79,  5.41
 26.83,  5.42
 26.86,  5.45
 26.89,  5.47
 26.94,  5.50
 26.98,  5.51
 27.02,  5.52
 27.07,  5.54
 27.07,  5.55
 27.11,  5.56
 27.16,  5.60
 27.20,  5.61
 27.21,  5.62
 27.25,  5.63
 27.28,  5.63
 27.30,  5.65
 27.33,  5.67
 27.36,  5.68
 27.40,  5.68
 27.41,  5.71
 27.44,  5.71
 27.47,  5.73
 27.51,  5.73
 27.54,  5.74
 27.56,  5.73
 27.60,  5.76
 27.62,  5.76
 27.63,  5.77
 27.63,  5.77
 27.64,  5.76
 27.63,  5.77
 27.64,  5.76
 27.63,  5.78
 27.61,  5.77
 27.61,  5.74
 27.57,  5.73
 27.54,  5.72
 27.52,  5.72
 27.46,  5.71
 27.43,  5.69
 27.40,  5.66
 27.36,  5.64
 27.32,  5.63
 27.28,  5.63
 27.23,  5.60
 27.19,  5.58
 27.17,  5.54
 27.10,  5.53
 27.07,  5.51
 27.03,  5.48
 26.99,  5.44
 26.96,  5.42
 26.92,  5.40
 26.88,  5.40
 26.86,  5.37
 26.83,  5.34
 26.79,  5.31
 26.76,  5.30
 26.75,  5.29
 26.73,  5.26
 26.70,  5.24
 26.69,  5.20
 26.67,  5.20
 26.65,  5.18
 26.65,  5.17
 26.66,  5.14
 26.64,  5.13
 26.63,  5.11
 26.63,  5.08
 26.63,  5.08
 26.64,  5.07
 26.65,  5.05
 26.65,  5.03
 26.66,  5.01
 26.67,  4.99
 26.67,  4.98
 26.69,  4.97
 26.71,  4.94
 26.73,  4.93
 26.75,  4.93
 26.76,  4.91
 26.77,  4.90
 26.78,  4.89
 26.81,  4.88
 26.85,  4.87
 26.85,  4.87
 26.87,  4.84
 26.88,  4.83
 26.91,  4.81
 26.93,  4.82
 26.96,  4.81
 26.98,  4.79
 27.00,  4.79
 27.04,  4.77
 27.08,  4.78
 27.10,  4.78
 27.15,  4.76
 27.19,  4.76
 27.21,  4.78
 27.26,  4.77
 27.30,  4.77
 27.32,  4.79
 27.38,  4.79
 27.41,  4.78
 27.46,  4.80
 27.51,  4.80
 27.54,  4.79
 27.61,  4.81
 27.64,  4.81
 27.68,  4.81
 27.73,  4.81
 27.75,  4.81
 27.78,  4.82
 27.83,  4.82
 27.85,  4.82
 27.88,  4.81
 27.89,  4.81
 27.93,  4.82
 27.95,  4.80
 27.98,  4.80
 28.02,  4.78
 28.06,  4.78
 28.07,  4.77
 28.13,  4.73
 28.17,  4.73
 28.19,  4.71
 28.23,  4.70
 28.27,  4.68
 28.29,  4.68
 28.31,  4.66
 28.35,  4.64
 28.36,  4.64
 28.38,  4.64
 28.37,  4.64
 28.37,  4.64
 28.36,  4.64
 28.33,  4.66
 28.29,  4.67
 28.27,  4.68
 28.25,  4.70
 28.20,  4.71
 28.17,  4.72
 28.12,  4.72
 28.07,  4.74
 28.05,  4.74
 27.98,  4.76
 27.96,  4.76
 27.93,  4.77
 27.86,  4.79
 27.84,  4.80
 27.80,  4.80
 27.76,  4.80
 27.73,  4.80
 27.69,  4.82
 27.65,  4.81
 27.61,  4.83
 27.57,  4.82
 27.53,  4.82
 27.47,  4.82
 27.42,  4.85
 27.38,  4.85
 27.30,  4.86
 27.27,  4.88
 27.21,  4.89
 27.17,  4.90
 27.11,  4.92
 27.07,  4.93
 27.01,  4.94
 26.98,  4.95
 26.96,  4.97
 26.93,  4.98
 26.89,  5.00
 26.86,  5.00
 26.85,  5.02
 26.82,  5.04
 26.80,  5.05
 26.77,  5.07
 26.76,  5.10
 26.74,  5.09
 26.73,  5.11
 26.70,  5.13
 26.68,  5.14
 26.66,  5.14
 26.65,  5.17
 26.65,  5.17
 26.64,  5.19
 26.63,  5.19
 26.63,  5.20
 26.60,  5.21
 26.62,  5.24
 26.61,  5.25
 26.62,  5.26
 26.63,  5.28
 26.63,  5.30
 26.63,  5.30
 26.63,  5.31
 26.65,  5.33
 26.66,  5.36
 26.66,  5.37
 26.68,  5.38
 26.71,  5.40
 26.74,  5.41
 26.75,  5.42
 26.78,  5.45
 26.81,  5.47
 26.85,  5.50
 26.87,  5.50
 26.90,  5.52
 26.96,  5.53
 26.98,  5.57
 27.02,  5.59
 27.08,  5.61
 27.10,  5.63
 27.17,  5.63
 27.20,  5.65
 27.23,  5.68
 27.29,  5.70
 27.32,  5.72
 27.38,  5.73
 27.42,  5.74
 27.46,  5.75
 27.51,  5.77
 27.55,  5.79
 27.62,  5.78
 27.66,  5.81
 27.71,  5.83
 27.75,  5.85
 27.78,  5.86
 27.85,  5.88
 27.87,  5.89
 27.92,  5.90
 27.96,  5.91
 28.02,  5.93
 28.05,  5.94
 28.08,  5.95
 28.11,  5.96
 28.17,  5.94
 28.18,  5.97
 28.20,  5.97
 28.22,  5.97
 28.24,  5.97
 28.28,  5.98
 28.29,  5.98
 28.28,  5.98
 28.29,  5.98
 28.28,  5.97
 28.27,  5.97
 28.26,  5.96
 28.23,  5.96
 28.21,  5.94
 28.20,  5.92
 28.18,  5.90
 28.16,  5.89
 28.14,  5.89
 28.09,  5.85
 28.08,  5.86
 28.07,  5.83
 28.06,  5.81
 28.03,  5.79
 27.99,  5.78
 27.97,  5.77
 27.97,  5.75
 27.95,  5.72
 27.95,  5.69
 27.93,  5.67
 27.92,  5.66
 27.91,  5.63
 27.90,  5.59
 27.88,  5.59
 27.87,  5.56
 27.87,  5.53
 27.86,  5.51
 27.87,  5.48
 27.86,  5.46
 27.85,  5.43
 27.86,  5.40
 27.86,  5.38
 27.87,  5.37
 27.87,  5.34
 27.87,  5.31
 27.90,  5.30
 27.91,  5.27
 27.92,  5.24
 27.94,  5.22
 27.96,  5.22
 27.96,  5.20
 27.97,  5.18
 27.99,  5.16
 28.03,  5.16
 28.04,  5.14
 28.06,  5.13
 28.08,  5.13
 28.13,  5.12
 28.16,  5.11
 28.18,  5.11
 28.24,  5.11
 28.27,  5.10
 28.29,  5.09
 28.36,  5.09
 28.39,  5.10
 28.45,  5.10
 28.49,  5.10
 28.52,  5.10
 28.59,  5.11
 28.61,  5.12
 28.68,  5.12
 28.72,  5.12
 28.78,  5.13
 28.83,  5.13
 28.89,  5.14
 28.94,  5.14
 28.98,  5.15
 29.04,  5.14
 29.09,  5.15
 29.14,  5.15
 29.20,  5.15
 29.25,  5.15
 29.30,  5.15
 29.36,  5.15
 29.42,  5.14
 29.49,  5.16
 29.54,  5.15
 29.60,  5.16
 29.66,  5.15
 29.72,  5.16
 29.79,  5.15
 29.84,  5.15
 29.92,  5.16
 29.96,  5.15
 30.02,  5.16
 30.06,  5.15
 30.11,  5.16
 30.14,  5.17
 30.18,  5.18
 30.23,  5.18
 30.25,  5.18
 30.28,  5.20
 30.30,  5.20
 30.34,  5.21
 30.35,  5.21
 30.36,  5.20
 30.36,  5.20
 30.37,  5.21
 30.37,  5.21
 30.38,  5.21
 30.38,  5.22
 30.37,  5.21
 30.37,  5.21
 30.36,  5.22
 30.36,  5.22
 30.36,  5.24
 30.35,  5.24
 30.34,  5.26
 30.32,  5.26
 30.32,  5.29
 30.29,  5.31
 30.29,  5.32
 30.25,  5.35
 30.25,  5.36
 30.21,  5.36
 30.18,  5.41
 30.14,  5.42
 30.12,  5.45
 30.08,  5.47
 30.04,  5.51
 30.01,  5.53
 29.97,  5.54
 29.92,  5.56
 29.88,  5.57
 29.84,  5.60
 29.81,  5.61
 29.74,  5.63
 29.71,  5.64
 29.67,  5.67
 29.61,  5.68
 29.57,  5.70
 29.54,  5.72
 29.49,  5.74
 29.45,  5.76
 29.38,  5.77
 29.34,  5.79
 29.29,  5.81
 29.26,  5.83
 29.18,  5.83
 29.15,  5.86
 29.09,  5.88
 29.05,  5.89
 29.00,  5.92
 28.95,  5.95
 28.91,  5.97
 28.86,  6.00
 28.83,  6.00
 28.79,  6.01
 28.75,  6.02
 28.73,  6.04
 28.71,  6.05
 28.67,  6.05
 28.62,  6.07
 28.61,  6.10
 28.59,  6.11
 28.55,  6.13
 28.54,  6.13
 28.53,  6.14
 28.50,  6.16
 28.49,  6.17
 28.48,  6.19
 28.46,  6.18
 28.44,  6.20
 28.41,  6.19
 28.39,  6.21
 28.39,  6.21
 28.37,  6.21
 28.35,  6.22
 28.33,  6.23
 28.32,  6.24
 28.30,  6.24
 28.28,  6.24
 28.28,  6.25
 28.27,  6.27
 28.27,  6.27
 28.24,  6.28
 28.26,  6.28
 28.23,  6.30
 28.22,  6.30
 28.22,  6.33
 28.22,  6.35
 28.22,  6.36
 28.21,  6.38
 28.24,  6.39
 28.24,  6.43
 28.25,  6.44
 28.26,  6.46
 28.27,  6.49
 28.28,  6.51
 28.28,  6.53
 28.29,  6.55
 28.30,  6.59
 28.31,  6.61
 28.32,  6.62
 28.35,  6.65
 28.34,  6.67
 28.37,  6.70
 28.38,  6.71
 28.39,  6.73
 28.39,  6.74
 28.39,  6.76
 28.42,  6.78
 28.43,  6.80
 28.45,  6.81
 28.47,  6.81
 28.48,  6.81
 28.49,  6.81
 28.49,  6.83
 28.51,  6.82
 28.52,  6.82
 28.54,  6.81
 28.56,  6.81
 28.58,  6.80
 28.60,  6.81
 28.63,  6.80
 28.64,  6.80
 28.66,  6.78
 28.70,  6.77
 28.72,  6.76
 28.73,  6.75
 28.76,  6.74
 28.80,  6.72
 28.83,  6.72
 28.85,  6.71
 28.86,  6.69
 28.87,  6.68
 28.89,  6.67
 28.90,  6.67
 28.92,  6.67
 28.93,  6.66
 28.93,  6.63
 28.93,  6.61
 28.91,  6.61
 28.91,  6.59
 28.90,  6.57
 28.89,  6.55
 28.86,  6.52
 28.85,  6.51
 28.83,  6.50
 28.82,  6.47
 28.78,  6.45
 28.78,  6.45
 28.74,  6.43
 28.72,  6.42
 28.70,  6.40
 28.65,  6.38
 28.63,  6.38
 28.61,  6.33
 28.59,  6.31
 28.55,  6.30
 28.53,  6.28
 28.50,  6.28
 28.49,  6.24
 28.44,  6.24
 28.42,  6.23
 28.40,  6.22
 28.38,  6.19
 28.37,  6.19
 28.34,  6.16
 28.32,  6.16
 28.31,  6.14
 28.29,  6.13
 28.29,  6.11
 28.28,  6.10
 28.28,  6.09
 28.28,  6.07
 28.28,  6.07
 28.27,  6.06
 28.26,  6.06
 28.27,  6.05
 28.27,  6.03
 28.28,  6.02
 28.27,  6.02
 28.27,  6.01
 28.27,  6.01
 28.27,  6.01
 28.27,  5.99
 28.28,  5.99
 28.28,  5.96
 28.28,  5.95
 28.28,  5.95
 28.28,  5.94
 28.27,  5.92
 28.30,  5.91
 28.29,  5.89
 28.29,  5.87
 28.31,  5.86
 28.33,  5.85
 28.34,  5.84
 28.38,  5.84
 28.39,  5.83
 28.41,  5.81
 28.42,  5.81
 28.46,  5.79
 28.49,  5.79
 28.50,  5.77
 28.54,  5.75
 28.57,  5.74
 28.60,  5.73
 28.64,  5.71
 28.66,  5.70
 28.71,  5.67
 28.73,  5.65
 28.79,  5.64
 28.84,  5.60
 28.88,  5.59
 28.92,  5.58
 28.97,  5.57
 29.04,  5.54
 29.08,  5.52
 29.15,  5.50
 29.19,  5.49
 29.26,  5.46
 29.33,  5.44
 29.38,  5.41
 29.47,  5.39
 29.51,  5.37
 29.58,  5.36
 29.65,  5.35
 29.71,  5.31
 29.78,  5.28
 29.85,  5.28
 29.92,  5.26
 29.99,  5.25
 30.04,  5.24
 30.09,  5.22
 30.15,  5.20
 30.20,  5.19
 30.26,  5.20
 30.29,  5.18
 30.35,  5.20
 30.37,  5.19
 30.40,  5.18
 30.44,  5.20
 30.45,  5.20
 30.45,  5.20
 30.46,  5.20
 30.45,  5.20
 30.44,  5.22
 30.40,  5.23
 30.38,  5.23
 30.35,  5.26
 30.31,  5.27
 30.25,  5.28
 30.22,  5.28
 30.18,  5.31
 30.14,  5.33
 30.09,  5.35
 30.04,  5.35
 30.03,  5.37
 29.99,  5.36
 29.95,  5.40
 29.93,  5.40
 29.91,  5.41
 29.86,  5.42
 29.82,  5.42
 29.80,  5.43
 29.75,  5.43
 29.70,  5.44
 29.66,  5.46
 29.60,  5.45
 29.57,  5.47
 29.52,  5.48
 29.48,  5.50
 29.42,  5.51
 29.38,  5.53
 29.32,  5.54
 29.27,  5.54
 29.22,  5.56
 29.16,  5.58
 29.11,  5.58
 29.07,  5.60
 29.01,  5.64
 28.95,  5.66
 28.91,  5.68
 28.86,  5.70
 28.83,  5.73
 28.78,  5.76
 28.73,  5.78
 28.70,  5.80
 28.66,  5.82
 28.64,  5.84
 28.61,  5.88
 28.58,  5.88
 28.54,  5.92
 28.51,  5.96
 28.49,  5.98
 28.45,  6.00
 28.42,  6.01
 28.39,  6.03
 28.38,  6.05
 28.32,  6.08
 28.30,  6.10
 28.28,  6.10
 28.26,  6.13
 28.23,  6.16
 28.19,  6.18
 28.18,  6.21
 28.16,  6.21
 28.15,  6.23
 28.12,  6.24
 28.10,  6.25
 28.07,  6.27
 28.06,  6.29
 28.03,  6.30
 28.00,  6.32
 27.98,  6.34
 27.96,  6.34
 27.96,  6.37
 27.94,  6.37
 27.92,  6.38
 27.91,  6.38
 27.88,  6.40
 27.85,  6.41
 27.85,  6.44
 27.85,  6.44
 27.84,  6.44
 27.84,  6.45
 27.84,  6.46
 27.83,  6.45
 27.83,  6.49
 27.83,  6.48
 27.83,  6.49
 27.83,  6.50
 27.84,  6.50
 27.84,  6.50
 27.84,  6.51
 27.85,  6.52
 27.85,  6.52
 27.85,  6.52
 27.86,  6.51
 27.89,  6.52
 27.93,  6.54
 27.94,  6.53
 27.96,  6.54
 27.97,  6.55
 28.01,  6.54
 28.06,  6.55
 28.07,  6.54
 28.10,  6.54
 28.15,  6.53
 28.17,  6.54
 28.21,  6.53
 28.26,  6.53
 28.28,  6.54
 28.32,  6.54
 28.37,  6.53
 28.40,  6.53
 28.44,  6.53
 28.49,  6.53
 28.51,  6.52
 28.54,  6.52
 28.59,  6.51
 28.62,  6.52
 28.64,  6.52
 28.69,  6.49
 28.71,  6.50
 28.73,  6.50
 28.74,  6.48
 28.78,  6.45
 28.79,  6.47
 28.80,  6.46
 28.81,  6.45
 28.81,  6.45
 28.81,  6.45
 28.82,  6.44
 28.82,  6.44
 28.80,  6.43
 28.78,  6.44
 28.77,  6.43
 28.73,  6.42
 28.73,  6.40
 28.68,  6.39
 28.65,  6.38
 28.62,  6.38
 28.59,  6.36
 28.56,  6.34
 28.51,  6.31
 28.48,  6.31
 28.42,  6.30
 28.39,  6.29
 28.33,  6.27
 28.29,  6.25
 28.24,  6.22
 28.18,  6.21
 28.16,  6.20
 28.09,  6.19
 28.07,  6.18
 28.02,  6.16
 27.98,  6.13
 27.95,  6.12
 27.93,  6.10
 27.87,  6.08
 27.86,  6.07
 27.84,  6.06
 27.78,  6.04
 27.76,  6.03
 27.74,  6.00
 27.72,  5.99
 27.71,  5.98
 27.70,  5.95
 27.68,  5.94
 27.66,  5.92
 27.65,  5.90
 27.63,  5.88
 27.63,  5.87
 27.64,  5.85
 27.63,  5.83
 27.64,  5.81
 27.63,  5.80
 27.64,  5.79
 27.64,  5.78
 27.65,  5.77
 27.66,  5.75
 27.68,  5.75
 27.72,  5.74
 27.73,  5.73
 27.73,  5.72
 27.76,  5.71
 27.77,  5.70
 27.80,  5.71
 27.83,  5.69
 27.86,  5.69
 27.88,  5.69
 27.90,  5.69
 27.94,  5.70
 27.97,  5.70
 27.98,  5.70
 28.01,  5.70
 28.04,  5.69
 28.06,  5.70
 28.08,  5.70
 28.09,  5.70
 28.11,  5.71
 28.13,  5.73
 28.15,  5.75
 28.16,  5.76
 28.18,  5.76
 28.19,  5.78
 28.21,  5.79
 28.21,  5.79
 28.24,  5.80
 28.24,  5.80
 28.27,  5.82
 28.28,  5.83
 28.28,  5.85
 28.28,  5.89
 28.28,  5.89
 28.29,  5.90
 28.30,  5.91
 28.31,  5.92
 28.31,  5.94
 28.34,  5.96
 28.35,  5.97
 28.36,  5.98
 28.38,  5.99
 28.39,  5.99
 28.39,  5.99
 28.43,  6.00
 28.46,  6.00
 28.49,  5.99
 28.50,  5.99
 28.52,  5.99
 28.56,  5.97
 28.58,  5.97
 28.60,  5.97
 28.62,  5.94
 28.63,  5.93
 28.65,  5.91
 28.66,  5.93
 28.66,  5.92
 28.66,  5.90
 28.65,  5.91
 28.63,  5.91
 28.61,  5.93
 28.58,  5.94
 28.56,  5.95
 28.51,  5.98
 28.49,  6.00
 28.46,  6.02
 28.41,  6.02
 28.39,  6.04
 28.33,  6.06
 28.29,  6.07
 28.24,  6.06
 28.18,  6.08
 28.16,  6.08
 28.08,  6.07
 28.06,  6.07
 27.99,  6.06
 27.96,  6.06
 27.91,  6.05
 27.86,  6.06
 27.83,  6.06
 27.76,  6.06
 27.75,  6.07
 27.70,  6.06
 27.64,  6.08
 27.63,  6.08
 27.58,  6.09
 27.53,  6.10
 27.51,  6.11
 27.45,  6.13
 27.42,  6.13
 27.37,  6.15
 27.30,  6.17
 27.27,  6.19
 27.21,  6.22
 27.20,  6.23
 27.14,  6.25
 27.11,  6.27
 27.09,  6.28
 27.07,  6.31
 27.04,  6.33
 27.01,  6.35
 26.99,  6.37
 26.98,  6.40
 26.96,  6.42
 26.96,  6.43
 26.90,  6.45
 26.89,  6.46
 26.87,  6.49
 26.86,  6.51
 26.82,  6.54
 26.79,  6.55
 26.78,  6.55
 26.76,  6.58
 26.75,  6.60
 26.74,  6.61
 26.73,  6.62
 26.71,  6.62
 26.67,  6.65
 26.67,  6.65
 26.67,  6.64
 26.65,  6.65
 26.65,  6.65
 26.64,  6.65
 26.64,  6.65
 26.63,  6.64
 26.63,  6.65
 26.63,  6.64
 26.63,  6.64
 26.63,  6.63
 26.64,  6.63
 26.64,  6.63
 26.66,  6.63
 26.66,  6.63
 26.67,  6.62
 26.70,  6.60
 26.72,  6.60
 26.74,  6.61
 26.76,  6.59
 26.77,  6.58
 26.78,  6.57
 26.79,  6.57
 26.82,  6.54
 26.85,  6.53
 26.87,  6.53
 26.88,  6.52
 26.90,  6.52
 26.93,  6.52
 26.97,  6.52
 26.99,  6.51
 27.00,  6.50
 27.04,  6.48
 27.08,  6.48
 27.09,  6.47
 27.11,  6.47
 27.14,  6.46
 27.18,  6.46
 27.20,  6.46
 27.22,  6.46
 27.26,  6.45
 27.30,  6.46
 27.32,  6.47
 27.33,  6.46
 27.39,  6.46
 27.41,  6.46
 27.43,  6.48
 27.45,  6.47
 27.49,  6.48
 27.52,  6.49
 27.54,  6.50
 27.55,  6.49
 27.59,  6.50
 27.62,  6.50
 27.64,  6.52
 27.65,  6.51
 27.67,  6.50
 27.69,  6.53
 27.71,  6.53
 27.73,  6.54
 27.74,  6.54
 27.74,  6.54
 27.74,  6.54
 27.74,  6.54
 27.74,  6.54
 27.74,  6.54
 27.73,  6.55
 27.71,  6.56
 27.69,  6.56
 27.67,  6.56
 27.65,  6.56
 27.64,  6.55
 27.62,  6.55
 27.60,  6.53
 27.56,  6.55
 27.52,  6.53
 27.51,  6.53
 27.45,  6.51
 27.43,  6.50
 27.40,  6.47
 27.34,  6.45
 27.32,  6.44
 27.30,  6.43
 27.23,  6.39
 27.21,  6.37
 27.18,  6.34
 27.14,  6.33
 27.10,  6.29
 27.09,  6.26
 27.02,  6.23
 26.99,  6.22
 26.97,  6.17
 26.96,  6.13
 26.92,  6.10
 26.89,  6.07
 26.88,  6.02
 26.85,  5.99
 26.85,  5.96
 26.82,  5.89
 26.82,  5.88
 26.79,  5.82
 26.78,  5.79
 26.78,  5.76
 26.78,  5.71
 26.77,  5.67
 26.77,  5.62
 26.77,  5.58
 26.78,  5.55
 26.79,  5.49
 26.78,  5.46
 26.79,  5.42
 26.81,  5.38
 26.83,  5.34
 26.85,  5.30
 26.86,  5.25
 26.87,  5.22
 26.88,  5.20
 26.89,  5.15
 26.91,  5.13
 26.95,  5.10
 26.97,  5.06
 26.98,  5.04
 26.99,  5.02
 27.04,  4.98
 27.07,  4.97
 27.09,  4.94
 27.11,  4.93
 27.15,  4.92
 27.18,  4.90
 27.21,  4.90
 27.26,  4.88
 27.28,  4.89
 27.31,  4.89
 27.38,  4.88
 27.40,  4.88
 27.44,  4.89
 27.50,  4.88
 27.52,  4.90
 27.54,  4.90
 27.60,  4.92
 27.64,  4.94
 27.67,  4.95
 27.73,  4.98
 27.75,  5.00
 27.78,  5.02
 27.83,  5.05
 27.86,  5.08
 27.89,  5.11
 27.95,  5.13
 27.98,  5.15
 28.03,  5.17
 28.07,  5.21
 28.08,  5.22
 28.15,  5.24
 28.19,  5.27
 28.23,  5.28
 28.28,  5.30
 28.33,  5.32
 28.40,  5.33
 28.45,  5.35
 28.50,  5.35
 28.56,  5.36
 28.62,  5.39
 28.65,  5.40
 28.73,  5.43
 28.76,  5.45
 28.82,  5.45
 28.86,  5.49
 28.91,  5.49
 28.95,  5.52
 28.98,  5.52
 29.01,  5.55
 29.05,  5.55
 29.09,  5.57
 29.12,  5.58
 29.15,  5.58
 29.19,  5.57
 29.22,  5.59
 29.25,  5.60
 29.28,  5.62
 29.29,  5.62
 29.32,  5.61
 29.35,  5.63
 29.38,  5.63
 29.38,  5.63
 29.39,  5.62
 29.39,  5.63
 29.39,  5.62
 29.39,  5.63
 29.39,  5.62
 29.38,  5.63
 29.38,  5.63
 29.36,  5.62
 29.36,  5.61
 29.33,  5.61
 29.30,  5.62
 29.28,  5.62
 29.26,  5.61
 29.25,  5.60
 29.20,  5.60
 29.18,  5.59
 29.14,  5.58
 29.11,  5.58
 29.07,  5.58
 29.04,  5.58
 29.01,  5.58
 28.96,  5.58
 28.94,  5.58
 28.89,  5.58
 28.86,  5.58
 28.83,  5.58
 28.79,  5.58
 28.74,  5.59
 28.73,  5.59
 28.68,  5.59
 28.63,  5.60
 28.62,  5.62
 28.57,  5.63
 28.52,  5.65
 28.50,  5.67
 28.48,  5.68
 28.44,  5.70
 28.41,  5.71
 28.39,  5.73
 28.37,  5.76
 28.35,  5.78
 28.32,  5.79
 28.31,  5.81
 28.30,  5.80
 28.30,  5.83
 28.30,  5.83
 28.29,  5.87
 28.28,  5.87
 28.28,  5.88
 28.26,  5.90
 28.25,  5.91
 28.24,  5.93
 28.24,  5.95
 28.22,  5.96
 28.21,  5.98
 28.21,  6.01
 28.20,  6.01
 28.21,  6.02
 28.21,  6.03
 28.20,  6.04
 28.20,  6.05
 28.19,  6.08
 28.18,  6.08
 28.18,  6.10
 28.17,  6.10
 28.18,  6.11
 28.17,  6.14
 28.16,  6.15
 28.16,  6.17
 28.16,  6.19
 28.15,  6.20
 28.16,  6.20
 28.14,  6.22
 28.15,  6.22
 28.16,  6.24
 28.16,  6.24
 28.17,  6.25
 28.19,  6.25
 28.19,  6.27
 28.20,  6.26
 28.21,  6.27
 28.24,  6.29
 28.26,  6.30
 28.28,  6.31
 28.29,  6.31
 28.29,  6.31
 28.30,  6.30
 28.31,  6.31
 28.36,  6.32
 28.37,  6.33
 28.39,  6.32
 28.40,  6.31
 28.42,  6.33
 28.45,  6.33
 28.48,  6.34
 28.50,  6.32
 28.50,  6.33
 28.54,  6.34
 28.57,  6.34
 28.59,  6.33
 28.61,  6.32
 28.63,  6.34
 28.66,  6.34
 28.69,  6.34
 28.71,  6.35
 28.73,  6.35
 28.76,  6.35
 28.79,  6.36
 28.82,  6.36
 28.83,  6.37
 28.85,  6.38
 28.87,  6.38
 28.90,  6.38
 28.89,  6.39
 28.89,  6.39
 28.93,  6.39
 28.93,  6.39
 28.93,  6.39
 28.93,  6.39
 28.90,  6.38
 28.89,  6.39
 28.89,  6.38
 28.89,  6.39
 28.85,  6.38
 28.83,  6.37
 28.80,  6.36
 28.78,  6.37
 28.73,  6.35
 28.70,  6.34
 28.66,  6.34
 28.61,  6.32
 28.57,  6.33
 28.52,  6.31
 28.48,  6.31
 28.41,  6.31
 28.40,  6.31
 28.31,  6.29
 28.29,  6.26
 28.22,  6.26
 28.17,  6.24
 28.12,  6.23
 28.07,  6.21
 28.02,  6.22
 27.97,  6.19
 27.91,  6.18
 27.86,  6.17
 27.83,  6.16
 27.78,  6.14
 27.74,  6.12
 27.71,  6.10
 27.65,  6.09
 27.63,  6.09
 27.62,  6.06
 27.56,  6.05
 27.54,  6.04
 27.53,  6.02
 27.52,  6.01
 27.50,  6.01
 27.51,  5.99
 27.48,  5.98
 27.44,  5.97
 27.44,  5.96
 27.43,  5.96
 27.42,  5.93
 27.43,  5.91
 27.42,  5.90
 27.42,  5.88
 27.41,  5.88
 27.43,  5.85
 27.42,  5.84
 27.43,  5.83
 27.43,  5.81
 27.44,  5.80
 27.45,  5.78
 27.48,  5.77
 27.50,  5.76
 27.51,  5.73
 27.54,  5.71
 27.56,  5.70
 27.59,  5.68
 27.63,  5.66
 27.64,  5.64
 27.70,  5.63
 27.75,  5.61
 27.77,  5.60
 27.84,  5.59
 27.87,  5.59
 27.94,  5.58
 27.97,  5.58
 28.02,  5.57
 28.07,  5.55
 28.13,  5.57
 28.17,  5.57
 28.21,  5.57
 28.26,  5.58
 28.30,  5.60
 28.32,  5.61
 28.38,  5.64
 28.40,  5.65
 28.43,  5.68
 28.46,  5.70
 28.48,  5.74
 28.51,  5.77
 28.52,  5.80
 28.52,  5.82
 28.54,  5.87
 28.58,  5.90
 28.58,  5.93
 28.61,  5.97
 28.62,  5.99
 28.63,  6.03
 28.65,  6.05
 28.68,  6.08
 28.70,  6.11
 28.72,  6.14
 28.72,  6.19
 28.72,  6.21
 28.74,  6.21
 28.75,  6.23
 28.76,  6.24
 28.76,  6.28
 28.77,  6.28
 28.77,  6.30
 28.78,  6.31
 28.79,  6.32
 28.81,  6.33
 28.81,  6.33
 28.82,  6.31
 28.83,  6.31
 28.84,  6.28
 28.84,  6.28
 28.86,  6.26
 28.88,  6.25
 28.88,  6.23
 28.89,  6.22
 28.89,  6.22
 28.88,  6.20
 28.87,  6.18
 28.84,  6.16
 28.83,  6.16
 28.79,  6.13
 28.74,  6.13
 28.72,  6.12
 28.70,  6.10
 28.67,  6.10
 28.63,  6.07
 28.62,  6.06
 28.60,  6.04
 28.56,  6.04
 28.54,  6.02
 28.50,  6.00
 28.50,  5.99
 28.48,  5.99
 28.46,  5.96
 28.42,  5.94
 28.40,  5.93
 28.37,  5.90
 28.34,  5.89
 28.28,  5.89
 28.27,  5.88
 28.19,  5.87
 28.17,  5.88
 28.10,  5.86
 28.08,  5.87
 28.03,  5.87
 27.96,  5.88
 27.95,  5.89
 27.88,  5.89
 27.85,  5.90
 27.79,  5.92
 27.75,  5.93
 27.71,  5.95
 27.64,  5.97
 27.61,  5.98
 27.55,  6.01
 27.51,  6.03
 27.44,  6.03
 27.41,  6.07
 27.35,  6.11
 27.31,  6.12
 27.26,  6.16
 27.21,  6.20
 27.19,  6.22
 27.16,  6.26
 27.10,  6.27
 27.09,  6.31
 27.06,  6.32
 27.03,  6.35
 27.01,  6.38
 26.97,  6.41
 26.96,  6.41
 26.90,  6.43
 26.89,  6.45
 26.87,  6.47
 26.86,  6.49
 26.81,  6.49
 26.78,  6.50
 26.76,  6.52
 26.75,  6.51
 26.73,  6.52
 26.69,  6.53
 26.67,  6.53
 26.65,  6.52
 26.66,  6.54
 26.64,  6.54
 26.64,  6.54
 26.63,  6.53
 26.64,  6.54
 26.63,  6.54
 26.63,  6.53
 26.63,  6.53
 26.63,  6.54
 26.63,  6.53
 26.63,  6.54
 26.63,  6.53
 26.63,  6.53
 26.63,  6.53
 26.63,  6.53
 26.64,  6.52
 26.65,  6.53
 26.65,  6.52
 26.66,  6.53
 26.67,  6.51
 26.71,  6.51
 26.73,  6.52
 26.75,  6.51
 26.75,  6.51
 26.76,  6.52
 26.78,  6.53
 26.80,  6.52
 26.84,  6.52
 26.85,  6.53
 26.87,  6.53
 26.88,  6.53
 26.88,  6.54
 26.92,  6.55
 26.95,  6.54
 26.97,  6.55
 26.98,  6.56
 26.99,  6.56
 27.00,  6.58
 27.03,  6.58
 27.05,  6.58
 27.07,  6.56
 27.09,  6.57
 27.09,  6.56
 27.10,  6.57
 27.12,  6.57
 27.16,  6.53
 27.19,  6.54
 27.21,  6.55
 27.25,  6.56
 27.28,  6.55
 27.31,  6.56
 27.31,  6.55
 27.34,  6.56
 27.37,  6.54
 27.38,  6.54
 27.40,  6.53
 27.41,  6.53
 27.41,  6.53
 27.41,  6.53
 27.42,  6.52
 27.42,  6.52
 27.42,  6.52
 27.41,  6.51
 27.40,  6.50
 27.37,  6.49
 27.34,  6.49
 27.33,  6.47
 27.31,  6.46
 27.29,  6.43
 27.23,  6.44
 27.22,  6.43
 27.19,  6.42
 27.15,  6.39
 27.10,  6.37
 27.08,  6.36
 27.03,  6.34
 26.98,  6.31
 26.96,  6.30
 26.89,  6.28
 26.87,  6.27
 26.83,  6.25
 26.78,  6.23
 26.75,  6.20
 26.69,  6.18
 26.65,  6.17
 26.62,  6.16
 26.57,  6.14
 26.53,  6.11
 26.50,  6.08
 26.46,  6.06
 26.43,  6.05
 26.41,  6.03
 26.35,  6.00
 26.32,  5.98
 26.30,  5.96
 26.24,  5.94
 26.21,  5.92
 26.17,  5.89
 26.14,  5.86
 26.11,  5.84
 26.06,  5.84
 26.01,  5.79
 25.99,  5.77
 25.96,  5.74
 25.92,  5.72
 25.90,  5.69
 25.88,  5.66
 25.85,  5.63
 25.85,  5.63
 25.82,  5.59
 25.79,  5.55
 25.78,  5.53
 25.78,  5.51
 25.77,  5.49
 25.76,  5.45
 25.73,  5.43
 25.76,  5.41
 25.76,  5.39
 25.76,  5.36
 25.78,  5.33
 25.78,  5.31
 25.78,  5.29
 25.80,  5.29
 25.85,  5.24
 25.85,  5.24
 25.89,  5.23
 25.90,  5.22
 25.94,  5.20
 25.96,  5.18
 26.00,  5.17
 26.02,  5.18
 26.06,  5.16
 26.09,  5.16
 26.12,  5.14
 26.16,  5.15
 26.19,  5.14
 26.22,  5.14
 26.25,  5.16
 26.29,  5.16
 26.32,  5.17
 26.35,  5.18
 26.39,  5.19
 26.42,  5.19
 26.44,  5.21
 26.46,  5.23
 26.48,  5.23
 26.53,  5.25
 26.54,  5.27
 26.57,  5.29
 26.60,  5.32
 26.62,  5.33
 26.65,  5.35
 26.66,  5.37
 26.68,  5.40
 26.71,  5.42
 26.73,  5.46
 26.75,  5.48
 26.76,  5.49
 26.78,  5.52
 26.79,  5.55
 26.82,  5.57
 26.85,  5.59
 26.86,  5.59
 26.87,  5.61
 26.89,  5.61
 26.93,  5.63
 26.96,  5.62
 26.97,  5.62
 26.98,  5.64
 27.00,  5.62
 27.03,  5.62
 27.04,  5.60
 27.07,  5.60
 27.08,  5.59
 27.08,  5.58
 27.09,  5.57
 27.08,  5.57
 27.08,  5.55
 27.06,  5.54
 27.05,  5.55
 27.03,  5.55
 27.00,  5.54
 26.98,  5.55
 26.95,  5.54
 26.93,  5.55
 26.90,  5.55
 26.86,  5.55
 26.84,  5.53
 26.79,  5.55
 26.76,  5.52
 26.74,  5.51
 26.68,  5.51
 26.65,  5.49
 26.63,  5.49
 26.57,  5.48
 26.54,  5.48
 26.50,  5.48
 26.46,  5.46
 26.43,  5.48
 26.38,  5.45
 26.34,  5.45
 26.31,  5.44
 26.26,  5.43
 26.23,  5.44
 26.19,  5.43
 26.15,  5.42
 26.12,  5.43
 26.06,  5.43
 26.04,  5.44
 26.01,  5.44
 25.96,  5.45
 25.93,  5.45
 25.90,  5.47
 25.87,  5.47
 25.83,  5.47
 25.80,  5.48
 25.77,  5.49
 25.77,  5.50
 25.76,  5.51
 25.74,  5.53
 25.72,  5.53
 25.71,  5.55
 25.68,  5.55
 25.68,  5.58
 25.67,  5.59
 25.65,  5.60
 25.65,  5.63
 25.62,  5.64
 25.62,  5.64
 25.60,  5.66
 25.61,  5.67
 25.59,  5.70
 25.59,  5.73
 25.59,  5.73
 25.60,  5.75
 25.61,  5.75
 25.58,  5.77
 25.60,  5.79
 25.61,  5.80
 25.59,  5.82
 25.61,  5.85
 25.60,  5.86
 25.60,  5.86
 25.60,  5.87
 25.60,  5.89
 25.61,  5.88
 25.62,  5.91
 25.64,  5.92
 25.65,  5.93
 25.66,  5.94
 25.67,  5.95
 25.68,  5.97
 25.71,  5.97
 25.72,  5.97
 25.74,  5.99
 25.77,  6.00
 25.79,  5.99
 25.79,  6.00
 25.84,  6.01
 25.88,  6.02
 25.89,  6.03
 25.91,  6.03
 25.95,  6.04
 25.97,  6.04
 26.00,  6.06
 26.04,  6.07
 26.07,  6.06
 26.10,  6.07
 26.14,  6.08
 26.17,  6.08
 26.20,  6.08
 26.23,  6.09
 26.28,  6.09
 26.31,  6.10
 26.34,  6.12
 26.38,  6.09
 26.42,  6.10
 26.45,  6.12
 26.49,  6.12
 26.55,  6.13
 26.57,  6.13
 26.61,  6.13
 26.65,  6.13
 26.70,  6.14
 26.75,  6.13
 26.78,  6.14
 26.82,  6.16
 26.87,  6.14
 26.90,  6.15
 26.93,  6.16
 26.98,  6.14
 26.99,  6.15
 27.01,  6.16
 27.06,  6.17
 27.08,  6.16
 27.11,  6.17
 27.12,  6.18
 27.15,  6.17
 27.17,  6.18
 27.20,  6.20
 27.20,  6.18
 27.22,  6.20
 27.23,  6.19
 27.24,  6.19
 27.26,  6.20
 27.29,  6.20
 27.28,  6.22
 27.29,  6.20
 27.27,  6.23
 27.23,  6.23
 27.22,  6.23
 27.22,  6.24
 27.20,  6.23
 27.19,  6.23
 27.17,  6.23
 27.12,  6.25
 27.11,  6.24
 27.09,  6.23
 27.07,  6.21
 27.00,  6.23
 26.99,  6.21
 26.96,  6.20
 26.92,  6.19
 26.88,  6.19
 26.85,  6.17
 26.83,  6.16
 26.79,  6.14
 26.76,  6.13
 26.73,  6.11
 26.69,  6.11
 26.67,  6.08
 26.64,  6.07
 26.61,  6.06
 26.56,  6.03
 26.55,  6.01
 26.54,  5.99
 26.52,  5.97
 26.48,  5.96
 26.46,  5.94
 26.44,  5.90
 26.45,  5.88
 26.42,  5.87
 26.40,  5.84
 26.40,  5.83
 26.40,  5.81
 26.38,  5.78
 26.37,  5.76
 26.37,  5.74
 26.37,  5.73
 26.37,  5.70
 26.38,  5.67
 26.39,  5.67
 26.39,  5.63
 26.40,  5.63
 26.43,  5.60
 26.44,  5.57
 26.44,  5.57
 26.46,  5.55
 26.48,  5.52
 26.51,  5.52
 26.53,  5.49
 26.55,  5.47
 26.57,  5.46
 26.59,  5.46
 26.63,  5.44
 26.64,  5.42
 26.68,  5.40
 26.72,  5.40
 26.75,  5.39
 26.77,  5.38
 26.80,  5.37
 26.84,  5.36
 26.87,  5.35
 26.89,  5.35
 26.95,  5.34
 26.99,  5.34
 26.99,  5.35
 27.05,  5.32
 27.07,  5.33
 27.10,  5.33
 27.14,  5.32
 27.18,  5.33
 27.21,  5.32
 27.24,  5.32
 27.29,  5.33
 27.32,  5.35
 27.35,  5.34
 27.40,  5.34
 27.43,  5.35
 27.44,  5.36
 27.49,  5.35
 27.53,  5.36
 27.55,  5.37
 27.60,  5.38
 27.63,  5.37
 27.65,  5.37
 27.70,  5.39
 27.73,  5.41
 27.75,  5.41
 27.79,  5.42
 27.84,  5.44
 27.85,  5.43
 27.92,  5.43
 27.95,  5.45
 27.96,  5.44
 28.01,  5.45
 28.06,  5.45
 28.08,  5.47
 28.12,  5.47
 28.16,  5.46
 28.19,  5.48
 28.20,  5.50
 28.26,  5.51
 28.29,  5.52
 28.31,  5.53
 28.35,  5.54
 28.38,  5.55
 28.39,  5.56
 28.41,  5.57
 28.45,  5.56
 28.48,  5.58
 28.49,  5.58
 28.51,  5.58
 28.52,  5.58
 28.55,  5.59
 28.56,  5.57
 28.59,  5.58
 28.60,  5.58
 28.60,  5.58
 28.63,  5.58
 28.63,  5.58
 28.64,  5.57
 28.63,  5.57
 28.62,  5.56
 28.62,  5.56
 28.62,  5.55
 28.61,  5.55
 28.61,  5.55
 28.61,  5.54
 28.59,  5.55
 28.57,  5.53
 28.55,  5.52
 28.53,  5.51
 28.50,  5.51
 28.50,  5.50
 28.46,  5.51
 28.44,  5.49
 28.41,  5.48
 28.39,  5.45
 28.37,  5.47
 28.31,  5.45
 28.28,  5.45
 28.27,  5.45
 28.19,  5.44
 28.16,  5.45
 28.09,  5.44
 28.06,  5.43
 27.97,  5.43
 27.95,  5.43
 27.86,  5.41
 27.83,  5.41
 27.76,  5.41
 27.72,  5.41
 27.65,  5.40
 27.59,  5.39
 27.53,  5.41
 27.49,  5.40
 27.43,  5.40
 27.39,  5.41
 27.33,  5.40
 27.30,  5.39
 27.26,  5.42
 27.21,  5.42
 27.19,  5.42
 27.14,  5.45
 27.11,  5.44
 27.08,  5.45
 27.04,  5.48
 27.01,  5.48
 26.97,  5.51
 26.96,  5.53
 26.94,  5.55
 26.89,  5.56
 26.87,  5.58
 26.84,  5.61
 26.81,  5.63
 26.77,  5.64
 26.75,  5.66
 26.74,  5.66
 26.72,  5.67
 26.68,  5.68
 26.66,  5.69
 26.65,  5.71
 26.63,  5.73
 26.62,  5.73
 26.60,  5.74
 26.57,  5.74
 26.57,  5.74
 26.56,  5.75
 26.56,  5.76
 26.55,  5.75
 26.53,  5.76
 26.54,  5.76
 26.53,  5.76
 26.52,  5.77
 26.54,  5.76
 26.55,  5.77
 26.56,  5.76
 26.56,  5.77
 26.57,  5.76
 26.57,  5.76
 26.60,  5.75
 26.62,  5.75
 26.63,  5.75
 26.64,  5.76
 26.67,  5.75
 26.68,  5.75
 26.73,  5.74
 26.74,  5.76
 26.76,  5.75
 26.78,  5.76
 26.80,  5.75
 26.85,  5.75
 26.85,  5.77
 26.87,  5.76
 26.89,  5.76
 26.95,  5.77
 26.96,  5.77
 26.97,  5.77
 27.01,  5.77
 27.07,  5.77
 27.08,  5.78
 27.11,  5.78
 27.17,  5.79
 27.21,  5.80
 27.22,  5.80
 27.29,  5.80
 27.31,  5.82
 27.35,  5.84
 27.41,  5.84
 27.43,  5.84
 27.49,  5.87
 27.52,  5.87
 27.55,  5.89
 27.60,  5.88
 27.64,  5.90
 27.65,  5.92
 27.69,  5.92
 27.72,  5.94
 27.74,  5.94
 27.76,  5.94
 27.76,  5.96
 27.77,  5.96
 27.79,  5.97
 27.79,  5.97
 27.83,  5.98
 27.80,  5.97
 27.82,  5.97
 27.80,  5.97
 27.79,  5.97
 27.78,  5.96
 27.76,  5.98
 27.76,  5.96
 27.75,  5.95
 27.72,  5.94
 27.72,  5.93
 27.68,  5.90
 27.65,  5.89
 27.63,  5.89
 27.61,  5.88
 27.58,  5.85
 27.54,  5.84
 27.52,  5.81
 27.50,  5.80
 27.45,  5.79
 27.43,  5.78
 27.41,  5.76
 27.39,  5.75
 27.35,  5.73
 27.32,  5.71
 27.31,  5.68
 27.29,  5.66
 27.27,  5.66
 27.24,  5.64
 27.22,  5.62
 27.20,  5.59
 27.18,  5.59
 27.18,  5.55
 27.18,  5.54
 27.14,  5.53
 27.13,  5.51
 27.11,  5.49
 27.10,  5.47
 27.09,  5.46
 27.08,  5.45
 27.07,  5.44
 27.07,  5.43
 27.06,  5.41
 27.06,  5.40
 27.05,  5.38
 27.04,  5.38
 27.04,  5.37
 27.04,  5.35
 27.04,  5.35
 27.06,  5.33
 27.05,  5.31
 27.06,  5.31
 27.06,  5.30
 27.06,  5.30
 27.07,  5.30
 27.09,  5.27
 27.09,  5.26
 27.10,  5.25
 27.10,  5.26
 27.14,  5.25
 27.16,  5.24
 27.19,  5.24
 27.20,  5.23
 27.21,  5.23
 27.25,  5.24
 27.29,  5.22
 27.30,  5.22
 27.33,  5.22
 27.36,  5.22
 27.40,  5.22
 27.42,  5.23
 27.44,  5.24
 27.49,  5.23
 27.52,  5.23
 27.55,  5.25
 27.60,  5.24
 27.63,  5.24
 27.67,  5.25
 27.72,  5.26
 27.76,  5.26
 27.80,  5.28
 27.84,  5.29
 27.87,  5.31
 27.93,  5.33
 27.96,  5.33
 27.99,  5.34
 28.05,  5.36
 28.09,  5.37
 28.12,  5.40
 28.18,  5.43
 28.19,  5.45
 28.25,  5.47
 28.27,  5.50
 28.30,  5.53
 28.34,  5.56
 28.37,  5.57
 28.39,  5.61
 28.41,  5.62
 28.41,  5.64
 28.45,  5.68
 28.48,  5.68
 28.50,  5.73
 28.50,  5.76
 28.51,  5.77
 28.53,  5.79
 28.54,  5.80
 28.55,  5.81
 28.56,  5.82
 28.58,  5.82
 28.62,  5.83
 28.61,  5.84
 28.62,  5.84
 28.62,  5.84
 28.62,  5.85
 28.62,  5.85
 28.62,  5.84
 28.63,  5.84
 28.63,  5.83
 28.63,  5.81
 28.63,  5.80
 28.63,  5.80
 28.61,  5.79
 28.61,  5.78
 28.61,  5.77
 28.59,  5.77
 28.58,  5.77
 28.56,  5.78
 28.52,  5.77
 28.50,  5.77
 28.50,  5.77
 28.48,  5.77
 28.45,  5.78
 28.41,  5.78
 28.38,  5.77
 28.35,  5.78
 28.30,  5.77
 28.28,  5.77
 28.24,  5.75
 28.18,  5.76
 28.17,  5.75
 28.12,  5.74
 28.07,  5.72
 28.03,  5.72
 27.98,  5.70
 27.94,  5.70
 27.88,  5.69
 27.83,  5.69
 27.78,  5.70
 27.74,  5.68
 27.68,  5.70
 27.64,  5.70
 27.59,  5.71
 27.54,  5.70
 27.51,  5.73
 27.47,  5.73
 27.42,  5.75
 27.39,  5.76
 27.33,  5.77
 27.30,  5.78
 27.28,  5.77
 27.21,  5.78
 27.20,  5.81
 27.15,  5.82
 27.10,  5.83
 27.07,  5.84
 27.01,  5.86
 26.97,  5.86
 26.94,  5.88
 26.89,  5.88
 26.87,  5.90
 26.85,  5.92
 26.80,  5.91
 26.78,  5.93
 26.75,  5.95
 26.74,  5.96
 26.74,  5.96
 26.67,  5.97
 26.66,  5.98
 26.63,  5.97
 26.63,  5.97
 26.62,  5.97
 26.56,  5.98
 26.56,  5.98
 26.54,  5.99
 26.53,  6.00
 26.52,  5.99
 26.51,  6.01
 26.49,  6.01
 26.47,  6.01
 26.46,  6.00
 26.46,  6.01
 26.44,  6.01
 26.44,  6.01
 26.44,  6.01
 26.45,  6.01
 26.46,  6.00
 26.45,  6.01
 26.47,  6.01
 26.50,  6.02
 26.52,  6.00
 26.54,  6.00
 26.55,  6.02
 26.57,  6.01
 26.61,  6.02
 26.65,  6.01
 26.66,  6.02
 26.69,  6.03
 26.74,  6.04
 26.77,  6.02
 26.79,  6.04
 26.83,  6.06
 26.86,  6.06
 26.89,  6.06
 26.92,  6.06
 26.97,  6.08
 26.99,  6.08
 27.02,  6.07
 27.07,  6.08
 27.09,  6.09
 27.15,  6.10
 27.19,  6.10
 27.21,  6.12
 27.28,  6.12
 27.32,  6.14
 27.37,  6.16
 27.42,  6.15
 27.46,  6.16
 27.51,  6.16
 27.55,  6.18
 27.62,  6.19
 27.66,  6.18
 27.72,  6.20
 27.76,  6.20
 27.80,  6.23
 27.85,  6.21
 27.86,  6.24
 27.91,  6.23
 27.95,  6.25
 27.98,  6.26
 28.00,  6.26
 28.04,  6.27
 28.06,  6.27
 28.09,  6.28
 28.09,  6.28
 28.09,  6.29
 28.11,  6.29
 28.11,  6.30
 28.12,  6.29
 28.11,  6.31
 28.10,  6.30
 28.09,  6.29
 28.07,  6.31
 28.06,  6.31
 28.04,  6.31
 27.99,  6.31
 27.96,  6.30
 27.94,  6.31
 27.88,  6.29
 27.85,  6.30
 27.80,  6.28
 27.75,  6.29
 27.73,  6.27
 27.66,  6.27
 27.63,  6.27
 27.56,  6.26
 27.54,  6.24
 27.50,  6.23
 27.44,  6.22
 27.40,  6.20
 27.37,  6.18
 27.32,  6.18
 27.30,  6.17
 27.26,  6.16
 27.22,  6.15
 27.20,  6.12
 27.18,  6.10
 27.14,  6.08
 27.10,  6.06
 27.10,  6.06
 27.08,  6.05
 27.07,  6.02
 27.06,  6.01
 27.01,  5.97
 27.00,  5.96
 26.99,  5.94
 26.98,  5.93
 26.97,  5.90
 26.97,  5.86
 26.97,  5.86
 26.97,  5.85
 26.97,  5.84
 26.97,  5.80
 26.97,  5.79
 26.97,  5.77
 26.97,  5.74
 26.99,  5.72
 27.00,  5.71
 27.02,  5.68
 27.04,  5.67
 27.07,  5.64
 27.08,  5.64
 27.08,  5.63
 27.10,  5.60
 27.13,  5.59
 27.17,  5.60
 27.20,  5.58
 27.21,  5.58
 27.22,  5.58
 27.26,  5.57
 27.28,  5.56
 27.31,  5.57
 27.32,  5.58
 27.33,  5.58
 27.38,  5.59
 27.41,  5.59
 27.42,  5.59
 27.45,  5.60
 27.49,  5.62
 27.52,  5.64
 27.52,  5.65
 27.55,  5.67
 27.58,  5.69
 27.61,  5.72
 27.63,  5.74
 27.64,  5.75
 27.66,  5.77
 27.69,  5.79
 27.71,  5.82
 27.73,  5.83
 27.74,  5.85
 27.74,  5.88
 27.74,  5.89
 27.76,  5.91
 27.77,  5.92
 27.79,  5.93
 27.80,  5.95
 27.82,  5.98
 27.83,  5.98
 27.84,  5.99
 27.85,  5.99
 27.87,  5.98
 27.91,  5.99
 27.94,  5.98
 27.95,  5.98
 27.97,  5.97
 28.00,  5.94
 28.03,  5.94
 28.07,  5.91
 28.09,  5.91
 28.11,  5.88
 28.16,  5.86
 28.18,  5.83
 28.19,  5.80
 28.22,  5.79
 28.26,  5.77
 28.28,  5.75
 28.30,  5.72
 28.31,  5.69
 28.33,  5.68
 28.36,  5.65
 28.36,  5.62
 28.35,  5.61
 28.36,  5.60
 28.33,  5.58
 28.31,  5.58
 28.29,  5.57
 28.28,  5.55
 28.25,  5.54
 28.19,  5.54
 28.17,  5.54
 28.14,  5.53
 28.09,  5.51
 28.07,  5.52
 28.03,  5.51
 27.99,  5.51
 27.96,  5.52
 27.93,  5.53
 27.89,  5.54
 27.84,  5.55
 27.82,  5.54
 27.76,  5.56
 27.72,  5.57
 27.66,  5.59
 27.62,  5.60
 27.55,  5.60
 27.53,  5.63
 27.47,  5.64
 27.43,  5.65
 27.38,  5.68
 27.33,  5.69
 27.30,  5.72
 27.24,  5.71
 27.19,  5.74
 27.18,  5.76
 27.11,  5.77
 27.09,  5.79
 27.05,  5.81
 27.00,  5.81
 26.97,  5.84
 26.92,  5.86
 26.88,  5.88
 26.84,  5.91
 26.78,  5.91
 26.75,  5.95
 26.69,  5.97
 26.66,  5.99
 26.62,  6.02
 26.58,  6.03
 26.55,  6.05
 26.53,  6.07
 26.50,  6.09
 26.48,  6.11
 26.46,  6.11
 26.44,  6.14
 26.43,  6.16
 26.41,  6.17
 26.40,  6.18
 26.36,  6.19
 26.34,  6.20
 26.33,  6.22
 26.32,  6.23
 26.30,  6.25
 26.29,  6.26
 26.26,  6.25
 26.25,  6.28
 26.23,  6.28
 26.22,  6.28
 26.23,  6.29
 26.22,  6.30
 26.21,  6.29
 26.20,  6.30
 26.21,  6.31
 26.21,  6.31
 26.22,  6.33
 26.22,  6.34
 26.21,  6.34
 26.22,  6.36
 26.21,  6.36
 26.22,  6.37
 26.23,  6.37
 26.24,  6.38
 26.26,  6.38
 26.27,  6.39
 26.29,  6.39
 26.30,  6.39
 26.30,  6.39
 26.32,  6.40
 26.34,  6.40
 26.35,  6.41
 26.41,  6.40
 26.41,  6.40
 26.42,  6.42
 26.45,  6.42
 26.45,  6.43
 26.45,  6.44
 26.51,  6.45
 26.52,  6.44
 26.54,  6.45
 26.56,  6.46
 26.57,  6.46
 26.62,  6.46
 26.63,  6.46
 26.65,  6.48
 26.66,  6.47
 26.68,  6.49
 26.68,  6.49
 26.72,  6.49
 26.73,  6.50
 26.75,  6.50
 26.75,  6.51
 26.76,  6.51
 26.77,  6.50
 26.80,  6.50
 26.82,  6.51
 26.85,  6.51
 26.86,  6.51
 26.87,  6.53
 26.86,  6.53
 26.87,  6.53
 26.88,  6.53
 26.88,  6.53
 26.88,  6.55
 26.89,  6.54
 26.89,  6.55
 26.89,  6.55
 26.89,  6.55
 26.88,  6.54
 26.88,  6.53
 26.87,  6.53
 26.86,  6.52
 26.86,  6.51
 26.86,  6.51
 26.83,  6.51
 26.81,  6.49
 26.78,  6.50
 26.77,  6.49
 26.75,  6.49
 26.72,  6.47
 26.67,  6.45
 26.65,  6.42
 26.64,  6.41
 26.61,  6.38
 26.56,  6.38
 26.54,  6.37
 26.51,  6.34
 26.48,  6.31
 26.44,  6.29
 26.43,  6.28
 26.40,  6.27
 26.39,  6.24
 26.34,  6.20
 26.32,  6.20
 26.31,  6.18
 26.30,  6.17
 26.27,  6.15
 26.25,  6.10
 26.23,  6.09
 26.23,  6.07
 26.22,  6.06
 26.21,  6.04
 26.21,  6.01
 26.20,  5.97
 26.19,  5.96
 26.18,  5.95
 26.16,  5.92
 26.14,  5.88
 26.13,  5.88
 26.14,  5.86
 26.11,  5.84
 26.10,  5.83
 26.11,  5.81
 26.10,  5.78
 26.11,  5.75
 26.08,  5.74
 26.10,  5.72
 26.10,  5.71
 26.11,  5.69
 26.12,  5.66
 26.13,  5.65
 26.15,  5.64
 26.17,  5.63
 26.19,  5.62
 26.21,  5.60
 26.22,  5.58
 26.25,  5.58
 26.30,  5.56
 26.32,  5.56
 26.35,  5.53
 26.41,  5.53
 26.42,  5.51
 26.46,  5.52
 26.51,  5.51
 26.54,  5.50
 26.57,  5.48
 26.61,  5.47
 26.65,  5.46
 26.67,  5.44
 26.72,  5.43
 26.76,  5.43
 26.79,  5.41
 26.84,  5.40
 26.87,  5.39
 26.88,  5.37
 26.94,  5.38
 26.98,  5.36
 27.00,  5.35
 27.05,  5.36
 27.08,  5.34
 27.11,  5.35
 27.18,  5.33
 27.19,  5.34
 27.22,  5.33
 27.28,  5.32
 27.31,  5.32
 27.37,  5.31
 27.40,  5.31
 27.44,  5.30
 27.50,  5.29
 27.54,  5.28
 27.58,  5.26
 27.64,  5.26
 27.66,  5.26
 27.73,  5.24
 27.74,  5.23
 27.80,  5.24
 27.84,  5.24
 27.87,  5.22
 27.93,  5.22
 27.96,  5.18
 27.98,  5.17
 28.03,  5.17
 28.06,  5.15
 28.09,  5.14
 28.14,  5.13
 28.18,  5.12
 28.23,  5.09
 28.29,  5.07
 28.31,  5.04
 28.38,  5.02
 28.41,  5.01
 28.49,  5.01
 28.51,  4.98
 28.58,  4.97
 28.62,  4.97
 28.65,  4.97
 28.70,  4.94
 28.73,  4.97
 28.74,  4.97
 28.74,  4.97
 28.77,  4.97
 28.78,  4.98
 28.79,  5.00
 28.81,  5.01
 28.79,  5.01
 28.79,  5.03
 28.77,  5.03
 28.76,  5.05
 28.74,  5.04
 28.73,  5.06
 28.72,  5.06
 28.69,  5.08
 28.66,  5.08
 28.65,  5.09
 28.61,  5.10
 28.61,  5.11
 28.60,  5.11
 28.55,  5.11
 28.52,  5.11
 28.50,  5.11
 28.49,  5.12
 28.42,  5.11
 28.40,  5.12
 28.36,  5.10
 28.29,  5.11
 28.27,  5.12
 28.21,  5.12
 28.17,  5.12
 28.12,  5.11
 28.07,  5.12
 28.03,  5.11
 27.96,  5.12
 27.92,  5.13
 27.87,  5.13
 27.84,  5.13
 27.76,  5.13
 27.73,  5.13
 27.67,  5.14
 27.64,  5.14
 27.58,  5.16
 27.54,  5.16
 27.49,  5.17
 27.43,  5.19
 27.39,  5.20
 27.32,  5.22
 27.29,  5.23
 27.25,  5.24
 27.21,  5.25
 27.19,  5.26
 27.16,  5.29
 27.11,  5.29
 27.09,  5.32
 27.07,  5.33
 27.06,  5.34
 27.00,  5.36
 26.98,  5.37
 26.97,  5.39
 26.95,  5.40
 26.91,  5.41
 26.88,  5.43
 26.86,  5.45
 26.85,  5.46
 26.82,  5.48
 26.80,  5.50
 26.79,  5.52
 26.78,  5.53
 26.77,  5.54
 26.77,  5.58
 26.76,  5.58
 26.77,  5.58
 26.76,  5.61
 26.75,  5.64
 26.75,  5.64
 26.74,  5.66
 26.75,  5.67
 26.76,  5.71
 26.74,  5.74
 26.74,  5.74
 26.75,  5.76
 26.76,  5.79
 26.77,  5.81
 26.78,  5.84
 26.81,  5.86
 26.84,  5.87
 26.86,  5.91
 26.87,  5.94
 26.89,  5.97
 26.95,  6.00
 26.97,  6.01
 26.98,  6.05
 26.99,  6.07
 27.01,  6.09
 27.04,  6.13
 27.06,  6.17
 27.08,  6.18
 27.10,  6.20
 27.12,  6.23
 27.18,  6.25
 27.20,  6.28
 27.21,  6.29
 27.26,  6.32
 27.30,  6.33
 27.31,  6.36
 27.36,  6.38
 27.40,  6.40
 27.42,  6.41
 27.44,  6.41
 27.50,  6.44
 27.53,  6.44
 27.55,  6.46
 27.56,  6.47
 27.61,  6.48
 27.62,  6.47
 27.64,  6.48
 27.66,  6.49
 27.69,  6.49
 27.73,  6.49
 27.74,  6.50
 27.76,  6.50
 27.77,  6.50
 27.80,  6.49
 27.83,  6.49
 27.84,  6.49
 27.84,  6.49
 27.84,  6.48
 27.83,  6.48
 27.83,  6.48
 27.83,  6.46
 27.82,  6.44
 27.80,  6.44
 27.77,  6.43
 27.74,  6.42
 27.73,  6.40
 27.70,  6.38
 27.65,  6.38
 27.63,  6.36
 27.61,  6.32
 27.54,  6.29
 27.52,  6.29
 27.47,  6.27
 27.43,  6.24
 27.40,  6.21
 27.36,  6.19
 27.32,  6.17
 27.29,  6.15
 27.26,  6.12
 27.21,  6.08
 27.19,  6.07
 27.17,  6.06
 27.13,  6.02
 27.11,  5.98
 27.08,  5.97
 27.07,  5.95
 27.05,  5.94
 27.01,  5.91
 27.00,  5.88
 26.99,  5.86
 26.97,  5.84
 26.97,  5.82
 26.96,  5.79
 26.95,  5.77
 26.94,  5.74
 26.92,  5.73
 26.93,  5.73
 26.92,  5.71
 26.91,  5.69
 26.91,  5.67
 26.92,  5.65
 26.93,  5.63
 26.92,  5.62
 26.94,  5.62
 26.94,  5.61
 26.96,  5.57
 26.96,  5.56
 26.97,  5.56
 26.96,  5.54
 26.98,  5.53
 26.99,  5.51
 27.01,  5.51
 27.02,  5.49
 27.05,  5.48
 27.07,  5.44
 27.08,  5.44
 27.11,  5.43
 27.13,  5.40
 27.17,  5.40
 27.20,  5.37
 27.23,  5.38
 27.27,  5.36
 27.30,  5.34
 27.32,  5.33
 27.38,  5.31
 27.40,  5.31
 27.45,  5.30
 27.48,  5.28
 27.53,  5.25
 27.57,  5.26
 27.62,  5.24
 27.66,  5.21
 27.74,  5.22
 27.75,  5.20
 27.84,  5.20
 27.88,  5.17
 27.95,  5.17
 28.01,  5.16
 28.08,  5.16
 28.15,  5.14
 28.20,  5.16
 28.29,  5.14
 28.35,  5.14
 28.41,  5.15
 28.49,  5.15
 28.54,  5.16
 28.62,  5.19
 28.67,  5.21
 28.72,  5.22
 28.77,  5.24
 28.83,  5.25
 28.85,  5.28
 28.89,  5.30
 28.94,  5.33
 28.94,  5.34
 28.97,  5.36
 28.97,  5.38
 28.99,  5.42
 29.00,  5.42
 29.02,  5.44
 29.02,  5.46
 29.03,  5.45
 29.01,  5.47
 29.02,  5.47
 29.01,  5.47
 29.00,  5.46
 28.97,  5.46
 28.95,  5.45
 28.94,  5.45
 28.92,  5.45
 28.86,  5.44
 28.83,  5.44
 28.82,  5.43
 28.76,  5.43
 28.73,  5.43
 28.72,  5.40
 28.66,  5.38
 28.62,  5.38
 28.58,  5.36
 28.52,  5.36
 28.49,  5.35
 28.42,  5.33
 28.39,  5.33
 28.34,  5.30
 28.29,  5.27
 28.24,  5.26
 28.19,  5.25
 28.15,  5.24
 28.08,  5.22
 28.04,  5.22
 27.97,  5.19
 27.93,  5.18
 27.86,  5.17
 27.81,  5.17
 27.76,  5.16
 27.72,  5.16
 27.65,  5.15
 27.62,  5.15
 27.55,  5.15
 27.52,  5.15
 27.44,  5.15
 27.42,  5.14
 27.33,  5.15
 27.31,  5.14
 27.23,  5.16
 27.18,  5.18
 27.11,  5.18
 27.08,  5.19
 27.03,  5.20
 26.99,  5.20
 26.96,  5.22
 26.90,  5.23
 26.86,  5.23
 26.82,  5.25
 26.79,  5.26
 26.75,  5.29
 26.72,  5.30
 26.67,  5.32
 26.64,  5.32
 26.63,  5.33
 26.56,  5.34
 26.54,  5.37
 26.51,  5.38
 26.45,  5.39
 26.43,  5.40
 26.40,  5.41
 26.36,  5.42
 26.32,  5.44
 26.28,  5.44
 26.26,  5.45
 26.22,  5.48
 26.21,  5.50
 26.19,  5.52
 26.19,  5.52
 26.16,  5.52
 26.13,  5.54
 26.13,  5.54
 26.11,  5.58
 26.11,  5.59
 26.10,  5.61
 26.10,  5.62
 26.08,  5.63
 26.09,  5.64
 26.07,  5.68
 26.08,  5.71
 26.08,  5.73
 26.08,  5.73
 26.08,  5.74
 26.09,  5.75
 26.10,  5.80
 26.10,  5.83
 26.11,  5.84
 26.11,  5.85
 26.13,  5.87
 26.14,  5.89
 26.16,  5.92
 26.18,  5.95
 26.19,  5.96
 26.21,  5.97
 26.22,  6.01
 26.23,  6.03
 26.26,  6.06
 26.29,  6.06
 26.30,  6.07
 26.31,  6.10
 26.32,  6.14
 26.34,  6.15
 26.37,  6.16
 26.40,  6.17
 26.42,  6.19
 26.43,  6.20
 26.45,  6.21
 26.49,  6.22
 26.53,  6.24
 26.55,  6.25
 26.56,  6.26
 26.61,  6.28
 26.64,  6.28
 26.66,  6.28
 26.68,  6.28
 26.72,  6.29
 26.75,  6.30
 26.76,  6.32
 26.78,  6.35
 26.77,  6.35
 26.81,  6.37
 26.82,  6.35
 26.85,  6.35
 26.86,  6.35
 26.88,  6.35
 26.89,  6.33
 26.93,  6.30
 26.95,  6.29
 26.95,  6.29
 26.94,  6.27
 26.95,  6.26
 26.96,  6.24
 26.92,  6.20
 26.91,  6.17
 26.88,  6.15
 26.87,  6.12
 26.84,  6.07
 26.79,  6.05
 26.77,  6.01
 26.75,  5.98
 26.69,  5.95
 26.67,  5.90
 26.64,  5.86
 26.59,  5.83
 26.56,  5.78
 26.52,  5.75
 26.50,  5.70
 26.45,  5.66
 26.43,  5.62
 26.39,  5.61
 26.34,  5.55
 26.32,  5.51
 26.29,  5.48
 26.26,  5.43
 26.22,  5.40
 26.21,  5.37
 26.16,  5.32
 26.13,  5.30
 26.10,  5.26
 26.09,  5.21
 26.07,  5.19
 26.04,  5.17
 26.02,  5.12
 26.00,  5.10
 25.99,  5.07
 25.98,  5.06
 25.96,  5.03
 25.96,  4.99
 25.95,  4.98
 25.96,  4.97
 25.94,  4.93
 25.94,  4.90
 25.94,  4.87
 25.94,  4.87
 25.94,  4.85
 25.94,  4.82
 25.95,  4.80
 25.95,  4.78
 25.96,  4.77
 25.96,  4.76
 25.97,  4.75
 25.99,  4.74
 26.00,  4.72
 26.02,  4.69
 26.03,  4.69
 26.06,  4.69
 26.08,  4.67
 26.09,  4.66
 26.11,  4.67
 26.13,  4.66
 26.15,  4.65
 26.17,  4.64
 26.21,  4.63
 26.22,  4.62
 26.25,  4.59
 26.29,  4.59
 26.32,  4.59
 26.35,  4.57
 26.39,  4.55
 26.43,  4.56
 26.48,  4.54
 26.52,  4.55
 26.56,  4.55
 26.61,  4.54
 26.66,  4.55
 26.71,  4.54
 26.74,  4.53
 26.79,  4.53
 26.83,  4.54
 26.86,  4.52
 26.90,  4.51
 26.94,  4.53
 26.98,  4.53
 27.01,  4.54
 27.06,  4.53
 27.09,  4.53
 27.13,  4.54
 27.18,  4.53
 27.21,  4.51
 27.26,  4.51
 27.30,  4.52
 27.33,  4.52
 27.39,  4.52
 27.42,  4.53
 27.46,  4.52
 27.52,  4.55
 27.55,  4.53
 27.61,  4.54
 27.63,  4.55
 27.67,  4.54
 27.73,  4.55
 27.76,  4.54
 27.83,  4.53
 27.86,  4.53
 27.90,  4.51
 27.97,  4.50
 27.99,  4.50
 28.06,  4.49
 28.09,  4.48
 28.17,  4.47
 28.19,  4.46
 28.24,  4.45
 28.28,  4.46
 28.29,  4.44
 28.30,  4.43
 28.31,  4.43
 28.30,  4.44
 28.29,  4.44
 28.29,  4.44
 28.25,  4.45
 28.20,  4.45
 28.18,  4.46
 28.17,  4.47
 28.14,  4.48
 28.09,  4.49
 28.08,  4.50
 28.07,  4.51
 28.05,  4.51
 28.01,  4.51
 27.98,  4.51
 27.97,  4.51
 27.94,  4.53
 27.88,  4.51
 27.86,  4.52
 27.83,  4.52
 27.76,  4.52
 27.73,  4.52
 27.67,  4.51
 27.64,  4.53
 27.59,  4.53
 27.54,  4.53
 27.49,  4.54
 27.42,  4.55
 27.40,  4.56
 27.34,  4.57
 27.30,  4.57
 27.24,  4.57
 27.20,  4.57
 27.15,  4.58
 27.10,  4.58
 27.07,  4.58
 27.01,  4.58
 26.98,  4.59
 26.94,  4.59
 26.88,  4.60
 26.86,  4.62
 26.81,  4.62
 26.76,  4.62
 26.73,  4.62
 26.68,  4.64
 26.64,  4.64
 26.62,  4.64
 26.57,  4.67
 26.54,  4.67
 26.52,  4.68
 26.46,  4.68
 26.44,  4.68
 26.41,  4.69
 26.36,  4.70
 26.34,  4.71
 26.30,  4.71
 26.27,  4.73
 26.24,  4.72
 26.21,  4.74
 26.19,  4.75
 26.17,  4.76
 26.16,  4.77
 26.13,  4.76
 26.11,  4.78
 26.09,  4.78
 26.06,  4.79
 26.04,  4.79
 26.01,  4.80
 26.00,  4.82
 25.98,  4.84
 25.98,  4.84
 25.96,  4.85
 25.95,  4.87
 25.94,  4.88
 25.93,  4.89
 25.93,  4.89
 25.93,  4.91
 25.91,  4.92
 25.94,  4.96
 25.95,  4.98
 25.95,  4.98
 25.95,  5.00
 25.96,  5.02
 25.97,  5.05
 25.98,  5.07
 25.97,  5.08
 25.99,  5.09
 25.99,  5.12
 25.99,  5.15
 26.00,  5.18
 26.02,  5.20
 26.04,  5.21
 26.05,  5.24
 26.08,  5.27
 26.10,  5.29
 26.11,  5.31
 26.13,  5.34
 26.17,  5.37
 26.20,  5.40
 26.22,  5.40
 26.24,  5.42
 26.26,  5.43
 26.29,  5.47
 26.32,  5.50
 26.34,  5.51
 26.38,  5.52
 26.42,  5.53
 26.43,  5.56
 26.45,  5.57
 26.51,  5.62
 26.54,  5.62
 26.57,  5.62
 26.62,  5.63
 26.64,  5.64
 26.67,  5.67
 26.72,  5.69
 26.76,  5.70
 26.78,  5.71
 26.80,  5.72
 26.85,  5.74
 26.87,  5.74
 26.91,  5.73
 26.94,  5.75
 26.96,  5.75
 26.98,  5.76
 27.00,  5.77
 27.02,  5.76
 27.06,  5.77
 27.07,  5.78
 27.07,  5.78
 27.07,  5.78
 27.07,  5.78
 27.06,  5.78
 27.02,  5.77
 27.00,  5.78
 26.98,  5.76
 26.96,  5.76
 26.94,  5.75
 26.91,  5.73
 26.87,  5.72
 26.81,  5.72
 26.78,  5.70
 26.74,  5.67
 26.70,  5.64
 26.65,  5.63
 26.61,  5.63
 26.56,  5.61
 26.53,  5.56
 26.47,  5.54
 26.42,  5.52
 26.38,  5.50
 26.33,  5.47
 26.30,  5.43
 26.25,  5.42
 26.21,  5.40
 26.17,  5.38
 26.13,  5.34
 26.10,  5.31
 26.09,  5.29
 26.05,  5.28
 26.03,  5.24
 26.01,  5.21
 25.99,  5.20
 25.98,  5.18
 25.98,  5.16
 25.94,  5.11
 25.94,  5.10
 25.94,  5.09
 25.92,  5.07
 25.92,  5.05
 25.92,  5.02
 25.93,  5.00
 25.92,  4.99
 25.92,  4.97
 25.91,  4.97
 25.91,  4.94
 25.92,  4.92
 25.91,  4.92
 25.94,  4.89
 25.94,  4.89
 25.94,  4.88
 25.94,  4.88
 25.97,  4.87
 25.98,  4.85
 25.99,  4.85
 25.99,  4.85
 26.01,  4.85
 26.03,  4.85
 26.08,  4.84
 26.10,  4.85
 26.11,  4.85
 26.13,  4.86
 26.18,  4.86
 26.20,  4.85
 26.22,  4.85
 26.26,  4.87
 26.30,  4.87
 26.32,  4.88
 26.37,  4.88
 26.41,  4.91
 26.44,  4.92
 26.45,  4.93
 26.50,  4.96
 26.52,  4.96
 26.54,  4.98
 26.58,  5.00
 26.60,  5.00
 26.63,  5.03
 26.65,  5.05
 26.68,  5.07
 26.70,  5.09
 26.74,  5.08
 26.76,  5.13
 26.77,  5.13
 26.83,  5.17
 26.86,  5.18
 26.88,  5.19
 26.93,  5.20
 26.96,  5.21
 27.00,  5.22
 27.04,  5.24
 27.09,  5.23
 27.11,  5.24
 27.17,  5.25
 27.21,  5.25
 27.25,  5.26
 27.30,  5.27
 27.33,  5.26
 27.40,  5.27
 27.42,  5.28
 27.45,  5.26
 27.50,  5.27
 27.53,  5.26
 27.55,  5.25
 27.59,  5.26
 27.63,  5.24
 27.65,  5.23
 27.68,  5.23
 27.72,  5.20
 27.75,  5.19
 27.76,  5.15
 27.79,  5.15
 27.84,  5.12
 27.85,  5.10
 27.87,  5.08
 27.92,  5.05
 27.94,  5.03
 27.96,  5.01
 27.97,  4.99
 27.97,  4.97
 28.00,  4.94
 28.00,  4.94
 28.00,  4.92
 27.98,  4.92
 27.98,  4.92
 27.96,  4.92
 27.95,  4.92
 27.90,  4.92
 27.88,  4.92
 27.86,  4.93
 27.82,  4.95
 27.76,  4.94
 27.75,  4.94
 27.73,  4.95
 27.69,  4.94
 27.66,  4.92
 27.63,  4.92
 27.61,  4.93
 27.56,  4.91
 27.54,  4.91
 27.52,  4.91
 27.50,  4.89
 27.43,  4.90
 27.43,  4.90
 27.40,  4.89
 27.38,  4.88
 27.34,  4.89
 27.31,  4.88
 27.28,  4.87
 27.24,  4.88
 27.21,  4.87
 27.18,  4.86
 27.16,  4.87
 27.13,  4.87
 27.10,  4.86
 27.08,  4.86
 27.07,  4.86
 27.04,  4.86
 27.01,  4.84
 26.98,  4.85
 26.98,  4.84
 26.97,  4.84
 26.93,  4.82
 26.90,  4.82
 26.88,  4.83
 26.86,  4.83
 26.86,  4.83
 26.82,  4.82
 26.80,  4.81
 26.77,  4.82
 26.76,  4.83
 26.73,  4.83
 26.70,  4.82
 26.67,  4.82
 26.65,  4.83
 26.64,  4.84
 26.61,  4.83
 26.56,  4.83
 26.54,  4.83
 26.51,  4.83
 26.45,  4.85
 26.42,  4.85
 26.40,  4.86
 26.35,  4.86
 26.32,  4.85
 26.31,  4.85
 26.30,  4.86
 26.26,  4.87
 26.25,  4.87
 26.23,  4.86
 26.20,  4.85
 26.20,  4.85
 26.19,  4.87
 26.16,  4.88
 26.14,  4.88
 26.13,  4.88
 26.12,  4.88
 26.09,  4.88
 26.09,  4.88
 26.08,  4.90
 26.07,  4.90
 26.05,  4.90
 26.06,  4.93
 26.04,  4.95
 26.02,  4.94
 26.04,  4.97
 26.04,  4.99
 26.03,  4.99
 26.04,  4.99
 26.04,  5.00
 26.04,  5.00
 26.05,  5.01
 26.06,  5.06
 26.08,  5.06
 26.08,  5.08
 26.09,  5.09
 26.11,  5.10
 26.13,  5.14
 26.16,  5.17
 26.19,  5.18
 26.20,  5.19
 26.24,  5.21
 26.26,  5.23
 26.29,  5.25
 26.32,  5.29
 26.33,  5.29
 26.37,  5.30
 26.41,  5.30
 26.44,  5.32
 26.45,  5.35
 26.51,  5.38
 26.54,  5.39
 26.57,  5.40
 26.62,  5.42
 26.64,  5.42
 26.67,  5.45
 26.69,  5.47
 26.76,  5.49
 26.77,  5.50
 26.80,  5.51
 26.85,  5.53
 26.86,  5.53
 26.89,  5.56
 26.93,  5.57
 26.97,  5.57
 26.98,  5.61
 27.01,  5.62
 27.05,  5.62
 27.07,  5.63
 27.10,  5.63
 27.10,  5.63
 27.13,  5.64
 27.15,  5.67
 27.17,  5.66
 27.18,  5.66
 27.18,  5.68
 27.18,  5.69
 27.18,  5.70
 27.18,  5.69
 27.18,  5.69
 27.15,  5.70
 27.14,  5.70
 27.10,  5.71
 27.10,  5.69
 27.07,  5.69
 27.03,  5.70
 27.00,  5.68
 26.96,  5.67
 26.92,  5.65
 26.88,  5.64
 26.85,  5.64
 26.81,  5.63
 26.76,  5.63
 26.72,  5.63
 26.68,  5.62
 26.65,  5.61
 26.61,  5.61
 26.57,  5.57
 26.54,  5.56
 26.52,  5.55
 26.46,  5.55
 26.43,  5.53
 26.42,  5.53
 26.40,  5.52
 26.36,  5.52
 26.32,  5.50
 26.32,  5.50
 26.30,  5.50
 26.28,  5.47
 26.26,  5.46
 26.24,  5.46
 26.23,  5.45
 26.22,  5.45
 26.21,  5.46
 26.20,  5.43
 26.17,  5.43
 26.17,  5.43
 26.16,  5.44
 26.16,  5.43
 26.16,  5.42
 26.16,  5.42
 26.16,  5.42
 26.16,  5.42
 26.17,  5.42
 26.19,  5.42
 26.19,  5.42
 26.21,  5.43
 26.22,  5.43
 26.24,  5.42
 26.26,  5.44
 26.28,  5.44
 26.30,  5.45
 26.32,  5.47
 26.34,  5.47
 26.38,  5.47
 26.41,  5.50
 26.43,  5.50
 26.45,  5.52
 26.49,  5.52
 26.52,  5.52
 26.53,  5.52
 26.56,  5.53
 26.58,  5.53
 26.62,  5.53
