 26.76, 18.90
 26.98, 18.87
 27.22, 18.84
 27.46, 18.79
 27.68, 18.77
 27.94, 18.75
 28.16, 18.75
 28.39, 18.75
 28.60, 18.75
 28.81, 18.77
 29.01, 18.79
 29.19, 18.85
 29.36, 18.87
 29.50, 18.93
 29.64, 18.98
 29.78, 19.06
 29.88, 19.09
 29.99, 19.18
 30.07, 19.22
 30.16, 19.30
 30.25, 19.32
 30.32, 19.41
 30.38, 19.43
 30.43, 19.48
 30.48, 19.50
 30.49, 19.53
 30.49, 19.55
 30.49, 19.57
 30.49, 19.62
 30.45, 19.64
 30.38, 19.69
 30.32, 19.73
 30.23, 19.75
 30.14, 19.77
 30.02, 19.84
 29.87, 19.86
 29.73, 19.91
 29.56, 19.95
 29.39, 19.97
 29.21, 20.00
 29.01, 20.03
 28.82, 20.08
 28.59, 20.11
 28.36, 20.12
 28.13, 20.19
 27.90, 20.21
 27.66, 20.24
 27.37, 20.27
 27.14, 20.33
 26.85, 20.33
 26.60, 20.34
 26.37, 20.35
 26.08, 20.36
 25.84, 20.40
 25.58, 20.41
 25.30, 20.41
 25.05, 20.44
 24.80, 20.45
 24.55, 20.47
 24.29, 20.47
 24.04, 20.50
 23.79, 20.50
 23.56, 20.50
 23.35, 20.53
 23.11, 20.53
 22.87, 20.52
 22.68, 20.52
 22.49, 20.52
 22.29, 20.50
 22.12, 20.50
 21.96, 20.48
 21.78, 20.44
 21.64, 20.44
 21.47, 20.40
 21.32, 20.39
 21.17, 20.38
 21.04, 20.37
 20.90, 20.34
 20.79, 20.33
 20.64, 20.30
 20.48, 20.27
 20.38, 20.26
 20.26, 20.23
 20.15, 20.20
 20.02, 20.18
 19.95, 20.16
 19.84, 20.15
 19.77, 20.12
 19.70, 20.10
 19.62, 20.07
 19.56, 20.02
 19.50, 19.99
 19.45, 19.97
 19.41, 19.95
 19.38, 19.92
 19.33, 19.91
 19.32, 19.87
 19.29, 19.84
 19.28, 19.82
 19.29, 19.78
 19.27, 19.75
 19.30, 19.73
 19.29, 19.72
 19.31, 19.70
 19.31, 19.68
 19.33, 19.67
 19.39, 19.64
 19.42, 19.60
 19.44, 19.57
 19.49, 19.52
 19.54, 19.49
 19.62, 19.47
 19.68, 19.43
 19.74, 19.39
 19.83, 19.35
 19.90, 19.31
 19.98, 19.28
 20.08, 19.28
 20.19, 19.24
 20.28, 19.21
 20.39, 19.16
 20.48, 19.14
 20.59, 19.10
 20.72, 19.07
 20.84, 19.07
 20.94, 19.03
 21.07, 18.99
 21.20, 18.98
 21.34, 18.94
 21.46, 18.89
 21.59, 18.87
 21.72, 18.86
 21.85, 18.83
 21.98, 18.77
 22.09, 18.76
 22.22, 18.73
 22.32, 18.70
 22.41, 18.66
 22.50, 18.63
 22.56, 18.61
 22.65, 18.57
 22.68, 18.54
 22.74, 18.51
 22.76, 18.49
 22.77, 18.44
 22.80, 18.43
 22.76, 18.40
 22.75, 18.37
 22.75, 18.33
 22.68, 18.29
 22.65, 18.27
 22.58, 18.23
 22.52, 18.20
 22.46, 18.19
 22.39, 18.15
 22.31, 18.12
 22.23, 18.09
 22.13, 18.07
 22.06, 18.02
 21.99, 18.02
 21.91, 18.00
 21.83, 17.98
 21.75, 17.97
 21.68, 17.93
 21.63, 17.92
 21.57, 17.91
 21.52, 17.91
 21.47, 17.89
 21.44, 17.85
 21.40, 17.85
 21.38, 17.84
 21.34, 17.82
 21.34, 17.81
 21.32, 17.80
 21.33, 17.79
 21.38, 17.78
 21.38, 17.74
 21.41, 17.73
 21.45, 17.71
 21.50, 17.69
 21.54, 17.67
 21.62, 17.66
 21.68, 17.61
 21.76, 17.59
 21.85, 17.58
 21.94, 17.56
 22.02, 17.52
 22.11, 17.50
 22.23, 17.50
 22.37, 17.44
 22.49, 17.41
 22.62, 17.39
 22.78, 17.36
 22.95, 17.33
 23.12, 17.31
 23.31, 17.28
 23.47, 17.26
 23.68, 17.24
 23.87, 17.21
 24.08, 17.19
 24.28, 17.18
 24.50, 17.17
 24.71, 17.14
 24.92, 17.13
 25.13, 17.14
 25.36, 17.13
 25.56, 17.12
 25.80, 17.11
 26.00, 17.10
 26.23, 17.11
 26.47, 17.09
 26.69, 17.10
 26.94, 17.11
 27.17, 17.10
 27.41, 17.11
 27.67, 17.11
 27.91, 17.12
 28.16, 17.11
 28.38, 17.13
 28.62, 17.15
 28.84, 17.16
 29.05, 17.20
 29.26, 17.23
 29.44, 17.25
 29.65, 17.26
 29.83, 17.29
 30.02, 17.32
 30.20, 17.33
 30.37, 17.32
 30.55, 17.31
 30.70, 17.30
 30.87, 17.29
 31.02, 17.28
 31.13, 17.28
 31.24, 17.29
 31.35, 17.28
 31.41, 17.29
 31.46, 17.31
 31.49, 17.33
 31.50, 17.34
 31.48, 17.35
 31.46, 17.39
 31.39, 17.44
 31.33, 17.47
 31.25, 17.53
 31.15, 17.57
 31.02, 17.60
 30.91, 17.66
 30.80, 17.72
 30.63, 17.77
 30.49, 17.80
 30.36, 17.85
 30.19, 17.90
 30.03, 17.95
 29.85, 17.99
 29.69, 18.02
 29.52, 18.08
 29.34, 18.12
 29.18, 18.15
 28.99, 18.21
 28.83, 18.23
 28.63, 18.25
 28.45, 18.30
 28.30, 18.34
 28.11, 18.38
 27.92, 18.40
 27.76, 18.44
 27.59, 18.48
 27.42, 18.50
 27.25, 18.55
 27.09, 18.59
 26.93, 18.60
 26.75, 18.67
 26.60, 18.71
 26.44, 18.73
 26.30, 18.80
 26.16, 18.81
 26.03, 18.86
 25.93, 18.90
 25.80, 18.92
 25.69, 18.95
 25.59, 19.01
 25.47, 19.03
 25.39, 19.04
 25.30, 19.08
 25.21, 19.11
 25.13, 19.14
 25.06, 19.16
 24.96, 19.18
 24.90, 19.21
 24.85, 19.24
 24.78, 19.25
 24.71, 19.26
 24.67, 19.28
 24.61, 19.28
 24.57, 19.29
 24.54, 19.31
 24.52, 19.31
 24.48, 19.31
 24.46, 19.32
 24.48, 19.32
 24.48, 19.32
 24.49, 19.33
 24.51, 19.33
 24.52, 19.32
 24.54, 19.32
 24.58, 19.31
 24.64, 19.32
 24.64, 19.30
 24.70, 19.31
 24.74, 19.28
 24.81, 19.27
 24.87, 19.25
 24.92, 19.26
 25.01, 19.25
 25.07, 19.22
 25.15, 19.21
 25.24, 19.18
 25.31, 19.18
 25.40, 19.16
 25.47, 19.14
 25.57, 19.14
 25.67, 19.10
 25.75, 19.08
 25.85, 19.07
 25.94, 19.06
 26.02, 19.02
 26.12, 19.02
 26.21, 19.00
 26.31, 18.98
 26.40, 18.94
 26.48, 18.93
 26.57, 18.92
 26.66, 18.91
 26.75, 18.88
 26.82, 18.88
 26.91, 18.87
 27.00, 18.86
 27.05, 18.86
 27.14, 18.84
 27.20, 18.81
 27.27, 18.79
 27.33, 18.77
 27.38, 18.77
 27.41, 18.74
 27.46, 18.72
 27.48, 18.72
 27.51, 18.69
 27.51, 18.68
 27.52, 18.66
 27.52, 18.66
 27.51, 18.65
 27.48, 18.64
 27.45, 18.62
 27.40, 18.62
 27.37, 18.61
 27.29, 18.60
 27.24, 18.57
 27.17, 18.56
 27.09, 18.55
 26.99, 18.53
 26.91, 18.51
 26.83, 18.50
 26.72, 18.47
 26.62, 18.44
 26.50, 18.42
 26.41, 18.42
 26.29, 18.38
 26.20, 18.35
 26.08, 18.32
 25.97, 18.29
 25.86, 18.26
 25.75, 18.23
 25.64, 18.22
 25.55, 18.16
 25.45, 18.15
 25.37, 18.11
 25.27, 18.05
 25.19, 18.03
 25.10, 17.99
 25.04, 17.95
 24.98, 17.90
 24.92, 17.86
 24.86, 17.84
 24.81, 17.76
 24.79, 17.74
 24.76, 17.69
 24.72, 17.63
 24.71, 17.59
 24.70, 17.54
 24.68, 17.50
 24.70, 17.46
 24.71, 17.42
 24.74, 17.41
 24.76, 17.36
 24.79, 17.32
 24.82, 17.29
 24.87, 17.27
 24.92, 17.24
 24.96, 17.21
 25.02, 17.20
 25.07, 17.19
 25.14, 17.18
 25.22, 17.18
 25.30, 17.18
 25.38, 17.19
 25.49, 17.19
 25.55, 17.20
 25.64, 17.20
 25.74, 17.22
 25.83, 17.23
 25.93, 17.26
 26.03, 17.29
 26.12, 17.31
 26.23, 17.34
 26.33, 17.37
 26.43, 17.39
 26.53, 17.44
 26.64, 17.46
 26.75, 17.49
 26.85, 17.55
 26.98, 17.59
 27.08, 17.64
 27.21, 17.68
 27.32, 17.73
 27.43, 17.79
 27.56, 17.84
 27.68, 17.90
 27.80, 17.94
 27.92, 17.98
 28.03, 18.05
 28.18, 18.10
 28.28, 18.19
 28.40, 18.22
 28.51, 18.32
 28.63, 18.34
 28.72, 18.43
 28.83, 18.50
 28.93, 18.55
 29.04, 18.65
 29.12, 18.68
 29.23, 18.75
 29.33, 18.83
 29.43, 18.87
 29.51, 18.92
 29.62, 18.97
 29.71, 19.03
 29.82, 19.06
 29.92, 19.08
 30.02, 19.10
 30.11, 19.11
 30.23, 19.11
 30.32, 19.12
 30.42, 19.13
 30.52, 19.13
 30.59, 19.12
 30.69, 19.13
 30.76, 19.14
 30.81, 19.15
 30.86, 19.18
 30.89, 19.19
 30.90, 19.20
 30.92, 19.21
 30.92, 19.22
 30.90, 19.24
 30.90, 19.25
 30.85, 19.29
 30.83, 19.28
 30.78, 19.29
 30.73, 19.30
 30.68, 19.29
 30.62, 19.30
 30.52, 19.30
 30.46, 19.31
 30.37, 19.32
 30.26, 19.33
 30.15, 19.33
 30.02, 19.37
 29.91, 19.40
 29.77, 19.42
 29.64, 19.44
 29.49, 19.47
 29.34, 19.51
 29.19, 19.53
 29.03, 19.56
 28.87, 19.59
 28.72, 19.64
 28.55, 19.68
 28.37, 19.69
 28.21, 19.73
 28.04, 19.77
 27.87, 19.81
 27.70, 19.84
 27.55, 19.89
 27.37, 19.91
 27.20, 19.95
 27.04, 20.01
 26.86, 20.03
 26.70, 20.05
 26.55, 20.11
 26.38, 20.14
 26.23, 20.15
 26.06, 20.20
 25.95, 20.23
 25.80, 20.24
 25.63, 20.26
 25.51, 20.31
 25.38, 20.33
 25.25, 20.34
 25.13, 20.34
 25.02, 20.36
 24.89, 20.39
 24.80, 20.41
 24.68, 20.43
 24.57, 20.43
 24.50, 20.44
 24.41, 20.46
 24.33, 20.45
 24.25, 20.47
 24.18, 20.47
 24.11, 20.48
 24.03, 20.48
 23.97, 20.49
 23.91, 20.50
 23.85, 20.50
 23.80, 20.52
 23.74, 20.52
 23.70, 20.53
 23.67, 20.55
 23.62, 20.56
 23.60, 20.58
 23.59, 20.59
 23.56, 20.61
 23.53, 20.61
 23.53, 20.63
 23.57, 20.63
 23.59, 20.66
 23.59, 20.67
 23.61, 20.67
 23.64, 20.70
 23.65, 20.72
 23.70, 20.71
 23.74, 20.73
 23.78, 20.75
 23.84, 20.74
 23.89, 20.75
 23.94, 20.76
 24.00, 20.76
 24.05, 20.78
 24.12, 20.78
 24.16, 20.80
 24.26, 20.79
 24.30, 20.80
 24.39, 20.81
 24.48, 20.82
 24.52, 20.83
 24.60, 20.83
 24.70, 20.83
 24.78, 20.86
 24.84, 20.86
 24.92, 20.83
 25.01, 20.85
 25.06, 20.84
 25.14, 20.84
 25.15, 20.83
 25.23, 20.83
 25.26, 20.81
 25.26, 20.80
 25.29, 20.79
 25.28, 20.79
 25.27, 20.79
 25.25, 20.77
 25.23, 20.77
 25.15, 20.76
 25.12, 20.76
 25.02, 20.71
 24.93, 20.70
 24.83, 20.68
 24.72, 20.65
 24.60, 20.61
 24.49, 20.59
 24.36, 20.55
 24.22, 20.53
 24.08, 20.48
 23.95, 20.45
 23.81, 20.42
 23.67, 20.38
 23.53, 20.35
 23.40, 20.34
 23.25, 20.30
 23.11, 20.27
 22.99, 20.25
 22.88, 20.19
 22.76, 20.18
 22.63, 20.15
 22.53, 20.14
 22.43, 20.11
 22.35, 20.09
 22.24, 20.07
 22.18, 20.02
 22.10, 20.00
 22.04, 19.99
 21.98, 19.97
 21.92, 19.96
 21.88, 19.91
 21.85, 19.90
 21.84, 19.86
 21.81, 19.86
 21.79, 19.80
 21.78, 19.78
 21.78, 19.76
 21.78, 19.72
 21.81, 19.70
 21.85, 19.68
 21.87, 19.66
 21.91, 19.63
 21.96, 19.61
 21.99, 19.56
 22.07, 19.56
 22.10, 19.53
 22.20, 19.50
 22.27, 19.48
 22.34, 19.48
 22.43, 19.45
 22.54, 19.45
 22.65, 19.45
 22.76, 19.44
 22.86, 19.44
 22.98, 19.44
 23.10, 19.43
 23.23, 19.43
 23.34, 19.43
 23.47, 19.43
 23.58, 19.43
 23.71, 19.44
 23.85, 19.47
 24.00, 19.47
 24.14, 19.48
 24.29, 19.51
 24.44, 19.56
 24.58, 19.56
 24.75, 19.59
 24.93, 19.62
 25.09, 19.65
 25.28, 19.68
 25.47, 19.69
 25.64, 19.69
 25.84, 19.70
 26.06, 19.71
 26.26, 19.71
 26.45, 19.71
 26.66, 19.71
 26.83, 19.71
 27.04, 19.71
 27.23, 19.71
 27.39, 19.71
 27.59, 19.70
 27.77, 19.69
 27.93, 19.69
 28.13, 19.68
 28.31, 19.64
 28.49, 19.58
 28.69, 19.54
 28.87, 19.49
 29.03, 19.42
 29.21, 19.35
 29.37, 19.29
 29.50, 19.22
 29.64, 19.19
 29.74, 19.13
 29.82, 19.10
 29.87, 19.09
 29.89, 19.11
 29.89, 19.11
 29.85, 19.15
 29.77, 19.21
 29.69, 19.27
 29.58, 19.31
 29.46, 19.33
 29.33, 19.40
 29.22, 19.43
 29.07, 19.48
 28.91, 19.53
 28.77, 19.53
 28.58, 19.56
 28.43, 19.61
 28.25, 19.66
 28.07, 19.69
 27.90, 19.72
 27.72, 19.75
 27.56, 19.78
 27.36, 19.79
 27.18, 19.82
 27.00, 19.86
 26.82, 19.89
 26.63, 19.90
 26.41, 19.90
 26.26, 19.91
 26.06, 19.93
 25.85, 19.95
 25.67, 19.98
 25.48, 20.01
 25.29, 20.02
 25.09, 20.03
 24.91, 20.09
 24.74, 20.11
 24.55, 20.12
 24.38, 20.17
 24.21, 20.18
 24.06, 20.20
 23.89, 20.20
 23.75, 20.22
 23.62, 20.21
 23.49, 20.22
 23.34, 20.23
 23.22, 20.23
 23.11, 20.24
 23.00, 20.23
 22.89, 20.24
 22.79, 20.24
 22.70, 20.24
 22.59, 20.26
 22.50, 20.27
 22.40, 20.26
 22.32, 20.28
 22.24, 20.26
 22.16, 20.27
 22.09, 20.28
 22.04, 20.28
 21.96, 20.26
 21.90, 20.25
 21.85, 20.25
 21.80, 20.24
 21.77, 20.25
 21.73, 20.24
 21.71, 20.23
 21.69, 20.22
 21.68, 20.23
 21.66, 20.24
 21.68, 20.23
 21.68, 20.23
 21.68, 20.24
 21.69, 20.26
 21.73, 20.27
 21.75, 20.27
 21.80, 20.28
 21.85, 20.29
 21.91, 20.30
 21.97, 20.30
 22.04, 20.30
 22.11, 20.31
 22.20, 20.32
 22.27, 20.31
 22.39, 20.32
 22.47, 20.32
 22.57, 20.31
 22.69, 20.32
 22.79, 20.33
 22.92, 20.32
 23.04, 20.34
 23.17, 20.34
 23.30, 20.34
 23.41, 20.35
 23.53, 20.36
 23.68, 20.35
 23.82, 20.35
 23.95, 20.36
 24.06, 20.36
 24.18, 20.36
 24.34, 20.36
 24.46, 20.37
 24.58, 20.36
 24.69, 20.38
 24.81, 20.36
 24.91, 20.35
 24.98, 20.35
 25.08, 20.35
 25.16, 20.36
 25.22, 20.34
 25.27, 20.34
 25.32, 20.33
 25.36, 20.32
 25.36, 20.31
 25.36, 20.31
 25.36, 20.28
 25.34, 20.26
 25.33, 20.25
 25.27, 20.26
 25.22, 20.24
 25.17, 20.22
 25.12, 20.21
 25.04, 20.16
 24.94, 20.14
 24.87, 20.13
 24.79, 20.12
 24.70, 20.06
 24.59, 20.03
 24.51, 20.02
 24.39, 20.00
 24.28, 19.95
 24.18, 19.92
 24.09, 19.90
 24.00, 19.89
 23.90, 19.85
 23.82, 19.81
 23.72, 19.80
 23.62, 19.77
 23.54, 19.75
 23.48, 19.73
 23.40, 19.71
 23.34, 19.68
 23.28, 19.67
 23.22, 19.66
 23.17, 19.66
 23.14, 19.64
 23.09, 19.63
 23.08, 19.61
 23.05, 19.59
 23.06, 19.58
 23.05, 19.57
 23.05, 19.58
 23.06, 19.57
 23.06, 19.57
 23.06, 19.57
 23.07, 19.58
 23.08, 19.58
 23.13, 19.61
 23.17, 19.63
 23.22, 19.64
 23.26, 19.66
 23.29, 19.67
 23.37, 19.70
 23.43, 19.72
 23.50, 19.73
 23.56, 19.77
 23.67, 19.78
 23.75, 19.82
 23.83, 19.84
 23.93, 19.85
 24.04, 19.91
 24.14, 19.91
 24.25, 19.94
 24.37, 19.96
 24.48, 20.00
 24.60, 20.03
 24.73, 20.06
 24.86, 20.08
 24.99, 20.11
 25.10, 20.14
 25.26, 20.16
 25.36, 20.19
 25.51, 20.22
 25.63, 20.21
 25.78, 20.25
 25.93, 20.26
 26.06, 20.27
 26.24, 20.28
 26.39, 20.28
 26.57, 20.28
 26.74, 20.27
 26.93, 20.29
 27.13, 20.29
 27.32, 20.27
 27.51, 20.27
 27.72, 20.26
 27.91, 20.25
 28.11, 20.25
 28.29, 20.25
 28.50, 20.26
 28.68, 20.25
 28.84, 20.25
 29.03, 20.26
 29.18, 20.28
 29.35, 20.28
 29.50, 20.28
 29.64, 20.30
 29.78, 20.31
 29.90, 20.35
 30.02, 20.37
 30.13, 20.38
 30.22, 20.38
 30.31, 20.38
 30.40, 20.38
 30.48, 20.37
 30.54, 20.37
 30.58, 20.37
 30.65, 20.37
 30.66, 20.38
 30.67, 20.38
 30.66, 20.41
 30.65, 20.43
 30.63, 20.49
 30.55, 20.53
 30.52, 20.60
 30.43, 20.66
 30.33, 20.72
 30.24, 20.80
 30.13, 20.84
 30.03, 20.90
 29.91, 20.95
 29.80, 21.00
 29.68, 21.05
 29.55, 21.10
 29.43, 21.15
 29.28, 21.20
 29.13, 21.25
 28.98, 21.30
 28.83, 21.34
 28.67, 21.39
 28.53, 21.45
 28.36, 21.50
 28.19, 21.54
 28.04, 21.58
 27.88, 21.62
 27.70, 21.67
 27.56, 21.69
 27.39, 21.74
 27.23, 21.74
 27.07, 21.79
 26.90, 21.83
 26.73, 21.85
 26.56, 21.88
 26.40, 21.92
 26.25, 21.96
 26.09, 21.98
 25.92, 21.99
 25.76, 22.01
 25.62, 22.03
 25.47, 22.04
 25.33, 22.06
 25.21, 22.07
 25.04, 22.07
 24.92, 22.06
 24.79, 22.07
 24.67, 22.07
 24.55, 22.06
 24.42, 22.05
 24.29, 22.06
 24.16, 22.06
 24.05, 22.05
 23.93, 22.06
 23.83, 22.05
 23.73, 22.05
 23.61, 22.05
 23.51, 22.05
 23.42, 22.04
 23.33, 22.01
 23.25, 22.02
 23.16, 22.01
 23.06, 21.99
 22.97, 21.97
 22.88, 21.97
 22.82, 21.97
 22.73, 21.96
 22.64, 21.93
 22.61, 21.96
 22.51, 21.94
 22.46, 21.93
 22.40, 21.94
 22.34, 21.94
 22.30, 21.96
 22.26, 21.98
 22.24, 21.99
 22.21, 22.02
 22.18, 22.04
 22.18, 22.07
 22.16, 22.09
 22.17, 22.13
 22.18, 22.14
 22.16, 22.16
 22.15, 22.19
 22.16, 22.21
 22.18, 22.24
 22.20, 22.27
 22.19, 22.28
 22.23, 22.31
 22.27, 22.34
 22.30, 22.35
 22.31, 22.37
 22.35, 22.38
 22.40, 22.39
 22.44, 22.39
 22.45, 22.40
 22.51, 22.44
 22.54, 22.43
 22.60, 22.46
 22.65, 22.47
 22.69, 22.45
 22.74, 22.47
 22.79, 22.44
 22.83, 22.43
 22.88, 22.40
 22.93, 22.40
 22.99, 22.38
 23.05, 22.36
 23.10, 22.36
 23.15, 22.33
 23.23, 22.29
 23.27, 22.28
 23.32, 22.26
 23.38, 22.23
 23.43, 22.19
 23.49, 22.15
 23.55, 22.13
 23.61, 22.13
 23.65, 22.10
 23.70, 22.04
 23.76, 22.03
 23.79, 22.00
 23.84, 21.94
 23.86, 21.92
 23.89, 21.90
 23.93, 21.87
 23.93, 21.85
 23.94, 21.81
 23.95, 21.77
 23.94, 21.76
 23.92, 21.70
 23.88, 21.68
 23.85, 21.65
 23.82, 21.64
 23.76, 21.58
 23.74, 21.54
 23.66, 21.53
 23.60, 21.49
 23.52, 21.45
 23.45, 21.42
 23.37, 21.39
 23.29, 21.34
 23.20, 21.31
 23.10, 21.29
 23.01, 21.27
 22.91, 21.24
 22.83, 21.19
 22.71, 21.16
 22.63, 21.14
 22.55, 21.09
 22.43, 21.07
 22.34, 21.06
 22.26, 21.04
 22.18, 21.00
 22.09, 20.99
 22.02, 20.97
 21.94, 20.96
 21.88, 20.93
 21.81, 20.94
 21.74, 20.93
 21.71, 20.92
 21.65, 20.91
 21.61, 20.92
 21.59, 20.94
 21.54, 20.93
 21.52, 20.93
 21.51, 20.95
 21.49, 20.96
 21.50, 20.96
 21.49, 20.96
 21.48, 20.97
 21.52, 20.98
 21.52, 21.01
 21.54, 21.01
 21.55, 21.04
 21.56, 21.03
 21.60, 21.04
 21.63, 21.04
 21.66, 21.06
 21.68, 21.06
 21.74, 21.06
 21.76, 21.07
 21.82, 21.07
 21.87, 21.06
 21.95, 21.07
 21.99, 21.06
 22.09, 21.08
 22.17, 21.06
 22.26, 21.07
 22.35, 21.06
 22.43, 21.06
 22.54, 21.06
 22.66, 21.05
 22.76, 21.06
 22.89, 21.05
 23.00, 21.03
 23.15, 21.02
 23.27, 21.00
 23.39, 20.99
 23.55, 20.96
 23.69, 20.93
 23.84, 20.91
 24.02, 20.88
 24.17, 20.85
 24.37, 20.80
 24.55, 20.77
 24.76, 20.76
 24.97, 20.70
 25.19, 20.68
 25.42, 20.64
 25.65, 20.61
 25.91, 20.58
 26.15, 20.55
 26.39, 20.51
 26.68, 20.48
 26.93, 20.46
 27.18, 20.40
 27.47, 20.37
 27.72, 20.36
 28.01, 20.31
 28.27, 20.27
 28.52, 20.25
 28.80, 20.23
 29.05, 20.18
 29.31, 20.17
 29.55, 20.16
 29.79, 20.16
 30.01, 20.15
 30.18, 20.15
 30.37, 20.15
 30.52, 20.16
 30.67, 20.16
 30.78, 20.16
 30.88, 20.18
 30.93, 20.18
 30.98, 20.21
 31.00, 20.25
 30.96, 20.28
 30.91, 20.35
 30.82, 20.39
 30.71, 20.45
 30.62, 20.51
 30.51, 20.60
 30.37, 20.62
 30.27, 20.69
 30.16, 20.73
 30.04, 20.79
 29.94, 20.82
 29.82, 20.83
 29.71, 20.86
 29.60, 20.88
 29.48, 20.91
 29.36, 20.92
 29.23, 20.94
 29.11, 20.95
 28.98, 20.97
 28.83, 21.01
 28.68, 21.03
 28.51, 21.05
 28.35, 21.10
 28.19, 21.13
 28.01, 21.16
 27.82, 21.20
 27.66, 21.24
 27.48, 21.27
 27.28, 21.31
 27.12, 21.35
 26.95, 21.39
 26.78, 21.42
 26.60, 21.44
 26.42, 21.48
 26.27, 21.53
 26.12, 21.54
 25.94, 21.57
 25.81, 21.60
 25.66, 21.62
 25.51, 21.64
 25.38, 21.66
 25.24, 21.70
 25.09, 21.71
 24.98, 21.72
 24.84, 21.75
 24.70, 21.76
 24.61, 21.79
 24.47, 21.80
 24.36, 21.83
 24.24, 21.85
 24.12, 21.86
 24.02, 21.87
 23.91, 21.88
 23.80, 21.91
 23.70, 21.92
 23.60, 21.92
 23.49, 21.95
 23.40, 21.95
 23.28, 21.94
 23.19, 21.96
 23.10, 21.94
 23.02, 21.97
 22.92, 21.97
 22.85, 21.97
 22.75, 21.96
 22.67, 21.98
 22.59, 21.99
 22.53, 21.99
 22.45, 21.99
 22.41, 22.02
 22.35, 22.00
 22.31, 22.04
 22.25, 22.03
 22.22, 22.07
 22.20, 22.05
 22.19, 22.06
 22.19, 22.05
 22.19, 22.06
 22.19, 22.06
 22.20, 22.05
 22.22, 22.06
 22.24, 22.07
 22.27, 22.06
 22.32, 22.07
 22.38, 22.06
 22.43, 22.07
 22.50, 22.05
 22.57, 22.05
 22.63, 22.06
 22.72, 22.06
 22.81, 22.04
 22.91, 22.04
 23.01, 22.04
 23.12, 22.04
 23.23, 22.03
 23.35, 22.02
 23.48, 22.01
 23.60, 22.00
 23.73, 21.99
 23.86, 22.00
 24.03, 21.98
 24.16, 21.97
 24.32, 21.95
 24.47, 21.95
 24.62, 21.96
 24.79, 21.92
 24.94, 21.91
 25.12, 21.91
 25.26, 21.89
 25.46, 21.88
 25.60, 21.88
 25.76, 21.86
 25.91, 21.85
 26.06, 21.85
 26.23, 21.83
 26.34, 21.82
 26.48, 21.81
 26.61, 21.78
 26.71, 21.77
 26.83, 21.77
 26.92, 21.77
 27.00, 21.75
 27.07, 21.74
 27.12, 21.74
 27.17, 21.73
 27.21, 21.72
 27.22, 21.72
 27.21, 21.71
 27.21, 21.70
 27.20, 21.68
 27.19, 21.66
 27.13, 21.64
 27.10, 21.63
 27.01, 21.63
 26.97, 21.61
 26.87, 21.58
 26.79, 21.58
 26.71, 21.55
 26.62, 21.54
 26.52, 21.52
 26.42, 21.51
 26.31, 21.49
 26.21, 21.45
 26.11, 21.43
 25.99, 21.42
 25.88, 21.42
 25.78, 21.38
 25.69, 21.34
 25.57, 21.33
 25.48, 21.31
 25.37, 21.27
 25.31, 21.25
 25.23, 21.21
 25.15, 21.19
 25.10, 21.16
 25.04, 21.14
 24.96, 21.10
 24.93, 21.07
 24.89, 21.05
 24.85, 21.00
 24.81, 20.98
 24.80, 20.95
 24.79, 20.90
 24.77, 20.87
 24.77, 20.84
 24.76, 20.80
 24.76, 20.78
 24.77, 20.72
 24.80, 20.70
 24.81, 20.65
 24.82, 20.62
 24.87, 20.58
 24.92, 20.55
 24.94, 20.49
 25.01, 20.47
 25.06, 20.43
 25.14, 20.41
 25.21, 20.39
 25.27, 20.38
 25.35, 20.36
 25.44, 20.35
 25.52, 20.33
 25.62, 20.33
 25.69, 20.34
 25.79, 20.35
 25.89, 20.36
 25.97, 20.39
 26.08, 20.40
 26.18, 20.42
 26.28, 20.45
 26.38, 20.47
 26.50, 20.51
 26.61, 20.54
 26.72, 20.58
 26.84, 20.60
 26.95, 20.64
 27.07, 20.69
 27.23, 20.72
 27.34, 20.75
 27.49, 20.82
 27.60, 20.84
 27.72, 20.91
 27.86, 20.95
 27.96, 21.03
 28.08, 21.07
 28.19, 21.14
 28.31, 21.18
 28.41, 21.26
 28.50, 21.30
 28.63, 21.37
 28.75, 21.41
 28.88, 21.42
 29.02, 21.45
 29.14, 21.48
 29.30, 21.48
 29.45, 21.45
 29.62, 21.43
 29.81, 21.39
 29.97, 21.35
 30.16, 21.29
 30.33, 21.24
 30.50, 21.18
 30.67, 21.11
 30.83, 21.05
 30.98, 21.00
 31.13, 20.95
 31.24, 20.88
 31.37, 20.83
 31.47, 20.81
 31.56, 20.77
 31.61, 20.73
 31.62, 20.73
 31.61, 20.73
 31.56, 20.80
 31.48, 20.83
 31.39, 20.91
 31.30, 20.96
 31.20, 21.04
 31.11, 21.07
 30.99, 21.14
 30.87, 21.18
 30.77, 21.24
 30.64, 21.26
 30.53, 21.28
 30.39, 21.29
 30.28, 21.32
 30.14, 21.34
 29.99, 21.38
 29.85, 21.40
 29.68, 21.41
 29.54, 21.44
 29.38, 21.48
 29.23, 21.53
 29.09, 21.55
 28.92, 21.60
 28.78, 21.64
 28.64, 21.64
 28.48, 21.67
 28.36, 21.70
 28.22, 21.72
 28.10, 21.75
 27.94, 21.76
 27.80, 21.77
 27.68, 21.81
 27.56, 21.85
 27.41, 21.88
 27.28, 21.88
 27.16, 21.96
 27.02, 21.98
 26.87, 21.99
 26.75, 22.06
 26.61, 22.08
 26.49, 22.11
 26.38, 22.16
 26.28, 22.18
 26.15, 22.20
 26.04, 22.21
 25.94, 22.23
 25.84, 22.27
 25.74, 22.29
 25.67, 22.30
 25.59, 22.31
 25.50, 22.32
 25.43, 22.32
 25.36, 22.31
 25.30, 22.32
 25.24, 22.30
 25.16, 22.31
 25.11, 22.30
 25.05, 22.30
 24.99, 22.28
 24.94, 22.29
 24.88, 22.28
 24.86, 22.25
 24.80, 22.22
 24.77, 22.20
 24.75, 22.19
 24.72, 22.16
 24.69, 22.12
 24.68, 22.11
 24.67, 22.09
 24.65, 22.05
 24.64, 22.02
 24.64, 21.96
 24.65, 21.94
 24.66, 21.92
 24.69, 21.89
 24.71, 21.85
 24.71, 21.81
 24.76, 21.77
 24.81, 21.75
 24.85, 21.71
 24.90, 21.68
 24.93, 21.64
 25.01, 21.61
 25.05, 21.57
 25.13, 21.56
 25.17, 21.52
 25.26, 21.49
 25.35, 21.47
 25.40, 21.43
 25.48, 21.41
 25.58, 21.36
 25.66, 21.34
 25.74, 21.31
 25.81, 21.26
 25.90, 21.25
 26.01, 21.23
 26.10, 21.21
 26.19, 21.16
 26.28, 21.16
 26.37, 21.14
 26.46, 21.12
 26.56, 21.11
 26.64, 21.09
 26.74, 21.07
 26.84, 21.06
 26.94, 21.05
 27.00, 21.07
 27.10, 21.06
 27.17, 21.05
 27.29, 21.05
 27.38, 21.04
 27.43, 21.04
 27.50, 21.05
 27.59, 21.04
 27.65, 21.05
 27.71, 21.05
 27.77, 21.06
 27.84, 21.05
 27.87, 21.07
 27.91, 21.07
 27.97, 21.08
 27.98, 21.09
 28.01, 21.11
 28.03, 21.12
 28.03, 21.15
 28.02, 21.16
 28.01, 21.16
 27.99, 21.17
 27.96, 21.17
 27.91, 21.17
 27.87, 21.20
 27.81, 21.18
 27.76, 21.19
 27.68, 21.18
 27.61, 21.17
 27.53, 21.16
 27.43, 21.16
 27.34, 21.13
 27.24, 21.11
 27.14, 21.09
 27.04, 21.07
 26.94, 21.04
 26.83, 21.01
 26.69, 20.99
 26.57, 20.94
 26.46, 20.89
 26.35, 20.86
 26.21, 20.80
 26.10, 20.78
 25.98, 20.72
 25.86, 20.65
 25.74, 20.59
 25.64, 20.55
 25.54, 20.47
 25.42, 20.41
 25.34, 20.34
 25.24, 20.28
 25.16, 20.21
 25.09, 20.14
 25.02, 20.08
 24.94, 20.00
 24.90, 19.92
 24.84, 19.84
 24.81, 19.77
 24.77, 19.70
 24.72, 19.62
 24.71, 19.56
 24.69, 19.47
 24.70, 19.38
 24.69, 19.30
 24.68, 19.24
 24.70, 19.17
 24.70, 19.07
 24.72, 19.04
 24.75, 18.95
 24.79, 18.91
 24.81, 18.84
 24.84, 18.78
 24.90, 18.73
 24.92, 18.66
 25.00, 18.62
 25.04, 18.57
 25.12, 18.53
 25.16, 18.52
 25.24, 18.46
 25.33, 18.43
 25.40, 18.42
 25.46, 18.42
 25.56, 18.41
 25.64, 18.42
 25.74, 18.41
 25.84, 18.41
 25.91, 18.41
 26.00, 18.42
 26.09, 18.43
 26.19, 18.46
 26.28, 18.49
 26.39, 18.52
 26.48, 18.54
 26.57, 18.57
 26.68, 18.59
 26.76, 18.65
 26.87, 18.67
 26.99, 18.71
 27.10, 18.78
 27.19, 18.79
 27.29, 18.87
 27.40, 18.92
 27.49, 18.96
 27.59, 19.02
 27.70, 19.07
 27.79, 19.13
 27.92, 19.19
 28.00, 19.22
 28.11, 19.30
 28.22, 19.33
 28.32, 19.39
 28.44, 19.43
 28.57, 19.48
 28.68, 19.50
 28.80, 19.51
 28.94, 19.56
 29.06, 19.58
 29.20, 19.60
 29.33, 19.61
 29.48, 19.63
 29.59, 19.64
 29.75, 19.66
 29.87, 19.70
 29.98, 19.72
 30.09, 19.73
 30.21, 19.76
 30.33, 19.79
 30.43, 19.82
 30.54, 19.84
 30.64, 19.85
 30.73, 19.86
 30.82, 19.87
 30.91, 19.89
 31.00, 19.90
 31.06, 19.92
 31.14, 19.93
 31.20, 19.95
 31.23, 19.95
 31.25, 19.94
 31.28, 19.95
 31.29, 19.96
 31.25, 20.00
 31.25, 20.01
 31.21, 20.03
 31.14, 20.06
 31.08, 20.07
 31.01, 20.09
 30.92, 20.11
 30.82, 20.13
 30.72, 20.16
 30.62, 20.16
 30.52, 20.16
 30.41, 20.16
 30.29, 20.17
 30.17, 20.18
 30.04, 20.19
 29.91, 20.22
 29.78, 20.24
 29.65, 20.27
 29.51, 20.30
 29.38, 20.33
 29.24, 20.37
 29.11, 20.39
 28.96, 20.40
 28.83, 20.44
 28.72, 20.47
 28.58, 20.50
 28.46, 20.54
 28.34, 20.56
 28.20, 20.60
 28.08, 20.62
 27.93, 20.67
 27.80, 20.73
 27.69, 20.77
 27.55, 20.83
 27.41, 20.89
 27.29, 20.96
 27.18, 21.00
 27.08, 21.04
 26.96, 21.09
 26.88, 21.11
 26.81, 21.13
 26.72, 21.14
 26.63, 21.17
 26.59, 21.20
 26.49, 21.20
 26.42, 21.21
 26.37, 21.21
 26.30, 21.22
 26.24, 21.22
 26.18, 21.25
 26.12, 21.26
 26.07, 21.27
 25.99, 21.29
 25.95, 21.31
 25.88, 21.32
 25.82, 21.33
 25.77, 21.34
 25.72, 21.36
 25.66, 21.37
 25.62, 21.37
 25.56, 21.39
 25.52, 21.39
 25.48, 21.40
 25.44, 21.42
 25.42, 21.41
 25.39, 21.41
 25.35, 21.43
 25.32, 21.43
 25.33, 21.43
 25.29, 21.44
 25.28, 21.44
 25.25, 21.44
 25.28, 21.46
 25.27, 21.45
 25.28, 21.46
 25.32, 21.46
 25.32, 21.45
 25.34, 21.45
 25.35, 21.42
 25.39, 21.44
 25.42, 21.44
 25.45, 21.42
 25.50, 21.41
 25.56, 21.39
 25.60, 21.39
 25.68, 21.38
 25.72, 21.36
 25.80, 21.34
 25.88, 21.33
 25.93, 21.32
 26.01, 21.30
 26.10, 21.27
 26.18, 21.25
 26.25, 21.25
 26.33, 21.23
 26.44, 21.21
 26.53, 21.19
 26.63, 21.18
 26.72, 21.17
 26.83, 21.16
 26.92, 21.13
 27.01, 21.12
 27.11, 21.11
 27.21, 21.10
 27.31, 21.10
 27.43, 21.09
 27.51, 21.10
 27.62, 21.10
 27.71, 21.11
 27.80, 21.10
 27.91, 21.11
 27.99, 21.10
 28.07, 21.12
 28.14, 21.13
 28.20, 21.13
 28.26, 21.14
 28.29, 21.14
 28.33, 21.16
 28.35, 21.15
 28.37, 21.16
 28.36, 21.16
 28.34, 21.17
 28.33, 21.16
 28.29, 21.17
 28.24, 21.17
 28.19, 21.17
 28.12, 21.17
 28.04, 21.17
 27.96, 21.17
 27.86, 21.16
 27.75, 21.15
 27.64, 21.14
 27.51, 21.14
 27.40, 21.13
 27.27, 21.12
 27.13, 21.10
 27.00, 21.10
 26.87, 21.09
 26.73, 21.09
 26.57, 21.07
 26.44, 21.06
 26.28, 21.03
 26.15, 21.01
 26.02, 21.01
 25.88, 20.99
 25.74, 20.99
 25.62, 20.97
 25.48, 20.95
 25.37, 20.91
 25.26, 20.91
 25.15, 20.89
 25.05, 20.87
 24.97, 20.85
 24.90, 20.84
 24.82, 20.82
 24.73, 20.80
 24.69, 20.80
 24.61, 20.78
 24.58, 20.77
 24.53, 20.77
 24.48, 20.75
 24.46, 20.75
 24.43, 20.73
 24.41, 20.71
 24.38, 20.70
 24.39, 20.68
 24.38, 20.67
 24.41, 20.67
 24.43, 20.63
 24.48, 20.63
 24.49, 20.60
 24.52, 20.59
 24.59, 20.58
 24.65, 20.56
 24.71, 20.58
 24.81, 20.57
 24.87, 20.55
 24.95, 20.55
 25.04, 20.52
 25.14, 20.52
 25.26, 20.52
 25.37, 20.49
 25.48, 20.49
 25.59, 20.48
 25.73, 20.46
 25.86, 20.43
 26.00, 20.42
 26.17, 20.43
 26.32, 20.42
 26.48, 20.43
 26.63, 20.43
 26.80, 20.46
 26.95, 20.48
 27.09, 20.52
 27.22, 20.55
 27.36, 20.61
 27.48, 20.68
 27.56, 20.72
 27.66, 20.78
 27.73, 20.86
 27.81, 20.93
 27.88, 21.00
 27.92, 21.06
 28.00, 21.16
 28.07, 21.20
 28.15, 21.26
 28.24, 21.33
 28.33, 21.38
 28.43, 21.42
 28.54, 21.46
 28.65, 21.48
 28.76, 21.50
 28.88, 21.52
 28.97, 21.55
 29.06, 21.58
 29.15, 21.59
 29.24, 21.59
 29.32, 21.61
 29.41, 21.64
 29.49, 21.65
 29.57, 21.67
 29.66, 21.67
 29.74, 21.68
 29.85, 21.64
 29.94, 21.61
 30.06, 21.59
 30.15, 21.54
 30.27, 21.49
 30.39, 21.45
 30.50, 21.39
 30.60, 21.33
 30.70, 21.27
 30.80, 21.23
 30.84, 21.17
 30.89, 21.14
 30.90, 21.10
 30.89, 21.08
 30.82, 21.08
 30.78, 21.07
 30.70, 21.07
 30.60, 21.08
 30.53, 21.08
 30.46, 21.09
 30.35, 21.08
 30.26, 21.08
 30.16, 21.06
 30.10, 21.06
 30.02, 21.05
 29.93, 21.05
 29.85, 21.03
 29.76, 21.00
 29.65, 20.99
 29.54, 20.97
 29.44, 20.98
 29.32, 20.96
 29.20, 20.98
 29.10, 21.00
 28.95, 21.03
 28.80, 21.05
 28.66, 21.08
 28.51, 21.13
 28.35, 21.17
 28.22, 21.22
 28.04, 21.26
 27.91, 21.31
 27.73, 21.35
 27.58, 21.42
 27.41, 21.43
 27.24, 21.47
 27.05, 21.53
 26.90, 21.57
 26.72, 21.63
 26.53, 21.66
 26.37, 21.71
 26.18, 21.75
 25.97, 21.81
 25.80, 21.86
 25.60, 21.93
 25.41, 21.99
 25.22, 22.03
 25.02, 22.09
 24.84, 22.14
 24.65, 22.19
 24.48, 22.21
 24.32, 22.24
 24.16, 22.26
 24.01, 22.28
 23.87, 22.29
 23.73, 22.29
 23.58, 22.30
 23.46, 22.29
 23.34, 22.28
 23.20, 22.28
 23.09, 22.28
 22.98, 22.28
 22.85, 22.26
 22.75, 22.26
 22.64, 22.26
 22.55, 22.25
 22.48, 22.23
 22.39, 22.21
 22.29, 22.18
 22.21, 22.17
 22.16, 22.13
 22.09, 22.14
 22.04, 22.12
 21.99, 22.10
 21.93, 22.07
 21.88, 22.06
 21.85, 22.03
 21.81, 21.99
 21.78, 21.97
 21.77, 21.95
 21.75, 21.93
 21.76, 21.94
 21.75, 21.91
 21.76, 21.89
 21.76, 21.88
 21.77, 21.86
 21.79, 21.86
 21.80, 21.83
 21.84, 21.82
 21.86, 21.81
 21.91, 21.80
 21.96, 21.79
 21.99, 21.77
 22.03, 21.76
 22.09, 21.75
 22.14, 21.75
 22.20, 21.75
 22.28, 21.74
 22.34, 21.73
 22.42, 21.72
 22.47, 21.70
 22.58, 21.72
 22.65, 21.72
 22.74, 21.69
 22.84, 21.72
 22.91, 21.69
 22.99, 21.70
 23.11, 21.70
 23.21, 21.69
 23.31, 21.68
 23.45, 21.70
 23.53, 21.68
 23.66, 21.70
 23.77, 21.70
 23.92, 21.70
 24.02, 21.71
 24.14, 21.69
 24.26, 21.70
 24.37, 21.70
 24.48, 21.69
 24.59, 21.70
 24.70, 21.70
 24.80, 21.69
 24.90, 21.70
 24.97, 21.70
 25.05, 21.70
 25.12, 21.71
 25.15, 21.69
 25.23, 21.69
 25.26, 21.68
 25.26, 21.69
 25.29, 21.67
 25.29, 21.67
 25.27, 21.67
 25.27, 21.65
 25.25, 21.65
 25.21, 21.64
 25.16, 21.62
 25.09, 21.62
 25.03, 21.59
 24.96, 21.57
 24.88, 21.55
 24.80, 21.54
 24.70, 21.51
 24.60, 21.48
 24.49, 21.46
 24.39, 21.45
 24.27, 21.43
 24.19, 21.38
 24.06, 21.36
 23.96, 21.33
 23.84, 21.31
 23.75, 21.27
 23.62, 21.26
 23.52, 21.23
 23.41, 21.20
 23.33, 21.18
 23.22, 21.16
 23.14, 21.13
 23.05, 21.11
 22.97, 21.09
 22.90, 21.07
 22.84, 21.06
 22.76, 21.03
 22.72, 21.01
 22.67, 21.00
 22.61, 20.98
 22.59, 20.96
 22.56, 20.95
 22.52, 20.90
 22.49, 20.88
 22.50, 20.86
 22.48, 20.83
 22.49, 20.79
 22.50, 20.76
 22.50, 20.72
 22.54, 20.70
 22.56, 20.65
 22.62, 20.62
 22.65, 20.55
 22.70, 20.52
 22.75, 20.46
 22.84, 20.42
 22.89, 20.38
 22.97, 20.33
 23.06, 20.30
 23.15, 20.26
 23.23, 20.21
 23.31, 20.16
 23.41, 20.11
 23.51, 20.08
 23.61, 20.03
 23.73, 19.98
 23.83, 19.94
 23.95, 19.91
 24.08, 19.86
 24.20, 19.83
 24.36, 19.78
 24.49, 19.74
 24.62, 19.71
 24.77, 19.70
 24.90, 19.68
 25.04, 19.68
 25.19, 19.64
 25.31, 19.66
 25.44, 19.66
 25.56, 19.65
 25.68, 19.67
 25.80, 19.68
 25.93, 19.68
 26.05, 19.69
 26.19, 19.72
 26.29, 19.72
 26.42, 19.73
 26.57, 19.76
 26.69, 19.79
 26.82, 19.80
 26.95, 19.81
 27.08, 19.84
 27.23, 19.87
 27.35, 19.88
 27.47, 19.90
 27.62, 19.90
 27.76, 19.95
 27.91, 19.95
 28.03, 19.96
 28.16, 19.95
 28.32, 19.96
 28.45, 19.96
 28.59, 19.95
 28.73, 19.92
 28.88, 19.90
 29.01, 19.88
 29.16, 19.84
 29.29, 19.82
 29.43, 19.77
 29.54, 19.74
 29.68, 19.71
 29.76, 19.65
 29.88, 19.62
 29.95, 19.58
 30.02, 19.54
 30.05, 19.53
 30.08, 19.51
 30.07, 19.51
 30.04, 19.53
 29.97, 19.54
 29.89, 19.57
 29.81, 19.62
 29.71, 19.65
 29.59, 19.68
 29.48, 19.72
 29.36, 19.74
 29.23, 19.76
 29.11, 19.77
 28.98, 19.80
 28.82, 19.82
 28.68, 19.81
 28.54, 19.85
 28.38, 19.86
 28.24, 19.88
 28.09, 19.88
 27.91, 19.90
 27.78, 19.91
 27.59, 19.91
 27.45, 19.92
 27.29, 19.96
 27.14, 19.98
 26.95, 20.00
 26.81, 20.01
 26.66, 20.01
 26.48, 20.03
 26.35, 20.05
 26.21, 20.09
 26.06, 20.11
 25.92, 20.13
 25.77, 20.14
 25.63, 20.16
 25.52, 20.19
 25.37, 20.22
 25.25, 20.23
 25.12, 20.25
 24.99, 20.27
 24.90, 20.30
 24.79, 20.33
 24.68, 20.33
 24.58, 20.35
 24.49, 20.37
 24.41, 20.38
 24.31, 20.39
 24.22, 20.40
 24.15, 20.44
 24.06, 20.44
 23.98, 20.46
 23.89, 20.47
 23.83, 20.50
 23.76, 20.54
 23.69, 20.55
 23.62, 20.56
 23.56, 20.57
 23.50, 20.60
 23.43, 20.60
 23.39, 20.61
 23.31, 20.61
 23.27, 20.63
 23.23, 20.64
 23.17, 20.68
 23.14, 20.68
 23.08, 20.69
 23.04, 20.71
 22.99, 20.73
 22.96, 20.74
 22.93, 20.74
 22.89, 20.75
 22.87, 20.76
 22.86, 20.77
 22.83, 20.78
 22.82, 20.78
 22.80, 20.77
 22.80, 20.79
 22.78, 20.79
 22.81, 20.78
 22.82, 20.78
 22.83, 20.78
 22.84, 20.79
 22.87, 20.78
 22.89, 20.77
 22.92, 20.76
 22.96, 20.76
 22.99, 20.76
 23.03, 20.75
 23.06, 20.76
 23.12, 20.73
 23.18, 20.75
 23.22, 20.73
 23.29, 20.73
 23.36, 20.72
 23.44, 20.72
 23.50, 20.69
 23.58, 20.70
 23.67, 20.68
 23.73, 20.67
 23.83, 20.66
 23.92, 20.64
 24.02, 20.63
 24.08, 20.62
 24.18, 20.61
 24.29, 20.60
 24.39, 20.59
 24.50, 20.59
 24.60, 20.58
 24.70, 20.57
 24.80, 20.56
 24.90, 20.56
 25.01, 20.56
 25.12, 20.56
 25.24, 20.55
 25.34, 20.56
 25.45, 20.56
 25.55, 20.56
 25.65, 20.56
 25.75, 20.57
 25.85, 20.57
 25.95, 20.57
 26.04, 20.59
 26.13, 20.59
 26.22, 20.62
 26.30, 20.63
 26.35, 20.65
 26.44, 20.66
 26.48, 20.68
 26.55, 20.69
 26.58, 20.71
 26.62, 20.73
 26.66, 20.74
 26.67, 20.76
 26.68, 20.77
 26.69, 20.79
 26.67, 20.82
 26.66, 20.83
 26.64, 20.85
 26.58, 20.85
 26.55, 20.88
 26.51, 20.87
 26.46, 20.88
 26.38, 20.89
 26.33, 20.89
 26.24, 20.88
 26.17, 20.88
 26.09, 20.88
 26.00, 20.87
 25.90, 20.86
 25.80, 20.83
 25.70, 20.82
 25.63, 20.79
 25.54, 20.78
 25.45, 20.78
 25.34, 20.77
 25.24, 20.75
 25.15, 20.69
 25.06, 20.69
 24.97, 20.66
 24.88, 20.65
 24.81, 20.60
 24.72, 20.58
 24.66, 20.55
 24.59, 20.55
 24.53, 20.51
 24.48, 20.47
 24.40, 20.45
 24.38, 20.41
 24.34, 20.39
 24.28, 20.37
 24.27, 20.36
 24.23, 20.32
 24.20, 20.31
 24.19, 20.27
 24.17, 20.25
 24.16, 20.20
 24.16, 20.17
 24.14, 20.14
 24.15, 20.09
 24.16, 20.05
 24.16, 20.02
 24.18, 19.96
 24.20, 19.91
 24.25, 19.87
 24.27, 19.81
 24.31, 19.77
 24.36, 19.73
 24.39, 19.70
 24.46, 19.66
 24.51, 19.60
 24.59, 19.58
 24.65, 19.53
 24.69, 19.49
 24.77, 19.45
 24.83, 19.42
 24.89, 19.39
 24.97, 19.36
 25.05, 19.32
 25.10, 19.30
 25.21, 19.29
 25.29, 19.28
 25.38, 19.25
 25.45, 19.23
 25.54, 19.21
 25.63, 19.21
 25.72, 19.21
 25.80, 19.21
 25.87, 19.21
 25.97, 19.22
 26.07, 19.22
 26.16, 19.25
 26.24, 19.26
 26.34, 19.27
 26.42, 19.30
 26.52, 19.31
 26.62, 19.32
 26.71, 19.35
 26.83, 19.38
 26.92, 19.40
 27.03, 19.41
 27.12, 19.43
 27.23, 19.43
 27.34, 19.46
 27.46, 19.49
 27.57, 19.50
 27.67, 19.51
 27.78, 19.51
 27.89, 19.52
 28.00, 19.52
 28.11, 19.52
 28.22, 19.52
 28.34, 19.52
 28.45, 19.52
 28.55, 19.51
 28.66, 19.50
 28.76, 19.50
 28.85, 19.49
 28.93, 19.50
 29.02, 19.47
 29.11, 19.47
 29.19, 19.46
 29.25, 19.46
 29.32, 19.44
 29.38, 19.47
 29.46, 19.44
 29.54, 19.44
 29.59, 19.43
 29.65, 19.43
 29.71, 19.41
 29.79, 19.40
 29.84, 19.39
 29.92, 19.38
 29.97, 19.36
 30.02, 19.35
 30.09, 19.31
 30.13, 19.31
 30.15, 19.29
 30.19, 19.29
 30.22, 19.29
 30.23, 19.28
 30.24, 19.28
 30.23, 19.27
 30.22, 19.27
 30.18, 19.26
 30.16, 19.28
 30.13, 19.28
 30.06, 19.28
 30.02, 19.29
 29.95, 19.28
 29.89, 19.30
 29.81, 19.30
 29.72, 19.30
 29.62, 19.30
 29.53, 19.30
 29.42, 19.32
 29.31, 19.33
 29.17, 19.34
 29.05, 19.37
 28.92, 19.40
 28.75, 19.41
 28.60, 19.42
 28.43, 19.44
 28.24, 19.47
 28.06, 19.50
 27.87, 19.51
 27.69, 19.55
 27.48, 19.57
 27.28, 19.58
 27.10, 19.62
 26.91, 19.63
 26.71, 19.65
 26.51, 19.67
 26.32, 19.66
 26.14, 19.68
 25.95, 19.67
 25.75, 19.67
 25.58, 19.68
 25.39, 19.68
 25.18, 19.69
 25.01, 19.70
 24.83, 19.70
 24.65, 19.72
 24.49, 19.74
 24.31, 19.78
 24.16, 19.78
 23.99, 19.81
 23.84, 19.80
 23.70, 19.83
 23.55, 19.83
 23.40, 19.85
 23.30, 19.85
 23.16, 19.87
 23.06, 19.86
 22.94, 19.88
 22.82, 19.87
 22.72, 19.87
 22.62, 19.87
 22.53, 19.86
 22.41, 19.83
 22.33, 19.85
 22.25, 19.80
 22.16, 19.81
 22.09, 19.77
 22.03, 19.79
 21.98, 19.77
 21.94, 19.75
 21.88, 19.76
 21.87, 19.75
 21.83, 19.74
 21.80, 19.71
 21.80, 19.71
 21.78, 19.71
 21.78, 19.69
 21.78, 19.68
 21.79, 19.68
 21.83, 19.68
 21.87, 19.67
 21.88, 19.66
 21.91, 19.65
 21.95, 19.63
 21.98, 19.61
 22.04, 19.61
 22.09, 19.57
 22.15, 19.58
 22.21, 19.56
 22.29, 19.55
 22.32, 19.53
 22.42, 19.53
 22.52, 19.53
 22.57, 19.53
 22.66, 19.51
 22.76, 19.52
 22.86, 19.51
 22.97, 19.50
 23.07, 19.50
 23.17, 19.51
 23.27, 19.49
 23.38, 19.48
 23.48, 19.49
 23.59, 19.48
 23.70, 19.48
 23.81, 19.48
 23.92, 19.47
 24.03, 19.48
 24.15, 19.48
 24.25, 19.47
 24.36, 19.47
 24.47, 19.48
 24.57, 19.48
 24.67, 19.48
 24.76, 19.49
 24.84, 19.49
 24.94, 19.49
 24.99, 19.51
 25.05, 19.51
 25.12, 19.51
 25.17, 19.53
 25.21, 19.52
 25.26, 19.53
 25.27, 19.52
 25.30, 19.53
 25.30, 19.52
 25.27, 19.52
 25.27, 19.53
 25.26, 19.50
 25.20, 19.50
 25.17, 19.49
 25.14, 19.48
 25.08, 19.48
 25.01, 19.47
 24.92, 19.47
 24.84, 19.45
 24.76, 19.42
 24.68, 19.39
 24.58, 19.37
 24.47, 19.35
 24.36, 19.32
 24.26, 19.28
 24.16, 19.26
 24.04, 19.25
 23.92, 19.19
 23.81, 19.15
 23.71, 19.13
 23.60, 19.12
 23.49, 19.06
 23.39, 19.04
 23.27, 19.03
 23.17, 19.00
 23.08, 18.95
 22.98, 18.92
 22.87, 18.91
 22.77, 18.89
 22.72, 18.88
 22.63, 18.84
 22.55, 18.80
 22.48, 18.79
 22.42, 18.76
 22.35, 18.75
 22.31, 18.72
 22.26, 18.69
 22.20, 18.66
 22.19, 18.65
 22.14, 18.64
 22.10, 18.62
 22.08, 18.59
 22.07, 18.58
 22.07, 18.57
 22.05, 18.54
 22.05, 18.54
 22.06, 18.52
 22.06, 18.51
 22.07, 18.49
 22.10, 18.46
 22.14, 18.49
 22.17, 18.48
 22.20, 18.46
 22.23, 18.46
 22.30, 18.47
 22.35, 18.46
 22.41, 18.47
 22.46, 18.47
 22.52, 18.48
 22.61, 18.49
 22.65, 18.48
 22.73, 18.48
 22.83, 18.50
 22.90, 18.52
 22.98, 18.52
 23.08, 18.52
 23.19, 18.55
 23.30, 18.55
 23.39, 18.56
 23.50, 18.57
 23.61, 18.58
 23.73, 18.60
 23.85, 18.61
 23.99, 18.63
 24.12, 18.65
 24.24, 18.66
 24.38, 18.69
 24.53, 18.73
 24.67, 18.76
 24.80, 18.77
 24.95, 18.82
 25.10, 18.86
 25.22, 18.89
 25.36, 18.97
 25.48, 18.99
 25.63, 19.06
 25.76, 19.10
 25.87, 19.17
 26.02, 19.21
 26.14, 19.29
 26.27, 19.34
 26.38, 19.41
 26.50, 19.47
 26.62, 19.53
 26.74, 19.61
 26.87, 19.67
 26.98, 19.73
 27.09, 19.79
 27.21, 19.84
 27.33, 19.91
 27.45, 19.95
 27.56, 20.00
 27.69, 20.03
 27.79, 20.07
 27.91, 20.08
 28.02, 20.12
 28.12, 20.13
 28.24, 20.14
 28.35, 20.15
 28.46, 20.15
 28.54, 20.16
 28.63, 20.17
 28.72, 20.16
 28.80, 20.15
 28.89, 20.13
 28.96, 20.11
 29.01, 20.09
 29.06, 20.07
 29.09, 20.07
 29.10, 20.07
 29.09, 20.07
 29.06, 20.06
 29.01, 20.10
 28.96, 20.11
 28.88, 20.13
 28.79, 20.16
 28.71, 20.18
 28.61, 20.18
 28.51, 20.20
 28.43, 20.24
 28.32, 20.25
 28.20, 20.26
 28.09, 20.28
 27.97, 20.27
 27.86, 20.29
 27.71, 20.30
 27.58, 20.32
 27.46, 20.33
 27.27, 20.35
 27.15, 20.36
 27.01, 20.38
 26.84, 20.41
 26.70, 20.44
 26.53, 20.47
 26.39, 20.48
 26.22, 20.52
 26.06, 20.55
 25.91, 20.56
 25.75, 20.58
 25.61, 20.64
 25.45, 20.67
 25.30, 20.69
 25.17, 20.72
 25.01, 20.76
 24.87, 20.79
 24.73, 20.80
 24.57, 20.84
 24.41, 20.85
 24.26, 20.88
 24.11, 20.91
 23.96, 20.95
 23.80, 20.96
 23.67, 20.99
 23.49, 21.01
 23.37, 21.04
 23.22, 21.05
 23.08, 21.06
 22.98, 21.07
 22.83, 21.07
 22.70, 21.08
 22.58, 21.08
 22.48, 21.08
 22.39, 21.10
 22.29, 21.08
 22.21, 21.06
 22.10, 21.07
 22.03, 21.07
 21.97, 21.07
 21.87, 21.06
 21.78, 21.05
 21.73, 21.06
 21.64, 21.04
 21.56, 21.04
 21.52, 21.04
 21.47, 21.03
 21.44, 21.03
 21.38, 21.03
 21.34, 21.04
 21.32, 21.01
 21.29, 21.02
 21.28, 21.01
 21.26, 21.01
 21.26, 21.00
 21.26, 21.00
 21.26, 21.00
 21.31, 20.99
 21.34, 20.99
 21.35, 21.00
 21.40, 20.98
 21.44, 20.98
 21.51, 20.98
 21.56, 20.97
 21.62, 20.97
 21.68, 20.97
 21.73, 20.96
 21.84, 20.96
 21.91, 20.96
 22.01, 20.97
 22.10, 20.97
 22.17, 20.95
 22.28, 20.96
 22.36, 20.95
 22.47, 20.95
 22.59, 20.95
 22.69, 20.95
 22.79, 20.95
 22.92, 20.94
 23.03, 20.94
 23.18, 20.93
 23.29, 20.94
 23.41, 20.93
 23.54, 20.93
 23.67, 20.91
 23.81, 20.90
 23.93, 20.88
 24.05, 20.90
 24.18, 20.91
 24.31, 20.90
 24.46, 20.89
 24.59, 20.88
 24.71, 20.90
 24.83, 20.91
 24.94, 20.91
 25.05, 20.90
 25.16, 20.92
 25.27, 20.90
 25.37, 20.91
 25.44, 20.90
 25.54, 20.92
 25.59, 20.92
 25.64, 20.94
 25.69, 20.94
 25.70, 20.94
 25.71, 20.96
 25.71, 20.96
 25.69, 20.98
 25.68, 20.98
 25.63, 20.99
 25.57, 20.98
 25.50, 21.00
 25.40, 21.00
 25.33, 20.99
 25.23, 20.99
 25.09, 20.99
 24.96, 20.99
 24.81, 20.98
 24.67, 20.97
 24.51, 20.96
 24.36, 20.93
 24.19, 20.92
 24.01, 20.90
 23.84, 20.89
 23.67, 20.87
 23.51, 20.84
 23.34, 20.83
 23.17, 20.81
 22.99, 20.78
 22.84, 20.76
 22.67, 20.72
 22.52, 20.71
 22.38, 20.68
 22.24, 20.64
 22.10, 20.63
 21.97, 20.59
 21.85, 20.58
 21.74, 20.56
 21.62, 20.51
 21.53, 20.49
 21.44, 20.45
 21.35, 20.43
 21.28, 20.41
 21.22, 20.37
 21.16, 20.36
 21.10, 20.33
 21.06, 20.30
 21.02, 20.24
 20.99, 20.23
 20.99, 20.20
 20.96, 20.16
 20.93, 20.14
 20.94, 20.11
 20.93, 20.07
 20.96, 20.04
 20.99, 19.99
 21.02, 19.96
 21.06, 19.95
 21.13, 19.93
 21.16, 19.90
 21.23, 19.86
 21.31, 19.85
 21.35, 19.80
 21.42, 19.78
 21.52, 19.78
 21.61, 19.78
 21.70, 19.76
 21.80, 19.78
 21.88, 19.75
 21.98, 19.78
 22.09, 19.78
 22.20, 19.79
 22.31, 19.82
 22.40, 19.84
 22.52, 19.85
 22.65, 19.87
 22.75, 19.87
 22.85, 19.91
 22.96, 19.95
 23.08, 19.97
 23.19, 19.99
 23.27, 20.02
 23.39, 20.07
 23.47, 20.11
 23.55, 20.13
 23.63, 20.19
 23.73, 20.22
 23.79, 20.29
 23.89, 20.32
 23.97, 20.39
 24.06, 20.43
 24.11, 20.46
 24.20, 20.50
 24.29, 20.53
 24.36, 20.56
 24.47, 20.58
 24.56, 20.61
 24.65, 20.62
 24.77, 20.62
 24.87, 20.59
 24.99, 20.58
 25.11, 20.55
 25.22, 20.52
 25.33, 20.48
 25.48, 20.46
 25.62, 20.40
 25.72, 20.36
 25.85, 20.29
 26.00, 20.24
 26.13, 20.18
 26.26, 20.15
 26.39, 20.06
 26.51, 20.02
 26.63, 19.96
 26.75, 19.92
 26.88, 19.85
 26.98, 19.81
 27.06, 19.78
 27.16, 19.73
 27.25, 19.70
 27.29, 19.69
 27.35, 19.69
 27.37, 19.69
 27.38, 19.68
 27.37, 19.69
 27.37, 19.70
 27.36, 19.71
 27.30, 19.74
 27.27, 19.77
 27.23, 19.78
 27.15, 19.80
 27.08, 19.83
 27.01, 19.85
 26.92, 19.89
 26.82, 19.91
 26.73, 19.93
 26.63, 19.98
 26.50, 20.02
 26.39, 20.05
 26.26, 20.11
 26.11, 20.14
 25.99, 20.20
 25.83, 20.23
 25.69, 20.29
 25.53, 20.33
 25.40, 20.37
 25.25, 20.41
 25.10, 20.44
 24.97, 20.47
 24.84, 20.50
 24.70, 20.53
 24.57, 20.56
 24.41, 20.58
 24.26, 20.60
 24.11, 20.63
 23.97, 20.65
 23.81, 20.69
 23.69, 20.73
 23.52, 20.75
 23.38, 20.79
 23.21, 20.84
 23.08, 20.87
 22.93, 20.91
 22.80, 20.94
 22.65, 20.97
 22.52, 21.01
 22.39, 21.02
 22.27, 21.04
 22.16, 21.05
 22.05, 21.06
 21.95, 21.07
 21.86, 21.08
 21.74, 21.09
 21.65, 21.09
 21.55, 21.07
 21.44, 21.10
 21.37, 21.12
 21.30, 21.16
 21.21, 21.16
 21.11, 21.17
 21.03, 21.17
 20.97, 21.19
 20.90, 21.19
 20.84, 21.21
 20.78, 21.20
 20.71, 21.22
 20.68, 21.21
 20.61, 21.22
 20.59, 21.23
 20.56, 21.22
 20.51, 21.24
 20.50, 21.24
 20.48, 21.23
 20.47, 21.23
 20.45, 21.23
 20.43, 21.24
 20.42, 21.24
 20.44, 21.26
 20.43, 21.23
 20.45, 21.24
 20.45, 21.24
 20.49, 21.24
 20.50, 21.24
 20.51, 21.23
 20.54, 21.25
 20.58, 21.23
 20.62, 21.22
 20.67, 21.23
 20.73, 21.23
 20.77, 21.24
 20.81, 21.22
 20.87, 21.23
 20.91, 21.22
 20.97, 21.22
 21.04, 21.21
 21.11, 21.23
 21.16, 21.19
 21.24, 21.19
 21.28, 21.20
 21.35, 21.19
 21.42, 21.19
 21.49, 21.18
 21.56, 21.19
 21.60, 21.17
 21.69, 21.18
 21.75, 21.18
 21.81, 21.18
 21.89, 21.19
 21.95, 21.18
 22.02, 21.19
 22.09, 21.20
 22.14, 21.19
 22.21, 21.20
 22.26, 21.19
 22.33, 21.21
 22.40, 21.21
 22.44, 21.21
 22.51, 21.22
 22.55, 21.21
 22.58, 21.22
 22.62, 21.23
 22.64, 21.23
 22.65, 21.23
 22.70, 21.24
 22.71, 21.22
 22.71, 21.24
 22.70, 21.25
 22.70, 21.23
 22.70, 21.25
 22.65, 21.23
 22.62, 21.24
 22.59, 21.22
 22.53, 21.22
 22.48, 21.19
 22.44, 21.20
 22.38, 21.17
 22.33, 21.17
 22.24, 21.16
 22.17, 21.16
 22.09, 21.11
 22.01, 21.09
 21.92, 21.06
 21.81, 21.05
 21.73, 21.04
 21.65, 21.01
 21.57, 20.97
 21.47, 20.95
 21.38, 20.93
 21.29, 20.90
 21.22, 20.86
 21.14, 20.83
 21.07, 20.81
 20.99, 20.79
 20.93, 20.75
 20.85, 20.72
 20.81, 20.70
 20.73, 20.66
 20.70, 20.64
 20.64, 20.60
 20.62, 20.59
 20.58, 20.56
 20.55, 20.53
 20.52, 20.50
 20.51, 20.46
 20.48, 20.43
 20.46, 20.40
 20.45, 20.38
 20.45, 20.36
 20.44, 20.34
 20.46, 20.33
 20.45, 20.31
 20.45, 20.28
 20.47, 20.24
 20.48, 20.20
 20.52, 20.19
 20.53, 20.16
 20.57, 20.13
 20.59, 20.11
 20.62, 20.05
 20.68, 20.01
 20.75, 19.98
 20.81, 19.96
 20.89, 19.95
 20.97, 19.92
 21.03, 19.90
 21.14, 19.89
 21.22, 19.85
 21.32, 19.84
 21.41, 19.80
 21.52, 19.81
 21.63, 19.79
 21.74, 19.77
 21.83, 19.74
 21.94, 19.73
 22.04, 19.72
 22.16, 19.70
 22.25, 19.69
 22.39, 19.69
 22.48, 19.68
 22.59, 19.65
 22.72, 19.63
 22.83, 19.62
 22.95, 19.60
 23.07, 19.59
 23.18, 19.58
 23.30, 19.56
 23.43, 19.56
 23.56, 19.56
 23.67, 19.57
 23.78, 19.56
 23.92, 19.57
 24.03, 19.57
 24.14, 19.57
 24.24, 19.57
 24.36, 19.57
 24.48, 19.56
 24.63, 19.57
 24.76, 19.57
 24.91, 19.56
 25.04, 19.53
 25.19, 19.53
 25.32, 19.51
 25.49, 19.51
 25.62, 19.50
 25.77, 19.50
 25.92, 19.49
 26.05, 19.49
 26.19, 19.49
 26.35, 19.49
 26.49, 19.48
 26.61, 19.46
 26.79, 19.44
 26.94, 19.41
 27.13, 19.39
 27.30, 19.36
 27.49, 19.31
 27.69, 19.26
 27.91, 19.20
 28.14, 19.16
 28.35, 19.10
 28.58, 19.06
 28.78, 19.01
 29.01, 18.97
 29.17, 18.94
 29.37, 18.91
 29.55, 18.90
 29.69, 18.88
 29.82, 18.88
 29.95, 18.89
 30.05, 18.91
 30.15, 18.92
 30.21, 18.95
 30.27, 18.98
 30.31, 19.01
 30.33, 19.03
 30.31, 19.08
 30.28, 19.11
 30.26, 19.14
 30.21, 19.19
 30.14, 19.22
 30.05, 19.26
 29.97, 19.29
 29.89, 19.30
 29.80, 19.32
 29.71, 19.34
 29.61, 19.35
 29.49, 19.39
 29.38, 19.39
 29.27, 19.40
 29.15, 19.40
 29.02, 19.41
 28.89, 19.44
 28.74, 19.45
 28.61, 19.49
 28.45, 19.51
 28.28, 19.53
 28.14, 19.58
 27.96, 19.61
 27.79, 19.65
 27.64, 19.70
 27.47, 19.72
 27.30, 19.75
 27.15, 19.80
 27.01, 19.82
 26.85, 19.85
 26.71, 19.89
 26.56, 19.90
 26.39, 19.92
 26.25, 19.95
 26.09, 19.98
 25.93, 20.02
 25.77, 20.05
 25.61, 20.10
 25.45, 20.12
 25.30, 20.14
 25.15, 20.20
 24.99, 20.22
 24.85, 20.25
 24.71, 20.25
 24.58, 20.28
 24.44, 20.30
 24.32, 20.30
 24.20, 20.32
 24.09, 20.32
 23.96, 20.33
 23.84, 20.34
 23.73, 20.34
 23.62, 20.34
 23.51, 20.35
 23.41, 20.35
 23.29, 20.37
 23.20, 20.37
 23.10, 20.37
 23.02, 20.39
 22.94, 20.37
 22.85, 20.39
 22.75, 20.39
 22.68, 20.41
 22.62, 20.40
 22.55, 20.42
 22.50, 20.42
 22.42, 20.43
 22.37, 20.47
 22.33, 20.46
 22.28, 20.48
 22.24, 20.52
 22.21, 20.54
 22.19, 20.58
 22.17, 20.59
 22.18, 20.61
 22.17, 20.64
 22.13, 20.66
 22.15, 20.70
 22.15, 20.72
 22.17, 20.75
 22.18, 20.78
 22.20, 20.82
 22.21, 20.85
 22.24, 20.88
 22.29, 20.92
 22.33, 20.96
 22.37, 20.98
 22.41, 21.02
 22.47, 21.05
 22.51, 21.09
 22.59, 21.12
 22.64, 21.14
 22.71, 21.18
 22.78, 21.18
 22.85, 21.20
 22.94, 21.21
 22.99, 21.26
 23.09, 21.28
 23.17, 21.28
 23.28, 21.30
 23.38, 21.31
 23.44, 21.34
 23.55, 21.35
 23.65, 21.37
 23.74, 21.37
 23.85, 21.38
 23.95, 21.38
 24.04, 21.42
 24.14, 21.42
 24.23, 21.42
 24.33, 21.43
 24.39, 21.44
 24.49, 21.43
 24.57, 21.43
 24.62, 21.44
 24.69, 21.42
 24.71, 21.44
 24.76, 21.42
 24.80, 21.42
 24.81, 21.41
 24.81, 21.41
 24.80, 21.41
 24.78, 21.40
 24.72, 21.38
 24.71, 21.36
 24.65, 21.34
 24.59, 21.33
 24.50, 21.32
 24.41, 21.29
 24.36, 21.26
 24.26, 21.24
 24.16, 21.22
 24.04, 21.20
 23.95, 21.15
 23.84, 21.12
 23.71, 21.10
 23.61, 21.05
 23.49, 21.03
 23.38, 21.02
 23.26, 20.95
 23.15, 20.92
 23.06, 20.87
 22.95, 20.87
 22.85, 20.82
 22.75, 20.80
 22.65, 20.77
 22.57, 20.75
 22.48, 20.74
 22.42, 20.69
 22.35, 20.69
 22.29, 20.65
 22.21, 20.63
 22.19, 20.60
 22.12, 20.57
 22.08, 20.56
 22.03, 20.53
 22.02, 20.53
 21.98, 20.53
 21.95, 20.50
 21.92, 20.49
 21.90, 20.44
 21.89, 20.44
 21.88, 20.42
 21.87, 20.39
 21.88, 20.38
 21.90, 20.35
 21.90, 20.35
 21.94, 20.34
 21.97, 20.34
 21.99, 20.32
 22.02, 20.33
 22.08, 20.30
 22.10, 20.29
 22.18, 20.29
 22.22, 20.29
 22.30, 20.26
 22.38, 20.27
 22.43, 20.24
 22.53, 20.24
 22.63, 20.24
 22.73, 20.24
 22.84, 20.24
 22.94, 20.23
 23.07, 20.22
 23.18, 20.21
 23.30, 20.20
 23.44, 20.20
 23.59, 20.17
 23.73, 20.17
 23.89, 20.14
 24.04, 20.13
 24.21, 20.11
 24.35, 20.08
 24.54, 20.06
 24.72, 20.03
 24.90, 20.01
 25.08, 20.01
 25.29, 19.99
 25.48, 19.97
 25.70, 19.96
 25.91, 19.94
 26.13, 19.94
 26.36, 19.95
 26.58, 19.94
 26.79, 19.95
 27.02, 19.96
 27.23, 19.98
 27.46, 20.00
 27.66, 20.04
 27.83, 20.05
 28.02, 20.09
 28.19, 20.14
 28.36, 20.17
 28.52, 20.21
 28.67, 20.27
 28.81, 20.29
 28.95, 20.32
 29.08, 20.35
 29.20, 20.37
 29.30, 20.38
 29.41, 20.41
 29.47, 20.43
 29.54, 20.44
 29.57, 20.47
 29.59, 20.49
 29.59, 20.49
 29.56, 20.51
 29.50, 20.53
 29.42, 20.55
 29.33, 20.58
 29.23, 20.58
 29.12, 20.59
 28.99, 20.60
 28.86, 20.60
 28.74, 20.59
 28.62, 20.59
 28.50, 20.57
 28.37, 20.54
 28.26, 20.52
 28.14, 20.49
 28.03, 20.46
 27.92, 20.46
 27.78, 20.43
 27.65, 20.40
 27.52, 20.39
 27.39, 20.40
 27.25, 20.40
 27.11, 20.39
 26.97, 20.41
 26.84, 20.43
 26.70, 20.44
 26.55, 20.45
 26.40, 20.46
 26.28, 20.47
 26.16, 20.48
 26.02, 20.48
 25.89, 20.49
 25.74, 20.50
 25.62, 20.50
 25.46, 20.50
 25.32, 20.52
 25.18, 20.55
 25.01, 20.55
 24.84, 20.58
 24.67, 20.59
 24.50, 20.64
 24.32, 20.67
 24.16, 20.68
 24.01, 20.73
 23.82, 20.76
 23.69, 20.76
 23.52, 20.79
 23.37, 20.79
 23.23, 20.81
 23.07, 20.82
 22.95, 20.81
 22.82, 20.82
 22.68, 20.82
 22.57, 20.81
 22.43, 20.81
 22.33, 20.80
 22.20, 20.81
 22.08, 20.82
 21.99, 20.82
 21.87, 20.82
 21.76, 20.83
 21.66, 20.82
 21.58, 20.83
 21.49, 20.82
 21.41, 20.83
 21.32, 20.84
 21.24, 20.84
 21.18, 20.84
 21.10, 20.84
 21.06, 20.87
 21.01, 20.86
 20.93, 20.88
 20.90, 20.90
 20.87, 20.91
 20.83, 20.91
 20.80, 20.95
 20.77, 20.96
 20.74, 20.97
 20.72, 21.00
 20.73, 21.02
 20.72, 21.04
 20.71, 21.05
 20.70, 21.07
 20.72, 21.11
 20.73, 21.13
 20.74, 21.17
 20.78, 21.20
 20.80, 21.22
 20.84, 21.23
 20.87, 21.25
 20.89, 21.26
 20.93, 21.31
 20.95, 21.32
 21.02, 21.35
 21.06, 21.39
 21.09, 21.40
 21.14, 21.42
 21.20, 21.44
 21.26, 21.46
 21.30, 21.47
 21.36, 21.49
 21.41, 21.51
 21.47, 21.54
 21.54, 21.56
 21.59, 21.56
 21.67, 21.58
 21.74, 21.60
 21.80, 21.62
 21.86, 21.63
 21.95, 21.65
 22.03, 21.67
 22.08, 21.69
 22.15, 21.70
 22.24, 21.71
 22.33, 21.73
 22.43, 21.75
 22.50, 21.77
 22.60, 21.79
 22.69, 21.82
 22.78, 21.81
 22.88, 21.82
 22.99, 21.82
 23.06, 21.83
 23.14, 21.83
 23.22, 21.81
 23.32, 21.81
 23.39, 21.80
 23.44, 21.77
 23.51, 21.74
 23.55, 21.72
 23.60, 21.68
 23.63, 21.66
 23.67, 21.63
 23.69, 21.59
 23.70, 21.55
 23.69, 21.52
 23.66, 21.48
 23.63, 21.44
 23.61, 21.40
 23.55, 21.35
 23.51, 21.29
 23.45, 21.26
 23.36, 21.20
 23.31, 21.12
 23.22, 21.05
 23.13, 20.99
 23.05, 20.91
 22.95, 20.84
 22.84, 20.80
 22.76, 20.70
 22.66, 20.63
 22.57, 20.58
 22.46, 20.51
 22.35, 20.42
 22.29, 20.37
 22.18, 20.30
 22.10, 20.26
 21.99, 20.18
 21.92, 20.14
 21.83, 20.08
 21.77, 20.01
 21.70, 19.96
 21.64, 19.92
 21.57, 19.88
 21.52, 19.80
 21.47, 19.76
 21.43, 19.73
 21.40, 19.69
 21.37, 19.66
 21.36, 19.63
 21.34, 19.58
 21.33, 19.55
 21.31, 19.51
 21.31, 19.49
 21.31, 19.47
 21.32, 19.46
 21.34, 19.44
 21.36, 19.40
 21.38, 19.39
 21.42, 19.38
 21.45, 19.35
 21.49, 19.35
 21.55, 19.33
 21.61, 19.31
 21.66, 19.32
 21.70, 19.28
 21.77, 19.29
 21.86, 19.28
 21.90, 19.28
 21.99, 19.28
 22.09, 19.29
 22.17, 19.28
 22.26, 19.27
 22.35, 19.26
 22.46, 19.28
 22.56, 19.28
 22.67, 19.29
 22.79, 19.29
 22.91, 19.30
 23.02, 19.33
 23.16, 19.31
 23.26, 19.33
 23.40, 19.34
 23.51, 19.34
 23.66, 19.36
 23.79, 19.36
 23.94, 19.38
 24.07, 19.38
 24.22, 19.40
 24.35, 19.44
 24.47, 19.44
 24.61, 19.47
 24.74, 19.47
 24.88, 19.48
 25.00, 19.51
 25.15, 19.49
 25.28, 19.52
 25.41, 19.53
 25.56, 19.53
 25.70, 19.53
 25.83, 19.50
 25.98, 19.52
 26.15, 19.50
 26.27, 19.48
 26.45, 19.48
 26.59, 19.46
 26.76, 19.45
 26.92, 19.44
 27.10, 19.42
 27.26, 19.41
 27.42, 19.39
 27.60, 19.36
 27.77, 19.32
 27.96, 19.29
 28.13, 19.27
 28.33, 19.22
 28.51, 19.18
 28.70, 19.12
 28.88, 19.08
 29.07, 19.03
 29.25, 18.98
 29.40, 18.95
 29.58, 18.92
 29.71, 18.89
 29.83, 18.88
 29.94, 18.88
 30.00, 18.88
 30.04, 18.90
 30.05, 18.91
 30.01, 18.96
 29.93, 18.98
 29.86, 19.04
 29.75, 19.08
 29.65, 19.10
 29.57, 19.15
 29.46, 19.19
 29.36, 19.19
 29.28, 19.21
 29.19, 19.22
 29.08, 19.23
 28.99, 19.24
 28.88, 19.23
 28.77, 19.24
 28.65, 19.25
 28.54, 19.23
 28.43, 19.25
 28.30, 19.27
 28.17, 19.29
 28.04, 19.32
 27.91, 19.36
 27.76, 19.40
 27.62, 19.43
 27.48, 19.47
 27.36, 19.51
 27.21, 19.57
 27.08, 19.60
 26.97, 19.64
 26.83, 19.68
 26.71, 19.69
 26.59, 19.71
 26.45, 19.73
 26.33, 19.77
 26.18, 19.78
 26.06, 19.81
 25.93, 19.82
 25.78, 19.87
 25.66, 19.90
 25.50, 19.92
 25.35, 19.94
 25.21, 19.96
 25.07, 19.96
 24.93, 20.00
 24.76, 19.99
 24.63, 20.00
 24.49, 20.01
 24.33, 20.02
 24.19, 20.02
 24.05, 20.01
 23.92, 20.03
 23.76, 20.02
 23.62, 20.01
 23.50, 20.01
 23.38, 20.01
 23.26, 19.99
 23.14, 19.98
 23.01, 19.97
 22.92, 19.96
 22.82, 19.96
 22.72, 19.95
 22.62, 19.96
 22.51, 19.95
 22.42, 19.95
 22.31, 19.95
 22.26, 19.94
 22.18, 19.95
 22.09, 19.95
 22.02, 19.95
 21.96, 19.95
 21.88, 19.96
 21.85, 19.96
 21.77, 19.96
 21.75, 19.97
 21.67, 19.99
 21.64, 19.99
 21.61, 20.00
 21.58, 20.02
 21.57, 20.02
 21.54, 20.07
 21.52, 20.10
 21.52, 20.11
 21.51, 20.12
 21.53, 20.14
 21.54, 20.18
 21.55, 20.19
 21.55, 20.21
 21.58, 20.24
 21.60, 20.27
 21.63, 20.30
 21.66, 20.31
 21.69, 20.33
 21.74, 20.36
 21.77, 20.38
 21.83, 20.41
 21.87, 20.42
 21.94, 20.45
 21.99, 20.45
 22.04, 20.47
 22.13, 20.51
 22.17, 20.51
 22.25, 20.53
 22.34, 20.54
 22.42, 20.55
 22.50, 20.56
 22.59, 20.57
 22.66, 20.58
 22.76, 20.60
 22.85, 20.59
 22.95, 20.60
 23.05, 20.61
 23.15, 20.62
 23.23, 20.62
 23.33, 20.62
 23.43, 20.68
 23.53, 20.68
 23.63, 20.69
 23.73, 20.69
 23.84, 20.69
 23.92, 20.70
 23.98, 20.73
 24.05, 20.74
 24.14, 20.74
 24.18, 20.75
 24.25, 20.77
 24.30, 20.77
 24.35, 20.77
 24.36, 20.79
 24.37, 20.78
 24.38, 20.79
 24.36, 20.79
 24.35, 20.77
 24.29, 20.77
 24.25, 20.77
 24.18, 20.76
 24.11, 20.74
 24.05, 20.72
 23.96, 20.70
 23.86, 20.69
 23.74, 20.67
 23.65, 20.62
 23.51, 20.60
 23.39, 20.58
 23.28, 20.57
 23.13, 20.51
 23.01, 20.50
 22.87, 20.47
 22.74, 20.41
 22.62, 20.38
 22.49, 20.36
 22.37, 20.31
 22.24, 20.28
 22.13, 20.27
 22.01, 20.22
 21.90, 20.19
 21.79, 20.17
 21.70, 20.13
 21.60, 20.10
 21.52, 20.08
 21.46, 20.04
 21.37, 20.02
 21.32, 19.99
 21.25, 19.97
 21.20, 19.95
 21.17, 19.95
 21.13, 19.92
 21.08, 19.91
 21.06, 19.88
 21.04, 19.87
 21.02, 19.86
 21.00, 19.84
 20.99, 19.83
 20.97, 19.81
 20.97, 19.80
 20.99, 19.78
 21.00, 19.76
 21.00, 19.77
 21.04, 19.74
 21.07, 19.74
 21.10, 19.73
 21.11, 19.73
 21.17, 19.74
 21.19, 19.72
 21.23, 19.74
 21.30, 19.74
 21.31, 19.73
 21.35, 19.75
 21.40, 19.75
 21.45, 19.76
 21.53, 19.75
 21.59, 19.77
 21.67, 19.78
 21.74, 19.79
 21.83, 19.81
 21.91, 19.81
 22.03, 19.85
 22.12, 19.89
 22.22, 19.91
 22.32, 19.94
 22.43, 19.97
 22.52, 20.00
 22.62, 20.04
 22.71, 20.09
 22.79, 20.12
 22.87, 20.16
 22.97, 20.20
 23.06, 20.25
 23.17, 20.29
 23.26, 20.33
 23.37, 20.35
 23.49, 20.41
 23.60, 20.44
 23.71, 20.45
 23.84, 20.48
 23.99, 20.53
 24.12, 20.53
 24.26, 20.56
 24.42, 20.57
 24.57, 20.61
 24.73, 20.62
 24.90, 20.65
 25.03, 20.66
 25.18, 20.68
 25.34, 20.70
 25.50, 20.71
 25.64, 20.72
 25.81, 20.73
 25.95, 20.74
 26.09, 20.75
 26.24, 20.72
 26.39, 20.72
 26.53, 20.70
 26.68, 20.67
 26.82, 20.66
 26.95, 20.61
 27.08, 20.56
 27.24, 20.53
 27.36, 20.47
 27.49, 20.41
 27.63, 20.35
 27.75, 20.29
 27.88, 20.25
 27.99, 20.18
 28.07, 20.13
 28.15, 20.07
 28.23, 20.03
 28.29, 19.99
 28.32, 19.98
 28.33, 19.95
 28.32, 19.95
 28.26, 19.96
 28.22, 19.96
 28.13, 20.01
 28.03, 20.02
 27.93, 20.07
 27.82, 20.10
 27.71, 20.13
 27.59, 20.13
 27.48, 20.15
 27.38, 20.16
 27.26, 20.17
 27.16, 20.18
 27.04, 20.18
 26.93, 20.17
 26.82, 20.18
 26.71, 20.20
 26.60, 20.19
 26.49, 20.20
 26.40, 20.23
 26.29, 20.24
 26.20, 20.25
 26.10, 20.28
 26.01, 20.31
 25.92, 20.33
 25.84, 20.34
 25.77, 20.36
 25.72, 20.37
 25.65, 20.38
 25.59, 20.38
 25.52, 20.38
 25.47, 20.40
 25.41, 20.39
 25.34, 20.41
 25.29, 20.41
 25.22, 20.42
 25.14, 20.43
 25.07, 20.44
 25.00, 20.46
 24.90, 20.47
 24.83, 20.48
 24.77, 20.51
 24.68, 20.50
 24.59, 20.53
 24.50, 20.53
 24.41, 20.53
 24.33, 20.53
 24.23, 20.55
 24.14, 20.54
 24.03, 20.53
 23.92, 20.53
 23.82, 20.53
 23.70, 20.52
 23.60, 20.53
 23.47, 20.53
 23.36, 20.53
 23.24, 20.53
 23.11, 20.53
 22.97, 20.52
 22.86, 20.52
 22.73, 20.52
 22.61, 20.50
 22.51, 20.48
 22.39, 20.46
 22.30, 20.43
 22.21, 20.42
 22.09, 20.40
 21.98, 20.39
 21.90, 20.38
 21.81, 20.36
 21.72, 20.32
 21.64, 20.32
 21.54, 20.30
 21.46, 20.29
 21.37, 20.28
 21.28, 20.27
 21.21, 20.25
 21.14, 20.23
 21.05, 20.20
 20.99, 20.22
 20.93, 20.20
 20.87, 20.19
 20.82, 20.20
 20.78, 20.18
 20.75, 20.17
 20.69, 20.18
 20.66, 20.18
 20.66, 20.18
 20.61, 20.18
 20.63, 20.19
 20.61, 20.20
 20.61, 20.18
 20.59, 20.20
 20.62, 20.18
 20.62, 20.21
 20.64, 20.21
 20.66, 20.20
 20.69, 20.22
 20.72, 20.23
 20.76, 20.24
 20.81, 20.26
 20.86, 20.28
 20.93, 20.30
 20.97, 20.31
 21.03, 20.32
 21.10, 20.35
 21.15, 20.35
 21.22, 20.35
 21.30, 20.37
 21.38, 20.39
 21.47, 20.41
 21.55, 20.40
 21.64, 20.43
 21.71, 20.43
 21.83, 20.46
 21.91, 20.48
 22.02, 20.48
 22.12, 20.50
 22.22, 20.52
 22.32, 20.53
 22.43, 20.55
 22.52, 20.56
 22.63, 20.57
 22.73, 20.58
 22.84, 20.58
 22.95, 20.59
 23.02, 20.61
 23.10, 20.61
 23.20, 20.61
 23.28, 20.61
 23.36, 20.61
 23.41, 20.63
 23.48, 20.64
 23.51, 20.63
 23.54, 20.65
 23.56, 20.66
 23.59, 20.66
 23.58, 20.66
 23.57, 20.66
 23.54, 20.64
 23.50, 20.66
 23.45, 20.65
 23.40, 20.66
 23.33, 20.63
 23.26, 20.61
 23.17, 20.60
 23.09, 20.61
 22.99, 20.60
 22.90, 20.59
 22.81, 20.57
 22.69, 20.56
 22.59, 20.55
 22.47, 20.51
 22.37, 20.53
 22.25, 20.51
 22.14, 20.51
 22.04, 20.50
 21.94, 20.50
 21.83, 20.49
 21.73, 20.47
 21.63, 20.46
 21.55, 20.45
 21.46, 20.43
 21.38, 20.43
 21.28, 20.41
 21.22, 20.41
 21.15, 20.39
 21.06, 20.38
 21.03, 20.37
 20.96, 20.37
 20.90, 20.37
 20.85, 20.36
 20.82, 20.35
 20.76, 20.35
 20.77, 20.34
 20.73, 20.33
 20.73, 20.34
 20.70, 20.33
 20.70, 20.34
 20.70, 20.33
 20.68, 20.34
 20.68, 20.32
 20.68, 20.33
 20.69, 20.32
 20.70, 20.32
 20.71, 20.32
 20.71, 20.31
 20.74, 20.31
 20.73, 20.29
 20.77, 20.30
 20.80, 20.29
 20.82, 20.29
 20.87, 20.30
 20.89, 20.30
 20.92, 20.31
 20.99, 20.30
 21.01, 20.30
 21.07, 20.33
 21.13, 20.34
 21.15, 20.35
 21.20, 20.36
 21.25, 20.36
 21.30, 20.38
 21.31, 20.37
