 49.39, 31.95
 49.20, 32.40
 48.96, 32.86
 48.71, 33.27
 48.45, 33.68
 48.14, 34.09
 47.85, 34.44
 47.52, 34.80
 47.21, 35.11
 46.84, 35.41
 46.47, 35.69
 46.09, 35.92
 45.67, 36.19
 45.27, 36.37
 44.84, 36.61
 44.40, 36.79
 43.95, 36.98
 43.50, 37.16
 43.07, 37.33
 42.61, 37.50
 42.17, 37.62
 41.78, 37.80
 41.35, 37.93
 40.99, 38.05
 40.61, 38.19
 40.28, 38.29
 39.95, 38.43
 39.65, 38.50
 39.40, 38.61
 39.15, 38.70
 38.95, 38.80
 38.80, 38.89
 38.61, 38.93
 38.49, 39.01
 38.37, 39.08
 38.28, 39.14
 38.22, 39.15
 38.16, 39.22
 38.14, 39.25
 38.12, 39.28
 38.12, 39.30
 38.13, 39.33
 38.17, 39.34
 38.22, 39.30
 38.31, 39.28
 38.40, 39.26
 38.51, 39.21
 38.61, 39.15
 38.73, 39.09
 38.84, 39.00
 38.98, 38.92
 39.08, 38.79
 39.24, 38.68
 39.38, 38.51
 39.53, 38.35
 39.71, 38.15
 39.84, 37.96
 40.03, 37.72
 40.18, 37.50
 40.37, 37.22
 40.56, 36.94
 40.70, 36.68
 40.91, 36.35
 41.10, 36.05
 41.26, 35.69
 41.46, 35.36
 41.67, 35.01
 41.86, 34.59
 42.02, 34.24
 42.23, 33.84
 42.42, 33.40
 42.60, 33.02
 42.76, 32.59
 42.95, 32.19
 43.09, 31.74
 43.26, 31.29
 43.39, 30.87
 43.54, 30.41
 43.67, 29.99
 43.79, 29.54
 43.93, 29.07
 44.03, 28.65
 44.14, 28.18
 44.24, 27.74
 44.32, 27.30
 44.41, 26.86
 44.48, 26.42
 44.56, 25.95
 44.62, 25.53
 44.67, 25.07
 44.73, 24.63
 44.77, 24.21
 44.81, 23.78
 44.83, 23.35
 44.83, 22.91
 44.84, 22.49
 44.84, 22.10
 44.82, 21.67
 44.78, 21.28
 44.75, 20.88
 44.70, 20.48
 44.65, 20.10
 44.59, 19.71
 44.53, 19.36
 44.43, 18.98
 44.36, 18.60
 44.25, 18.29
 44.14, 17.91
 44.04, 17.60
 43.92, 17.25
 43.81, 16.94
 43.68, 16.62
 43.52, 16.33
 43.38, 16.02
 43.22, 15.74
 43.05, 15.46
 42.89, 15.21
 42.72, 14.93
 42.54, 14.69
 42.37, 14.45
 42.18, 14.23
 41.99, 14.02
 41.80, 13.81
 41.62, 13.61
 41.43, 13.42
 41.23, 13.24
 41.05, 13.07
 40.87, 12.91
 40.68, 12.76
 40.50, 12.60
 40.34, 12.49
 40.17, 12.35
 40.01, 12.27
 39.87, 12.14
 39.72, 12.06
 39.59, 11.96
 39.49, 11.89
 39.39, 11.84
 39.32, 11.77
 39.24, 11.71
 39.19, 11.67
 39.14, 11.63
 39.12, 11.60
 39.11, 11.59
 39.13, 11.56
 39.15, 11.56
 39.20, 11.57
 39.27, 11.58
 39.35, 11.61
 39.46, 11.61
 39.57, 11.65
 39.68, 11.68
 39.82, 11.73
 39.99, 11.81
 40.16, 11.87
 40.34, 11.94
 40.54, 12.03
 40.76, 12.11
 40.97, 12.23
 41.20, 12.33
 41.43, 12.47
 41.67, 12.58
 41.94, 12.73
 42.18, 12.89
 42.45, 13.03
 42.71, 13.19
 42.95, 13.38
 43.25, 13.58
 43.50, 13.77
 43.79, 13.98
 44.05, 14.20
 44.31, 14.42
 44.59, 14.66
 44.85, 14.88
 45.11, 15.16
 45.36, 15.42
 45.62, 15.69
 45.86, 15.98
 46.10, 16.26
 46.35, 16.55
 46.58, 16.87
 46.80, 17.19
 47.02, 17.50
 47.23, 17.84
 47.44, 18.17
 47.63, 18.51
 47.82, 18.86
 48.00, 19.22
 48.17, 19.58
 48.34, 19.95
 48.47, 20.33
 48.61, 20.71
 48.76, 21.12
 48.88, 21.52
 48.98, 21.93
 49.08, 22.33
 49.16, 22.73
 49.22, 23.15
 49.27, 23.55
 49.31, 23.97
 49.33, 24.40
 49.33, 24.80
 49.32, 25.23
 49.30, 25.61
 49.23, 26.05
 49.18, 26.47
 49.09, 26.86
 48.97, 27.28
 48.87, 27.67
 48.72, 28.08
 48.55, 28.47
 48.39, 28.85
 48.19, 29.21
 47.98, 29.57
 47.74, 29.92
 47.47, 30.25
 47.22, 30.57
 46.90, 30.89
 46.59, 31.18
 46.25, 31.46
 45.93, 31.75
 45.60, 32.01
 45.22, 32.27
 44.88, 32.51
 44.53, 32.76
 44.19, 32.99
 43.85, 33.21
 43.49, 33.39
 43.19, 33.59
 42.87, 33.77
 42.57, 33.95
 42.26, 34.09
 41.97, 34.23
 41.72, 34.35
 41.46, 34.46
 41.22, 34.59
 41.01, 34.68
 40.81, 34.81
 40.66, 34.88
 40.50, 34.97
 40.40, 35.04
 40.30, 35.13
 40.24, 35.18
 40.19, 35.27
 40.16, 35.33
 40.17, 35.38
 40.15, 35.43
 40.18, 35.48
 40.22, 35.51
 40.27, 35.55
 40.35, 35.58
 40.44, 35.56
 40.56, 35.58
 40.67, 35.58
 40.83, 35.55
 40.97, 35.51
 41.17, 35.48
 41.36, 35.47
 41.55, 35.38
 41.79, 35.33
 42.02, 35.26
 42.29, 35.16
 42.54, 35.05
 42.81, 34.93
 43.11, 34.78
 43.38, 34.65
 43.67, 34.48
 43.99, 34.28
 44.28, 34.09
 44.58, 33.87
 44.88, 33.63
 45.20, 33.39
 45.53, 33.13
 45.82, 32.89
 46.10, 32.57
 46.42, 32.27
 46.70, 31.95
 46.99, 31.61
 47.29, 31.28
 47.56, 30.94
 47.83, 30.56
 48.09, 30.19
 48.34, 29.80
 48.56, 29.42
 48.79, 29.02
 49.02, 28.62
 49.21, 28.21
 49.41, 27.81
 49.58, 27.41
 49.75, 26.96
 49.91, 26.53
 50.05, 26.13
 50.19, 25.69
 50.30, 25.30
 50.41, 24.86
 50.51, 24.46
 50.58, 24.04
 50.66, 23.62
 50.72, 23.22
 50.75, 22.79
 50.77, 22.40
 50.80, 21.98
 50.81, 21.56
 50.81, 21.16
 50.78, 20.75
 50.75, 20.35
 50.70, 19.96
 50.64, 19.55
 50.58, 19.19
 50.48, 18.78
 50.40, 18.42
 50.29, 18.07
 50.16, 17.68
 50.04, 17.36
 49.91, 17.01
 49.76, 16.67
 49.60, 16.35
 49.44, 16.01
 49.27, 15.72
 49.06, 15.41
 48.87, 15.13
 48.67, 14.88
 48.47, 14.60
 48.24, 14.35
 48.02, 14.11
 47.78, 13.89
 47.56, 13.67
 47.31, 13.47
 47.09, 13.28
 46.85, 13.12
 46.60, 12.94
 46.35, 12.78
 46.11, 12.63
 45.89, 12.50
 45.64, 12.37
 45.41, 12.27
 45.17, 12.16
 44.94, 12.06
 44.73, 11.97
 44.51, 11.89
 44.32, 11.81
 44.14, 11.73
 43.93, 11.67
 43.74, 11.63
 43.58, 11.59
 43.42, 11.53
 43.28, 11.49
 43.14, 11.45
 43.04, 11.45
 42.94, 11.42
 42.84, 11.40
 42.76, 11.39
 42.69, 11.36
 42.64, 11.36
 42.61, 11.35
 42.58, 11.36
 42.58, 11.35
 42.60, 11.38
 42.63, 11.39
 42.66, 11.41
 42.73, 11.43
 42.80, 11.46
 42.89, 11.48
 42.99, 11.53
 43.11, 11.59
 43.25, 11.67
 43.39, 11.72
 43.55, 11.80
 43.71, 11.88
 43.89, 11.96
 44.06, 12.07
 44.26, 12.18
 44.48, 12.29
 44.69, 12.41
 44.92, 12.55
 45.13, 12.70
 45.38, 12.84
 45.61, 13.00
 45.86, 13.16
 46.11, 13.35
 46.36, 13.53
 46.61, 13.72
 46.87, 13.93
 47.13, 14.13
 47.39, 14.37
 47.64, 14.60
 47.90, 14.85
 48.17, 15.11
 48.41, 15.34
 48.67, 15.63
 48.93, 15.90
 49.17, 16.19
 49.41, 16.49
 49.64, 16.77
 49.88, 17.10
 50.09, 17.40
 50.30, 17.74
 50.51, 18.08
 50.69, 18.41
 50.88, 18.77
 51.04, 19.13
 51.19, 19.50
 51.34, 19.88
 51.46, 20.26
 51.60, 20.68
 51.70, 21.05
 51.79, 21.47
 51.85, 21.90
 51.92, 22.31
 51.96, 22.76
 51.99, 23.17
 52.03, 23.62
 52.02, 24.06
 52.00, 24.49
 51.96, 24.96
 51.93, 25.40
 51.87, 25.85
 51.80, 26.31
 51.72, 26.76
 51.60, 27.23
 51.49, 27.68
 51.36, 28.13
 51.19, 28.59
 51.04, 29.02
 50.85, 29.47
 50.66, 29.90
 50.44, 30.33
 50.22, 30.76
 49.98, 31.14
 49.73, 31.58
 49.47, 31.97
 49.18, 32.36
 48.91, 32.73
 48.60, 33.07
 48.28, 33.46
 47.95, 33.78
 47.63, 34.10
 47.30, 34.40
 46.96, 34.67
 46.60, 34.94
 46.25, 35.17
 45.90, 35.42
 45.54, 35.63
 45.18, 35.84
 44.81, 36.04
 44.48, 36.21
 44.09, 36.37
 43.75, 36.54
 43.42, 36.68
 43.07, 36.81
 42.74, 36.95
 42.40, 37.07
 42.10, 37.17
 41.80, 37.26
 41.48, 37.38
 41.21, 37.45
 40.94, 37.56
 40.69, 37.63
 40.45, 37.69
 40.21, 37.78
 40.02, 37.83
 39.83, 37.86
 39.64, 37.92
 39.51, 37.95
 39.38, 38.02
 39.29, 38.05
 39.21, 38.06
 39.18, 38.09
 39.13, 38.12
 39.12, 38.13
 39.14, 38.15
 39.18, 38.15
 39.22, 38.17
 39.30, 38.15
 39.40, 38.16
 39.51, 38.15
 39.65, 38.13
 39.82, 38.12
 39.96, 38.09
 40.17, 38.06
 40.35, 38.05
 40.55, 38.00
 40.79, 37.93
 41.00, 37.86
 41.24, 37.80
 41.50, 37.70
 41.77, 37.60
 42.04, 37.46
 42.32, 37.34
 42.60, 37.18
 42.87, 37.03
 43.19, 36.85
 43.48, 36.64
 43.75, 36.45
 44.07, 36.21
 44.39, 35.97
 44.69, 35.69
 45.00, 35.41
 45.27, 35.14
 45.58, 34.82
 45.89, 34.52
 46.16, 34.18
 46.44, 33.83
 46.70, 33.49
 46.98, 33.10
 47.21, 32.75
 47.46, 32.34
 47.69, 31.94
 47.91, 31.55
 48.12, 31.14
 48.32, 30.73
 48.51, 30.29
 48.69, 29.86
 48.82, 29.44
 48.97, 28.99
 49.11, 28.57
 49.22, 28.15
 49.32, 27.70
 49.40, 27.26
 49.48, 26.81
 49.51, 26.38
 49.56, 25.93
 49.59, 25.50
 49.59, 25.06
 49.58, 24.61
 49.53, 24.20
 49.50, 23.75
 49.43, 23.35
 49.37, 22.94
 49.26, 22.51
 49.17, 22.12
 49.05, 21.72
 48.93, 21.31
 48.79, 20.92
 48.62, 20.53
 48.47, 20.16
 48.29, 19.77
 48.09, 19.42
 47.90, 19.06
 47.67, 18.70
 47.47, 18.37
 47.22, 18.03
 46.98, 17.71
 46.72, 17.41
 46.45, 17.09
 46.21, 16.84
 45.91, 16.52
 45.64, 16.27
 45.35, 16.00
 45.05, 15.77
 44.78, 15.53
 44.47, 15.31
 44.16, 15.09
 43.88, 14.87
 43.59, 14.67
 43.30, 14.49
 43.01, 14.30
 42.74, 14.13
 42.48, 14.00
 42.20, 13.83
 41.96, 13.68
 41.71, 13.56
 41.47, 13.42
 41.26, 13.32
 41.03, 13.20
 40.85, 13.12
 40.67, 13.03
 40.53, 12.96
 40.38, 12.87
 40.26, 12.80
 40.17, 12.76
 40.10, 12.68
 40.05, 12.62
 40.01, 12.59
 40.00, 12.56
 40.01, 12.53
 40.03, 12.53
 40.10, 12.53
 40.14, 12.53
 40.24, 12.53
 40.32, 12.57
 40.45, 12.60
 40.57, 12.68
 40.73, 12.74
 40.88, 12.81
 41.06, 12.90
 41.24, 12.99
 41.43, 13.13
 41.63, 13.24
 41.87, 13.38
 42.07, 13.56
 42.29, 13.70
 42.51, 13.88
 42.75, 14.07
 43.00, 14.28
 43.22, 14.49
 43.47, 14.72
 43.70, 14.95
 43.93, 15.20
 44.17, 15.48
 44.41, 15.75
 44.63, 16.00
 44.86, 16.30
 45.07, 16.60
 45.30, 16.93
 45.51, 17.24
 45.73, 17.56
 45.91, 17.90
 46.10, 18.23
 46.29, 18.60
 46.45, 18.95
 46.63, 19.32
 46.78, 19.70
 46.93, 20.07
 47.07, 20.49
 47.19, 20.84
 47.32, 21.26
 47.42, 21.66
 47.49, 22.05
 47.59, 22.47
 47.67, 22.88
 47.72, 23.32
 47.77, 23.73
 47.80, 24.15
 47.81, 24.58
 47.81, 24.99
 47.81, 25.44
 47.79, 25.85
 47.74, 26.28
 47.69, 26.72
 47.64, 27.16
 47.56, 27.60
 47.47, 28.03
 47.36, 28.46
 47.25, 28.89
 47.13, 29.32
 46.95, 29.74
 46.81, 30.13
 46.62, 30.52
 46.45, 30.90
 46.25, 31.30
 46.03, 31.66
 45.80, 32.01
 45.56, 32.38
 45.30, 32.73
 45.05, 33.05
 44.75, 33.40
 44.49, 33.74
 44.22, 34.04
 43.90, 34.37
 43.59, 34.67
 43.24, 34.99
 42.92, 35.27
 42.57, 35.56
 42.20, 35.85
 41.86, 36.13
 41.48, 36.38
 41.12, 36.63
 40.74, 36.87
 40.38, 37.11
 40.02, 37.34
 39.66, 37.56
 39.31, 37.74
 38.96, 37.92
 38.62, 38.09
 38.31, 38.26
 37.98, 38.40
 37.70, 38.52
 37.42, 38.66
 37.14, 38.75
 36.90, 38.85
 36.68, 38.94
 36.49, 39.00
 36.34, 39.06
 36.25, 39.10
 36.15, 39.16
 36.08, 39.17
 36.06, 39.20
 36.04, 39.21
 36.06, 39.23
 36.08, 39.21
 36.14, 39.24
 36.21, 39.23
 36.31, 39.22
 36.43, 39.19
 36.56, 39.19
 36.71, 39.15
 36.87, 39.10
 37.04, 39.04
 37.28, 38.96
 37.45, 38.90
 37.66, 38.81
 37.91, 38.72
 38.10, 38.60
 38.36, 38.48
 38.62, 38.35
 38.89, 38.22
 39.16, 38.05
 39.42, 37.88
 39.71, 37.69
 39.99, 37.48
 40.28, 37.27
 40.57, 37.03
 40.87, 36.79
 41.16, 36.52
 41.45, 36.25
 41.76, 35.94
 42.07, 35.62
 42.34, 35.31
 42.64, 34.95
 42.92, 34.63
 43.23, 34.23
 43.49, 33.87
 43.78, 33.49
 44.04, 33.08
 44.33, 32.69
 44.57, 32.27
 44.80, 31.85
 45.05, 31.44
 45.27, 31.01
 45.49, 30.58
 45.70, 30.13
 45.89, 29.70
 46.06, 29.27
 46.25, 28.81
 46.39, 28.39
 46.55, 27.92
 46.68, 27.50
 46.81, 27.04
 46.93, 26.59
 47.02, 26.18
 47.11, 25.74
 47.15, 25.30
 47.23, 24.88
 47.27, 24.45
 47.28, 24.04
 47.33, 23.61
 47.32, 23.19
 47.31, 22.80
 47.29, 22.40
 47.26, 22.01
 47.20, 21.60
 47.15, 21.24
 47.08, 20.84
 46.99, 20.47
 46.90, 20.11
 46.80, 19.74
 46.68, 19.40
 46.56, 19.06
 46.42, 18.73
 46.30, 18.41
 46.14, 18.08
 45.98, 17.77
 45.82, 17.47
 45.63, 17.18
 45.46, 16.91
 45.26, 16.64
 45.07, 16.39
 44.87, 16.12
 44.67, 15.87
 44.46, 15.65
 44.25, 15.43
 44.03, 15.20
 43.81, 14.99
 43.59, 14.78
 43.37, 14.58
 43.15, 14.41
 42.95, 14.23
 42.72, 14.06
 42.50, 13.89
 42.31, 13.74
 42.11, 13.59
 41.94, 13.44
 41.75, 13.32
 41.59, 13.19
 41.43, 13.05
 41.28, 12.95
 41.16, 12.85
 41.06, 12.76
 40.95, 12.67
 40.86, 12.57
 40.78, 12.51
 40.73, 12.45
 40.68, 12.37
 40.69, 12.32
 40.68, 12.30
 40.69, 12.26
 40.74, 12.24
 40.79, 12.21
 40.86, 12.22
 40.96, 12.23
 41.07, 12.24
 41.19, 12.26
 41.32, 12.28
 41.47, 12.33
 41.63, 12.37
 41.82, 12.46
 41.99, 12.53
 42.18, 12.60
 42.40, 12.70
 42.61, 12.80
 42.83, 12.91
 43.04, 13.02
 43.28, 13.18
 43.53, 13.33
 43.77, 13.46
 44.02, 13.63
 44.28, 13.82
 44.53, 14.00
 44.79, 14.20
 45.05, 14.40
 45.30, 14.61
 45.55, 14.84
 45.82, 15.08
 46.07, 15.33
 46.31, 15.56
 46.58, 15.86
 46.81, 16.11
 47.04, 16.38
 47.27, 16.69
 47.49, 16.98
 47.70, 17.29
 47.90, 17.60
 48.10, 17.92
 48.30, 18.28
 48.45, 18.59
 48.64, 18.95
 48.79, 19.29
 48.91, 19.65
 49.06, 20.04
 49.19, 20.39
 49.30, 20.79
 49.38, 21.16
 49.46, 21.58
 49.53, 22.00
 49.59, 22.38
 49.63, 22.82
 49.66, 23.24
 49.66, 23.68
 49.66, 24.12
 49.65, 24.56
 49.62, 25.01
 49.56, 25.44
 49.51, 25.89
 49.44, 26.36
 49.33, 26.80
 49.23, 27.26
 49.10, 27.70
 48.98, 28.17
 48.81, 28.64
 48.67, 29.08
 48.48, 29.53
 48.33, 29.97
 48.12, 30.40
 47.91, 30.85
 47.71, 31.26
 47.48, 31.71
 47.26, 32.11
 47.01, 32.54
 46.74, 32.95
 46.50, 33.39
 46.20, 33.80
 45.93, 34.21
 45.63, 34.59
 45.30, 34.98
 44.98, 35.35
 44.61, 35.75
 44.28, 36.08
 43.89, 36.43
 43.51, 36.76
 43.12, 37.05
 42.71, 37.37
 42.33, 37.63
 41.90, 37.91
 41.49, 38.17
 41.09, 38.42
 40.67, 38.66
 40.27, 38.90
 39.89, 39.10
 39.50, 39.31
 39.17, 39.50
 38.76, 39.71
 38.45, 39.91
 38.11, 40.10
 37.79, 40.29
 37.47, 40.44
 37.18, 40.62
 36.90, 40.77
 36.64, 40.90
 36.39, 41.02
 36.14, 41.14
 35.93, 41.24
 35.76, 41.36
 35.62, 41.45
 35.47, 41.53
 35.36, 41.62
 35.27, 41.70
 35.19, 41.79
 35.13, 41.84
 35.12, 41.90
 35.10, 41.97
 35.11, 42.01
 35.12, 42.07
 35.18, 42.09
 35.18, 42.11
 35.28, 42.12
 35.33, 42.12
 35.43, 42.12
 35.56, 42.11
 35.65, 42.09
 35.79, 42.06
 35.97, 42.00
 36.12, 41.94
 36.30, 41.87
 36.50, 41.80
 36.69, 41.68
 36.88, 41.56
 37.10, 41.43
 37.34, 41.27
 37.56, 41.11
 37.80, 40.92
 38.06, 40.73
 38.34, 40.53
 38.61, 40.27
 38.91, 40.03
 39.18, 39.77
 39.47, 39.49
 39.78, 39.22
 40.08, 38.91
 40.41, 38.55
 40.71, 38.25
 41.04, 37.86
 41.33, 37.51
 41.67, 37.13
 41.99, 36.72
 42.30, 36.32
 42.62, 35.89
 42.92, 35.46
 43.22, 35.04
 43.54, 34.57
 43.82, 34.10
 44.11, 33.64
 44.38, 33.17
 44.66, 32.70
 44.91, 32.22
 45.17, 31.74
 45.40, 31.22
 45.63, 30.76
 45.84, 30.26
 46.04, 29.78
 46.24, 29.32
 46.43, 28.80
 46.59, 28.33
 46.73, 27.88
 46.89, 27.39
 47.02, 26.92
 47.13, 26.45
 47.24, 26.02
 47.32, 25.56
 47.40, 25.11
 47.47, 24.69
 47.51, 24.25
 47.55, 23.83
 47.58, 23.42
 47.58, 23.00
 47.58, 22.62
 47.58, 22.22
 47.56, 21.85
 47.54, 21.46
 47.49, 21.09
 47.45, 20.74
 47.39, 20.38
 47.33, 20.04
 47.26, 19.69
 47.18, 19.37
 47.09, 19.04
 46.99, 18.73
 46.88, 18.41
 46.78, 18.11
 46.66, 17.83
 46.52, 17.54
 46.38, 17.25
 46.25, 16.99
 46.09, 16.73
 45.94, 16.47
 45.77, 16.21
 45.61, 15.99
 45.45, 15.77
 45.28, 15.53
 45.10, 15.33
 44.93, 15.12
 44.74, 14.91
 44.57, 14.73
 44.39, 14.54
 44.20, 14.37
 44.02, 14.20
 43.83, 14.03
 43.66, 13.89
 43.47, 13.73
 43.28, 13.59
 43.10, 13.46
 42.94, 13.35
 42.75, 13.22
 42.58, 13.12
 42.40, 13.01
 42.26, 12.94
 42.10, 12.84
 41.97, 12.78
 41.83, 12.73
 41.71, 12.67
 41.59, 12.61
 41.47, 12.57
 41.38, 12.54
 41.30, 12.51
 41.21, 12.49
 41.16, 12.47
 41.09, 12.46
 41.07, 12.46
 41.02, 12.44
 41.00, 12.46
 41.00, 12.48
 40.99, 12.48
 41.04, 12.51
 41.08, 12.55
 41.10, 12.57
 41.18, 12.61
 41.23, 12.66
 41.32, 12.72
 41.41, 12.80
 41.52, 12.88
 41.62, 12.94
 41.74, 13.03
 41.87, 13.14
 42.01, 13.24
 42.16, 13.37
 42.31, 13.49
 42.48, 13.63
 42.63, 13.78
 42.81, 13.93
 43.00, 14.09
 43.17, 14.25
 43.36, 14.46
 43.53, 14.64
 43.74, 14.84
 43.92, 15.05
 44.11, 15.26
 44.30, 15.51
 44.48, 15.72
 44.66, 15.99
 44.85, 16.23
 45.04, 16.51
 45.21, 16.79
 45.38, 17.07
 45.57, 17.40
 45.72, 17.69
 45.88, 18.01
 46.04, 18.34
 46.18, 18.68
 46.33, 19.05
 46.45, 19.40
 46.59, 19.76
 46.68, 20.15
 46.81, 20.51
 46.90, 20.91
 46.99, 21.33
 47.06, 21.71
 47.14, 22.13
 47.19, 22.54
 47.25, 22.96
 47.28, 23.40
 47.33, 23.82
 47.35, 24.27
 47.35, 24.71
 47.36, 25.16
 47.36, 25.61
 47.31, 26.07
 47.28, 26.55
 47.26, 27.00
 47.20, 27.47
 47.14, 27.93
 47.05, 28.41
 46.94, 28.88
 46.87, 29.35
 46.75, 29.83
 46.64, 30.31
 46.50, 30.76
 46.35, 31.24
 46.20, 31.66
 46.03, 32.14
 45.86, 32.59
 45.66, 33.04
 45.45, 33.48
 45.25, 33.90
 45.04, 34.32
 44.82, 34.75
 44.57, 35.15
 44.33, 35.57
 44.09, 35.95
 43.79, 36.36
 43.50, 36.73
 43.19, 37.11
 42.87, 37.46
 42.53, 37.82
 42.17, 38.13
 41.81, 38.47
 41.45, 38.74
 41.06, 39.04
 40.69, 39.29
 40.29, 39.54
 39.90, 39.74
 39.51, 39.94
 39.11, 40.11
 38.72, 40.28
 38.30, 40.41
 37.94, 40.54
 37.54, 40.61
 37.15, 40.72
 36.83, 40.76
 36.46, 40.85
 36.11, 40.92
 35.81, 40.98
 35.52, 41.03
 35.25, 41.09
 35.02, 41.13
 34.85, 41.22
 34.71, 41.29
 34.58, 41.36
 34.49, 41.42
 34.39, 41.50
 34.33, 41.56
 34.27, 41.61
 34.25, 41.66
 34.24, 41.73
 34.23, 41.75
 34.24, 41.83
 34.26, 41.82
 34.31, 41.86
 34.38, 41.87
 34.45, 41.91
 34.55, 41.92
 34.67, 41.94
 34.81, 41.96
 34.93, 41.96
 35.11, 41.97
 35.30, 41.97
 35.48, 41.94
 35.72, 41.91
 35.92, 41.89
 36.15, 41.87
 36.39, 41.84
 36.63, 41.75
 36.88, 41.67
 37.14, 41.60
 37.40, 41.49
 37.70, 41.40
 37.97, 41.27
 38.27, 41.15
 38.56, 40.99
 38.89, 40.81
 39.16, 40.60
 39.49, 40.43
 39.86, 40.23
 40.13, 40.01
 40.48, 39.76
 40.81, 39.49
 41.11, 39.25
 41.45, 38.96
 41.74, 38.69
 42.08, 38.37
 42.39, 38.07
 42.70, 37.74
 43.02, 37.39
 43.32, 37.06
 43.62, 36.71
 43.88, 36.33
 44.17, 35.99
 44.44, 35.58
 44.69, 35.21
 44.96, 34.81
 45.19, 34.42
 45.43, 34.02
 45.67, 33.62
 45.88, 33.19
 46.09, 32.77
 46.27, 32.34
 46.45, 31.93
 46.63, 31.49
 46.78, 31.06
 46.94, 30.64
 47.07, 30.20
 47.18, 29.78
 47.30, 29.35
 47.38, 28.93
 47.47, 28.50
 47.54, 28.08
 47.60, 27.69
 47.65, 27.25
 47.70, 26.86
 47.75, 26.45
 47.76, 26.06
 47.80, 25.66
 47.80, 25.27
 47.81, 24.90
 47.80, 24.52
 47.80, 24.13
 47.77, 23.77
 47.74, 23.39
 47.70, 23.06
 47.65, 22.69
 47.60, 22.35
 47.53, 22.00
 47.45, 21.64
 47.39, 21.34
 47.30, 21.00
 47.19, 20.68
 47.09, 20.38
 46.98, 20.07
 46.88, 19.77
 46.76, 19.47
 46.63, 19.17
 46.48, 18.90
 46.35, 18.61
 46.21, 18.35
 46.06, 18.06
 45.90, 17.82
 45.76, 17.58
 45.57, 17.33
 45.42, 17.11
 45.25, 16.86
 45.06, 16.66
 44.90, 16.46
 44.71, 16.23
 44.55, 16.03
 44.39, 15.84
 44.22, 15.67
 44.05, 15.51
 43.88, 15.35
 43.73, 15.17
 43.58, 15.04
 43.44, 14.92
 43.31, 14.77
 43.18, 14.68
 43.07, 14.54
 42.97, 14.46
 42.88, 14.35
 42.78, 14.27
 42.72, 14.19
 42.68, 14.12
 42.62, 14.07
 42.59, 14.03
 42.57, 13.97
 42.58, 13.92
 42.59, 13.89
 42.62, 13.88
 42.67, 13.87
 42.71, 13.87
 42.79, 13.90
 42.87, 13.93
 42.95, 13.97
 43.06, 14.04
 43.18, 14.08
 43.32, 14.15
 43.45, 14.24
 43.61, 14.33
 43.76, 14.44
 43.93, 14.56
 44.13, 14.71
 44.31, 14.85
 44.50, 14.99
 44.70, 15.16
 44.91, 15.35
 45.13, 15.54
 45.34, 15.76
 45.57, 15.97
 45.78, 16.19
 46.02, 16.43
 46.23, 16.68
 46.47, 16.93
 46.72, 17.22
 46.96, 17.49
 47.20, 17.80
 47.43, 18.10
 47.67, 18.38
 47.92, 18.71
 48.16, 19.04
 48.40, 19.38
 48.62, 19.71
 48.85, 20.07
 49.08, 20.43
 49.29, 20.78
 49.50, 21.16
 49.72, 21.53
 49.92, 21.89
 50.12, 22.30
 50.30, 22.68
 50.47, 23.05
 50.66, 23.47
 50.80, 23.82
 50.96, 24.26
 51.11, 24.65
 51.22, 25.05
 51.35, 25.47
 51.44, 25.86
 51.54, 26.29
 51.61, 26.67
 51.66, 27.08
 51.72, 27.49
 51.75, 27.87
 51.76, 28.28
 51.77, 28.67
 51.74, 29.06
 51.72, 29.47
 51.68, 29.83
 51.61, 30.23
 51.54, 30.60
 51.44, 30.97
 51.32, 31.35
 51.21, 31.69
 51.05, 32.06
 50.88, 32.42
 50.70, 32.77
 50.50, 33.13
 50.28, 33.45
 50.04, 33.80
 49.80, 34.13
 49.53, 34.45
 49.25, 34.79
 48.95, 35.11
 48.63, 35.41
 48.32, 35.70
 47.98, 36.00
 47.63, 36.29
 47.28, 36.56
 46.90, 36.87
 46.54, 37.13
 46.16, 37.37
 45.78, 37.62
 45.40, 37.85
 44.98, 38.09
 44.61, 38.34
 44.22, 38.55
 43.83, 38.79
 43.45, 38.97
 43.08, 39.17
 42.70, 39.36
 42.33, 39.56
 41.96, 39.73
 41.62, 39.88
 41.26, 40.00
 40.93, 40.17
 40.61, 40.28
 40.27, 40.41
 40.00, 40.51
 39.71, 40.61
 39.44, 40.69
 39.24, 40.75
 39.07, 40.81
 38.93, 40.88
 38.83, 40.92
 38.74, 40.97
 38.65, 41.00
 38.57, 41.02
 38.52, 41.04
 38.47, 41.06
 38.43, 41.04
 38.40, 41.09
 38.43, 41.09
 38.43, 41.06
 38.49, 41.09
 38.54, 41.08
 38.62, 41.09
 38.73, 41.05
 38.86, 41.05
 39.03, 41.03
 39.17, 41.01
 39.35, 40.98
 39.55, 40.95
 39.70, 40.89
 39.92, 40.84
 40.11, 40.79
 40.31, 40.70
 40.55, 40.62
 40.76, 40.51
 41.00, 40.43
 41.26, 40.30
 41.48, 40.20
 41.76, 40.05
 41.99, 39.93
 42.29, 39.76
 42.58, 39.58
 42.86, 39.41
 43.15, 39.23
 43.43, 39.03
 43.74, 38.81
 44.03, 38.58
 44.33, 38.34
 44.65, 38.10
 44.94, 37.84
 45.25, 37.58
 45.52, 37.30
 45.82, 36.99
 46.14, 36.71
 46.39, 36.42
 46.71, 36.06
 46.98, 35.75
 47.23, 35.38
 47.52, 35.04
 47.76, 34.71
 48.03, 34.34
 48.26, 33.96
 48.51, 33.62
 48.74, 33.22
 48.94, 32.87
 49.17, 32.47
 49.38, 32.09
 49.58, 31.71
 49.77, 31.31
 49.91, 30.95
 50.09, 30.53
 50.23, 30.17
 50.39, 29.76
 50.52, 29.38
 50.64, 29.01
 50.76, 28.61
 50.85, 28.23
 50.94, 27.84
 51.01, 27.48
 51.08, 27.09
 51.13, 26.71
 51.20, 26.35
 51.22, 25.97
 51.24, 25.58
 51.26, 25.23
 51.24, 24.85
 51.25, 24.50
 51.23, 24.15
 51.22, 23.79
 51.16, 23.45
 51.11, 23.09
 51.04, 22.74
 50.99, 22.42
 50.89, 22.09
 50.79, 21.75
 50.69, 21.43
 50.58, 21.13
 50.45, 20.81
 50.32, 20.52
 50.16, 20.21
 50.02, 19.92
 49.86, 19.65
 49.70, 19.36
 49.50, 19.09
 49.34, 18.83
 49.15, 18.57
 48.94, 18.33
 48.74, 18.07
 48.53, 17.82
 48.31, 17.59
 48.08, 17.36
 47.86, 17.12
 47.63, 16.90
 47.39, 16.68
 47.15, 16.47
 46.89, 16.25
 46.67, 16.06
 46.42, 15.86
 46.16, 15.64
 45.93, 15.47
 45.67, 15.27
 45.44, 15.09
 45.18, 14.91
 44.93, 14.72
 44.69, 14.55
 44.45, 14.38
 44.21, 14.22
 43.99, 14.07
 43.77, 13.89
 43.56, 13.77
 43.37, 13.62
 43.18, 13.48
 43.00, 13.39
 42.85, 13.23
 42.71, 13.14
 42.58, 13.02
 42.48, 12.94
 42.37, 12.82
 42.30, 12.76
 42.24, 12.69
 42.17, 12.61
 42.14, 12.55
 42.13, 12.53
 42.15, 12.47
 42.14, 12.44
 42.19, 12.41
 42.23, 12.42
 42.29, 12.40
 42.36, 12.43
 42.45, 12.45
 42.56, 12.48
 42.68, 12.54
 42.82, 12.56
 42.95, 12.62
 43.09, 12.71
 43.28, 12.79
 43.44, 12.89
 43.62, 12.99
 43.84, 13.12
 44.03, 13.22
 44.24, 13.38
 44.46, 13.52
 44.68, 13.67
 44.90, 13.85
 45.14, 14.01
 45.38, 14.22
 45.62, 14.42
 45.88, 14.63
 46.12, 14.86
 46.37, 15.09
 46.63, 15.33
 46.88, 15.57
 47.13, 15.85
 47.41, 16.10
 47.65, 16.39
 47.91, 16.68
 48.15, 16.97
 48.41, 17.28
 48.65, 17.60
 48.88, 17.91
 49.15, 18.24
 49.37, 18.58
 49.60, 18.94
 49.82, 19.28
 50.03, 19.63
 50.25, 19.99
 50.45, 20.36
 50.63, 20.73
 50.81, 21.10
 50.98, 21.47
 51.14, 21.86
 51.30, 22.23
 51.45, 22.63
 51.57, 23.03
 51.68, 23.40
 51.79, 23.81
 51.90, 24.19
 51.98, 24.59
 52.06, 25.00
 52.10, 25.38
 52.14, 25.80
 52.17, 26.19
 52.18, 26.58
 52.18, 26.98
 52.17, 27.38
 52.14, 27.78
 52.09, 28.15
 52.04, 28.55
 51.96, 28.94
 51.89, 29.30
 51.77, 29.69
 51.67, 30.06
 51.52, 30.44
 51.36, 30.81
 51.21, 31.15
 51.02, 31.53
 50.83, 31.86
 50.63, 32.20
 50.41, 32.56
 50.17, 32.89
 49.93, 33.22
 49.69, 33.56
 49.42, 33.87
 49.14, 34.20
 48.88, 34.51
 48.60, 34.81
 48.28, 35.11
 47.97, 35.41
 47.67, 35.68
 47.33, 35.97
 46.99, 36.22
 46.67, 36.47
 46.31, 36.72
 45.97, 36.93
 45.59, 37.14
 45.22, 37.35
 44.87, 37.55
 44.49, 37.73
 44.11, 37.91
 43.72, 38.09
 43.34, 38.24
 42.95, 38.37
 42.56, 38.52
 42.16, 38.68
 41.79, 38.78
 41.40, 38.89
 41.04, 38.97
 40.67, 39.10
 40.32, 39.16
 39.97, 39.23
 39.64, 39.34
 39.35, 39.39
 39.05, 39.45
 38.78, 39.52
 38.57, 39.57
 38.34, 39.61
 38.17, 39.65
 38.00, 39.69
 37.88, 39.76
 37.77, 39.80
 37.67, 39.83
 37.60, 39.84
 37.58, 39.87
 37.57, 39.91
 37.56, 39.95
 37.57, 39.94
 37.64, 39.97
 37.68, 39.99
 37.76, 39.99
 37.88, 40.00
 37.99, 40.00
 38.08, 39.98
 38.22, 39.98
 38.38, 39.94
 38.53, 39.89
 38.74, 39.85
 38.92, 39.83
 39.12, 39.78
 39.36, 39.69
 39.57, 39.60
 39.83, 39.51
 40.08, 39.41
 40.34, 39.32
 40.63, 39.19
 40.90, 39.08
 41.19, 38.92
 41.48, 38.76
 41.78, 38.62
 42.11, 38.44
 42.42, 38.24
 42.75, 38.04
 43.10, 37.83
 43.43, 37.59
 43.80, 37.37
 44.16, 37.12
 44.52, 36.86
 44.87, 36.58
 45.23, 36.30
 45.60, 36.00
 45.94, 35.69
 46.31, 35.36
 46.66, 35.04
 46.99, 34.69
 47.35, 34.35
 47.64, 33.99
 48.01, 33.61
 48.30, 33.24
 48.61, 32.84
 48.93, 32.45
 49.18, 32.05
 49.49, 31.61
 49.74, 31.24
 49.98, 30.81
 50.24, 30.40
 50.42, 29.99
 50.62, 29.55
 50.80, 29.14
 50.96, 28.71
 51.12, 28.31
 51.24, 27.90
 51.35, 27.47
 51.45, 27.07
 51.52, 26.64
 51.60, 26.24
 51.65, 25.85
 51.70, 25.42
 51.71, 25.01
 51.71, 24.63
 51.71, 24.25
 51.67, 23.85
 51.64, 23.47
 51.58, 23.09
 51.52, 22.71
 51.45, 22.35
 51.34, 21.99
 51.24, 21.62
 51.12, 21.29
 51.00, 20.94
 50.86, 20.59
 50.70, 20.29
 50.54, 19.95
 50.36, 19.65
 50.18, 19.33
 50.00, 19.04
 49.80, 18.76
 49.59, 18.46
 49.38, 18.20
 49.15, 17.92
 48.92, 17.68
 48.69, 17.41
 48.42, 17.15
 48.19, 16.92
 47.95, 16.70
 47.68, 16.47
 47.43, 16.25
 47.19, 16.03
 46.92, 15.85
 46.66, 15.66
 46.43, 15.47
 46.18, 15.31
 45.92, 15.13
 45.69, 14.95
 45.45, 14.80
 45.22, 14.66
 45.00, 14.50
 44.77, 14.35
 44.56, 14.23
 44.36, 14.08
 44.17, 13.95
 43.98, 13.84
 43.79, 13.72
 43.65, 13.62
 43.51, 13.50
 43.37, 13.40
 43.26, 13.30
 43.16, 13.21
 43.09, 13.13
 43.00, 13.05
 42.97, 12.98
 42.91, 12.95
 42.90, 12.89
 42.90, 12.87
 42.92, 12.80
 42.97, 12.79
 43.01, 12.78
 43.09, 12.78
 43.16, 12.80
 43.26, 12.83
 43.36, 12.88
 43.49, 12.95
 43.63, 12.98
 43.76, 13.08
 43.93, 13.18
 44.10, 13.28
 44.26, 13.41
 44.46, 13.51
 44.64, 13.64
 44.82, 13.82
 45.03, 13.97
 45.24, 14.16
 45.46, 14.36
 45.67, 14.56
 45.89, 14.79
 46.11, 15.03
 46.33, 15.27
 46.57, 15.55
 46.77, 15.81
 47.02, 16.09
 47.23, 16.40
 47.45, 16.71
 47.69, 17.07
 47.89, 17.37
 48.12, 17.73
 48.30, 18.12
 48.51, 18.46
 48.72, 18.87
 48.90, 19.25
 49.07, 19.66
 49.27, 20.08
 49.42, 20.50
 49.60, 20.96
 49.73, 21.39
 49.90, 21.86
 50.03, 22.30
 50.15, 22.78
 50.27, 23.27
 50.37, 23.73
 50.48, 24.24
 50.57, 24.75
 50.66, 25.23
 50.71, 25.77
 50.79, 26.25
 50.81, 26.78
 50.86, 27.30
 50.88, 27.82
 50.89, 28.34
 50.89, 28.86
 50.88, 29.39
 50.85, 29.89
 50.80, 30.41
 50.75, 30.94
 50.68, 31.42
 50.59, 31.93
 50.48, 32.42
 50.37, 32.90
 50.23, 33.39
 50.09, 33.84
 49.90, 34.32
 49.73, 34.76
 49.54, 35.19
 49.30, 35.62
 49.08, 36.01
 48.79, 36.42
 48.54, 36.75
 48.25, 37.11
 47.98, 37.44
 47.68, 37.72
 47.36, 38.03
 47.06, 38.27
 46.73, 38.53
 46.42, 38.81
 46.10, 39.03
 45.75, 39.26
 45.42, 39.48
 45.06, 39.67
 44.68, 39.86
 44.33, 40.04
 43.93, 40.21
 43.56, 40.37
 43.18, 40.51
 42.76, 40.66
 42.38, 40.77
 41.95, 40.89
 41.53, 41.00
 41.13, 41.09
 40.71, 41.17
 40.32, 41.26
 39.92, 41.33
 39.55, 41.42
 39.17, 41.46
 38.77, 41.49
 38.42, 41.52
 38.07, 41.54
 37.73, 41.58
 37.37, 41.58
 37.03, 41.59
 36.71, 41.57
 36.40, 41.54
 36.14, 41.51
 35.85, 41.46
 35.59, 41.43
 35.33, 41.43
 35.22, 41.35
 34.88, 41.42
 34.73, 41.38
 35.15, 41.20
 35.10, 41.20
 34.93, 41.20
 34.77, 41.20
 34.58, 41.26
 34.53, 41.27
 34.52, 41.30
 34.55, 41.35
 34.59, 41.38
 34.70, 41.38
 34.79, 41.40
 34.86, 41.41
 34.95, 41.40
 35.03, 41.41
 35.12, 41.40
 35.23, 41.42
 35.31, 41.41
 35.40, 41.40
 35.52, 41.42
 35.62, 41.40
 35.75, 41.39
 35.90, 41.38
 36.04, 41.34
 36.18, 41.28
 36.36, 41.25
 36.56, 41.20
 36.75, 41.16
 36.97, 41.06
 37.19, 40.99
 37.43, 40.88
 37.71, 40.80
 37.95, 40.69
 38.23, 40.55
 38.48, 40.40
 38.78, 40.23
 39.06, 40.08
 39.35, 39.89
 39.67, 39.68
 39.98, 39.48
 40.24, 39.23
 40.55, 38.99
 40.84, 38.73
 41.13, 38.48
 41.43, 38.18
 41.73, 37.88
 42.05, 37.57
 42.33, 37.26
 42.64, 36.93
 42.92, 36.56
 43.19, 36.24
 43.46, 35.85
 43.74, 35.51
 44.00, 35.14
 44.27, 34.76
 44.51, 34.38
 44.76, 33.99
 44.98, 33.62
 45.22, 33.23
 45.42, 32.86
 45.62, 32.47
 45.83, 32.05
 46.01, 31.69
 46.20, 31.28
 46.34, 30.91
 46.50, 30.52
 46.65, 30.12
 46.75, 29.75
 46.88, 29.34
 46.99, 28.97
 47.09, 28.58
 47.19, 28.17
 47.26, 27.81
 47.34, 27.41
 47.40, 27.05
 47.43, 26.65
 47.46, 26.28
 47.49, 25.89
 47.51, 25.52
 47.51, 25.13
 47.49, 24.78
 47.47, 24.40
 47.42, 24.06
 47.41, 23.69
 47.35, 23.34
 47.30, 22.97
 47.21, 22.62
 47.16, 22.29
 47.06, 21.94
 46.98, 21.60
 46.87, 21.29
 46.75, 20.93
 46.63, 20.63
 46.49, 20.29
 46.34, 19.98
 46.22, 19.66
 46.04, 19.35
 45.89, 19.06
 45.73, 18.75
 45.56, 18.46
 45.37, 18.18
 45.20, 17.91
 45.02, 17.62
 44.82, 17.36
 44.62, 17.10
 44.44, 16.87
 44.25, 16.62
 44.07, 16.38
 43.86, 16.14
 43.69, 15.91
 43.50, 15.69
 43.29, 15.48
 43.11, 15.28
 42.93, 15.09
 42.75, 14.92
 42.58, 14.72
 42.42, 14.55
 42.25, 14.40
 42.10, 14.26
 41.97, 14.09
 41.85, 13.98
 41.72, 13.84
 41.63, 13.73
 41.54, 13.63
 41.48, 13.52
 41.41, 13.43
 41.37, 13.38
 41.34, 13.28
 41.32, 13.22
 41.32, 13.18
 41.33, 13.15
 41.36, 13.10
 41.40, 13.08
 41.46, 13.06
 41.54, 13.07
 41.61, 13.08
 41.71, 13.11
 41.81, 13.14
 41.95, 13.19
 42.07, 13.24
 42.21, 13.30
 42.37, 13.40
 42.52, 13.47
 42.70, 13.58
 42.85, 13.68
 43.03, 13.81
 43.21, 13.93
 43.38, 14.07
 43.60, 14.24
 43.79, 14.43
 43.97, 14.56
 44.19, 14.77
 44.37, 14.97
 44.58, 15.19
 44.80, 15.41
 44.99, 15.64
 45.20, 15.88
 45.40, 16.13
 45.60, 16.41
 45.80, 16.70
 46.01, 16.97
 46.20, 17.28
 46.39, 17.58
 46.58, 17.89
 46.76, 18.22
 46.93, 18.55
 47.11, 18.91
 47.29, 19.24
 47.46, 19.62
 47.64, 19.99
 47.78, 20.36
 47.94, 20.74
 48.07, 21.13
 48.21, 21.56
 48.34, 21.93
 48.45, 22.33
 48.57, 22.77
 48.67, 23.20
 48.78, 23.63
 48.85, 24.04
 48.92, 24.47
 48.99, 24.90
 49.03, 25.32
 49.09, 25.74
 49.11, 26.17
 49.12, 26.58
 49.14, 27.01
 49.13, 27.40
 49.12, 27.83
 49.10, 28.21
 49.08, 28.61
 49.04, 29.01
 48.99, 29.36
 48.93, 29.76
 48.84, 30.12
 48.76, 30.47
 48.66, 30.84
 48.56, 31.17
 48.42, 31.53
 48.28, 31.84
 48.15, 32.16
 47.98, 32.49
 47.84, 32.79
 47.64, 33.11
 47.47, 33.38
 47.29, 33.67
 47.07, 33.94
 46.85, 34.19
 46.64, 34.44
 46.43, 34.70
 46.19, 34.92
 45.92, 35.14
 45.69, 35.36
 45.38, 35.56
 45.13, 35.76
 44.83, 35.94
 44.51, 36.13
 44.24, 36.29
 43.89, 36.47
 43.59, 36.61
 43.25, 36.78
 42.93, 36.92
 42.59, 37.05
 42.25, 37.19
 41.92, 37.33
 41.58, 37.44
 41.26, 37.60
 40.93, 37.67
 40.60, 37.79
 40.27, 37.87
 39.95, 37.99
 39.63, 38.06
 39.31, 38.15
 39.01, 38.25
 38.73, 38.30
 38.45, 38.35
 38.20, 38.40
 37.98, 38.47
 37.75, 38.49
 37.58, 38.53
 37.43, 38.58
 37.28, 38.60
 37.17, 38.64
 37.05, 38.65
 36.93, 38.66
 36.86, 38.67
 36.79, 38.70
 36.75, 38.71
 36.74, 38.72
 36.75, 38.74
 36.72, 38.72
 36.75, 38.73
 36.77, 38.75
 36.85, 38.72
 36.91, 38.73
 36.96, 38.71
 37.04, 38.71
 37.13, 38.70
 37.24, 38.68
 37.34, 38.65
 37.45, 38.59
 37.60, 38.54
 37.72, 38.50
 37.87, 38.46
 38.01, 38.38
 38.13, 38.28
 38.32, 38.24
 38.47, 38.11
 38.66, 38.03
 38.85, 37.90
 39.05, 37.82
 39.25, 37.66
 39.45, 37.57
 39.68, 37.39
 39.89, 37.25
 40.13, 37.11
 40.35, 36.93
 40.61, 36.76
 40.89, 36.56
 41.11, 36.37
 41.37, 36.18
 41.67, 35.95
 41.90, 35.75
 42.19, 35.51
 42.45, 35.26
 42.73, 35.04
 43.00, 34.80
 43.28, 34.52
 43.56, 34.25
 43.83, 33.96
 44.10, 33.69
 44.35, 33.41
 44.62, 33.12
 44.89, 32.80
 45.13, 32.49
 45.37, 32.19
 45.64, 31.85
 45.86, 31.54
 46.08, 31.20
 46.31, 30.87
 46.52, 30.55
 46.75, 30.20
 46.94, 29.88
 47.13, 29.52
 47.31, 29.17
 47.48, 28.84
 47.66, 28.50
 47.81, 28.16
 47.93, 27.82
 48.08, 27.48
 48.21, 27.14
 48.31, 26.79
 48.41, 26.47
 48.49, 26.12
 48.57, 25.79
 48.64, 25.48
 48.69, 25.12
 48.74, 24.83
 48.77, 24.49
 48.78, 24.16
 48.79, 23.86
 48.82, 23.53
 48.79, 23.23
 48.78, 22.91
 48.74, 22.62
 48.72, 22.32
 48.64, 22.02
 48.61, 21.73
 48.51, 21.42
 48.43, 21.15
 48.35, 20.85
 48.25, 20.57
 48.14, 20.32
 48.03, 20.03
 47.88, 19.78
 47.76, 19.51
 47.62, 19.25
 47.47, 19.02
 47.32, 18.76
 47.17, 18.50
 46.98, 18.24
 46.81, 18.03
 46.65, 17.79
 46.45, 17.56
 46.27, 17.33
 46.08, 17.11
 45.89, 16.89
 45.68, 16.68
 45.48, 16.46
 45.28, 16.26
 45.10, 16.07
 44.89, 15.88
 44.69, 15.70
 44.48, 15.53
 44.29, 15.36
 44.09, 15.17
 43.89, 15.03
 43.70, 14.90
 43.51, 14.72
 43.33, 14.58
 43.16, 14.45
 42.99, 14.29
 42.82, 14.17
 42.67, 14.05
 42.53, 13.93
 42.40, 13.82
 42.25, 13.68
 42.15, 13.60
 42.04, 13.48
 41.94, 13.41
 41.88, 13.31
 41.81, 13.22
 41.75, 13.17
 41.70, 13.10
 41.68, 13.03
 41.68, 12.98
 41.67, 12.96
 41.68, 12.90
 41.70, 12.88
 41.73, 12.85
 41.81, 12.83
 41.87, 12.82
 41.94, 12.83
 42.05, 12.84
 42.15, 12.88
 42.28, 12.90
 42.41, 12.96
 42.56, 12.99
 42.72, 13.05
 42.87, 13.13
 43.05, 13.20
 43.22, 13.31
 43.40, 13.39
 43.61, 13.49
 43.81, 13.63
 44.03, 13.77
 44.24, 13.90
 44.46, 14.06
 44.69, 14.23
 44.91, 14.37
 45.13, 14.55
 45.37, 14.76
 45.60, 14.95
 45.84, 15.19
 46.10, 15.40
 46.33, 15.63
 46.56, 15.89
 46.78, 16.14
 47.04, 16.42
 47.28, 16.69
 47.52, 16.99
 47.74, 17.30
 47.96, 17.59
 48.19, 17.92
 48.40, 18.25
 48.59, 18.59
 48.82, 18.94
 49.00, 19.28
 49.17, 19.65
 49.35, 20.01
 49.53, 20.39
 49.71, 20.77
 49.85, 21.15
 50.02, 21.56
 50.14, 21.94
 50.27, 22.34
 50.38, 22.75
 50.49, 23.15
 50.60, 23.55
 50.69, 23.96
 50.76, 24.34
 50.85, 24.78
 50.90, 25.15
 50.94, 25.57
 50.99, 25.96
 51.01, 26.35
 51.03, 26.75
 51.02, 27.12
 51.03, 27.51
 51.02, 27.88
 50.97, 28.26
 50.96, 28.62
 50.91, 28.96
 50.85, 29.33
 50.79, 29.65
 50.70, 29.99
 50.63, 30.33
 50.53, 30.63
 50.41, 30.95
 50.31, 31.24
 50.18, 31.53
 50.03, 31.83
 49.91, 32.09
 49.74, 32.37
 49.59, 32.61
 49.40, 32.89
 49.23, 33.14
 49.04, 33.36
 48.83, 33.59
 48.63, 33.82
 48.43, 34.06
 48.21, 34.27
 47.99, 34.48
 47.74, 34.69
 47.52, 34.91
 47.27, 35.10
 47.02, 35.27
 46.75, 35.46
 46.49, 35.65
 46.24, 35.81
 45.94, 35.99
 45.70, 36.12
 45.41, 36.26
 45.11, 36.41
 44.83, 36.54
 44.54, 36.65
 44.27, 36.76
 43.96, 36.85
 43.69, 36.97
 43.42, 37.03
 43.14, 37.13
 42.86, 37.18
 42.57, 37.26
 42.30, 37.35
 42.02, 37.40
 41.76, 37.45
 41.48, 37.47
 41.22, 37.53
 40.96, 37.59
 40.72, 37.62
 40.45, 37.66
 40.20, 37.68
 39.96, 37.70
 39.70, 37.75
 39.51, 37.77
 39.27, 37.80
 39.05, 37.82
 38.87, 37.83
 38.67, 37.84
 38.48, 37.84
 38.30, 37.88
 38.13, 37.86
 37.98, 37.89
 37.84, 37.90
 37.72, 37.90
 37.59, 37.91
 37.50, 37.92
 37.39, 37.92
 37.31, 37.93
 37.26, 37.96
 37.22, 37.95
 37.19, 37.94
 37.17, 37.96
 37.18, 37.96
 37.20, 37.95
 37.26, 37.95
 37.29, 37.94
 37.36, 37.93
 37.45, 37.90
 37.54, 37.86
 37.66, 37.83
 37.79, 37.83
 37.93, 37.78
 38.07, 37.69
 38.25, 37.64
 38.44, 37.59
 38.64, 37.47
 38.85, 37.40
 39.08, 37.28
 39.34, 37.17
 39.58, 37.02
 39.84, 36.89
 40.09, 36.74
 40.37, 36.54
 40.63, 36.36
 40.91, 36.14
 41.21, 35.91
 41.46, 35.70
 41.75, 35.44
 42.00, 35.17
 42.28, 34.88
 42.54, 34.59
 42.81, 34.28
 43.07, 33.95
 43.33, 33.62
 43.58, 33.27
 43.83, 32.91
 44.09, 32.57
 44.34, 32.18
 44.58, 31.82
 44.82, 31.44
 45.06, 31.05
 45.27, 30.68
 45.51, 30.26
 45.72, 29.89
 45.93, 29.48
 46.10, 29.11
 46.28, 28.72
 46.47, 28.31
 46.60, 27.95
 46.74, 27.55
 46.90, 27.16
 47.04, 26.79
 47.14, 26.37
 47.26, 26.03
 47.36, 25.64
 47.46, 25.26
 47.54, 24.89
 47.59, 24.51
 47.67, 24.16
 47.71, 23.78
 47.77, 23.40
 47.79, 23.06
 47.80, 22.67
 47.82, 22.33
 47.82, 21.99
 47.82, 21.63
 47.81, 21.31
 47.78, 20.94
 47.76, 20.63
 47.70, 20.29
 47.65, 19.97
 47.60, 19.66
 47.52, 19.36
 47.44, 19.05
 47.36, 18.74
 47.25, 18.45
 47.15, 18.15
 47.02, 17.87
 46.90, 17.59
 46.77, 17.31
 46.65, 17.05
 46.50, 16.77
 46.33, 16.50
 46.19, 16.26
 46.01, 16.00
 45.84, 15.76
 45.67, 15.53
 45.47, 15.30
 45.30, 15.10
 45.12, 14.87
 44.91, 14.65
 44.72, 14.46
 44.52, 14.27
 44.35, 14.07
 44.14, 13.89
 43.95, 13.72
 43.76, 13.58
 43.58, 13.41
 43.39, 13.26
 43.19, 13.12
 43.05, 12.97
 42.87, 12.81
 42.74, 12.70
 42.59, 12.56
 42.45, 12.45
 42.33, 12.32
 42.21, 12.22
 42.11, 12.12
 42.05, 12.03
 41.97, 11.94
 41.91, 11.88
 41.85, 11.81
 41.83, 11.72
 41.79, 11.69
 41.78, 11.65
 41.76, 11.62
 41.78, 11.59
 41.82, 11.57
 41.84, 11.58
 41.90, 11.56
 41.97, 11.60
 42.07, 11.61
 42.17, 11.64
 42.28, 11.70
 42.39, 11.74
 42.53, 11.82
 42.68, 11.89
 42.83, 11.97
 42.99, 12.07
 43.16, 12.17
 43.34, 12.30
 43.50, 12.43
 43.69, 12.57
 43.87, 12.71
 44.06, 12.87
 44.24, 13.04
 44.44, 13.21
 44.64, 13.40
 44.82, 13.60
 45.02, 13.81
 45.22, 14.04
 45.41, 14.26
 45.61, 14.52
 45.79, 14.76
 46.00, 15.03
 46.18, 15.30
 46.36, 15.55
 46.55, 15.87
 46.71, 16.16
 46.89, 16.45
 47.07, 16.79
 47.23, 17.10
 47.38, 17.45
 47.54, 17.76
 47.69, 18.12
 47.82, 18.51
 47.95, 18.86
 48.09, 19.25
 48.21, 19.62
 48.32, 20.04
 48.43, 20.42
 48.50, 20.81
 48.59, 21.24
 48.66, 21.62
 48.73, 22.05
 48.78, 22.48
 48.82, 22.90
 48.88, 23.36
 48.88, 23.78
 48.90, 24.23
 48.90, 24.70
 48.89, 25.13
 48.89, 25.61
 48.86, 26.07
 48.81, 26.55
 48.77, 27.02
 48.69, 27.47
 48.63, 27.96
 48.55, 28.43
 48.43, 28.91
 48.33, 29.40
 48.21, 29.87
 48.08, 30.35
 47.94, 30.79
 47.78, 31.27
 47.62, 31.75
 47.44, 32.18
 47.24, 32.65
 47.03, 33.06
 46.81, 33.50
 46.59, 33.90
 46.34, 34.29
 46.09, 34.68
 45.85, 35.04
 45.54, 35.42
 45.24, 35.75
 44.98, 36.08
 44.65, 36.40
 44.35, 36.69
 44.00, 36.97
 43.66, 37.24
 43.33, 37.50
 42.97, 37.74
 42.61, 37.94
 42.23, 38.16
 41.87, 38.34
 41.48, 38.53
 41.11, 38.71
 40.73, 38.84
 40.31, 38.99
 39.90, 39.14
 39.52, 39.26
 39.08, 39.37
 38.69, 39.48
 38.27, 39.57
 37.87, 39.66
 37.45, 39.76
 37.05, 39.84
 36.69, 39.93
 36.27, 40.00
 35.90, 40.07
 35.55, 40.14
 35.19, 40.22
 34.85, 40.28
 34.54, 40.32
 34.25, 40.36
 34.00, 40.42
 33.73, 40.44
 33.53, 40.48
 33.34, 40.50
 33.19, 40.53
 33.05, 40.55
 32.95, 40.59
 32.87, 40.62
 32.79, 40.64
 32.71, 40.66
 32.65, 40.66
 32.60, 40.67
 32.56, 40.70
 32.53, 40.70
 32.56, 40.71
 32.54, 40.70
 32.59, 40.70
 32.65, 40.70
 32.70, 40.70
 32.77, 40.69
 32.85, 40.70
 32.95, 40.69
 33.07, 40.67
 33.22, 40.66
 33.33, 40.61
 33.48, 40.58
 33.64, 40.52
 33.80, 40.49
 33.97, 40.43
 34.18, 40.35
 34.34, 40.26
 34.59, 40.17
 34.77, 40.10
 35.05, 39.97
 35.28, 39.87
 35.54, 39.72
 35.83, 39.57
 36.09, 39.43
 36.38, 39.25
 36.73, 39.06
 37.01, 38.87
 37.34, 38.67
 37.65, 38.43
 37.96, 38.23
 38.31, 37.99
 38.63, 37.75
 38.96, 37.47
 39.30, 37.20
 39.62, 36.94
 39.95, 36.64
 40.26, 36.34
 40.61, 36.02
 40.93, 35.70
 41.26, 35.36
 41.58, 35.01
 41.90, 34.67
 42.23, 34.30
 42.53, 33.95
 42.84, 33.57
 43.15, 33.19
 43.43, 32.83
 43.72, 32.45
 44.01, 32.07
 44.27, 31.70
 44.55, 31.29
 44.79, 30.91
 45.03, 30.51
 45.26, 30.13
 45.48, 29.72
 45.68, 29.32
 45.88, 28.94
 46.08, 28.54
 46.25, 28.17
 46.41, 27.78
 46.57, 27.40
 46.70, 27.04
 46.84, 26.64
 46.94, 26.29
 47.05, 25.91
 47.15, 25.54
 47.23, 25.18
 47.31, 24.83
 47.37, 24.49
 47.42, 24.14
 47.46, 23.80
 47.49, 23.48
 47.50, 23.13
 47.51, 22.81
 47.50, 22.48
 47.48, 22.17
 47.44, 21.87
 47.41, 21.56
 47.36, 21.26
 47.29, 20.96
 47.21, 20.65
 47.13, 20.39
 47.03, 20.08
 46.93, 19.80
 46.81, 19.53
 46.67, 19.24
 46.55, 18.98
 46.38, 18.70
 46.23, 18.45
 46.07, 18.17
 45.89, 17.93
 45.69, 17.69
 45.49, 17.42
 45.30, 17.18
 45.09, 16.94
 44.87, 16.71
 44.67, 16.50
 44.42, 16.25
 44.21, 16.04
 43.96, 15.84
 43.73, 15.63
 43.51, 15.44
 43.28, 15.25
 43.08, 15.09
 42.85, 14.92
 42.64, 14.74
 42.44, 14.59
 42.24, 14.45
 42.09, 14.31
 41.91, 14.20
 41.76, 14.06
 41.63, 13.95
 41.49, 13.85
 41.39, 13.77
 41.31, 13.69
 41.23, 13.62
 41.17, 13.56
 41.13, 13.49
 41.09, 13.47
 41.09, 13.45
 41.07, 13.42
 41.10, 13.42
 41.12, 13.43
 41.18, 13.45
 41.23, 13.48
 41.32, 13.53
 41.41, 13.58
 41.51, 13.66
 41.62, 13.75
 41.75, 13.84
 41.88, 13.95
 42.03, 14.06
 42.20, 14.23
 42.35, 14.34
 42.52, 14.50
 42.70, 14.69
 42.87, 14.88
 43.06, 15.07
 43.25, 15.28
 43.43, 15.50
 43.62, 15.73
 43.82, 15.98
 44.01, 16.22
 44.17, 16.49
 44.37, 16.78
 44.57, 17.07
 44.72, 17.35
 44.91, 17.66
 45.07, 17.95
 45.24, 18.29
 45.41, 18.62
 45.55, 18.96
 45.71, 19.31
 45.84, 19.65
 45.99, 20.03
 46.10, 20.39
 46.21, 20.74
 46.33, 21.15
 46.42, 21.53
 46.50, 21.92
 46.59, 22.33
 46.65, 22.71
 46.71, 23.12
 46.75, 23.53
 46.80, 23.96
 46.83, 24.39
 46.82, 24.79
 46.83, 25.23
 46.82, 25.63
 46.81, 26.05
 46.77, 26.48
 46.71, 26.90
 46.64, 27.31
 46.59, 27.71
 46.49, 28.11
 46.39, 28.50
 46.28, 28.87
 46.16, 29.26
 46.04, 29.59
 45.91, 29.94
 45.74, 30.26
 45.60, 30.56
 45.40, 30.89
 45.24, 31.18
 45.06, 31.44
 44.85, 31.71
 44.65, 31.99
 44.45, 32.23
 44.24, 32.47
 44.00, 32.73
 43.80, 32.94
 43.55, 33.16
 43.31, 33.37
 43.07, 33.57
 42.81, 33.77
 42.56, 33.98
 42.31, 34.14
 42.03, 34.31
 41.79, 34.47
 41.51, 34.64
 41.28, 34.78
 41.02, 34.95
 40.74, 35.11
 40.50, 35.27
 40.24, 35.42
 40.00, 35.57
 39.76, 35.74
 39.50, 35.89
 39.26, 36.05
 39.02, 36.19
 38.80, 36.34
 38.56, 36.48
 38.32, 36.64
 38.07, 36.80
 37.85, 36.95
 37.60, 37.10
 37.38, 37.24
 37.13, 37.40
 36.90, 37.51
 36.65, 37.68
 36.46, 37.80
 36.21, 37.92
 36.00, 38.04
 35.79, 38.16
 35.57, 38.26
 35.37, 38.37
 35.20, 38.47
 35.01, 38.55
 34.85, 38.65
 34.70, 38.74
 34.54, 38.84
 34.43, 38.93
 34.33, 38.99
 34.26, 39.05
 34.18, 39.14
 34.11, 39.19
 34.07, 39.24
 34.07, 39.29
 34.07, 39.34
 34.05, 39.35
 34.08, 39.38
 34.09, 39.38
 34.17, 39.38
 34.26, 39.38
 34.34, 39.36
 34.45, 39.35
 34.56, 39.31
 34.72, 39.27
 34.85, 39.20
 35.04, 39.17
 35.23, 39.10
 35.42, 39.03
 35.63, 38.96
 35.84, 38.86
 36.08, 38.74
 36.34, 38.67
 36.57, 38.53
 36.83, 38.39
 37.10, 38.27
 37.37, 38.09
 37.67, 37.94
 37.93, 37.77
 38.21, 37.57
 38.49, 37.38
 38.79, 37.15
 39.07, 36.92
 39.35, 36.69
 39.66, 36.41
 39.94, 36.16
 40.23, 35.87
 40.53, 35.59
 40.81, 35.29
 41.10, 34.98
 41.39, 34.67
 41.68, 34.34
 41.97, 34.01
 42.24, 33.69
 42.50, 33.35
 42.79, 33.01
 43.05, 32.65
 43.28, 32.31
 43.53, 31.98
 43.79, 31.60
 44.01, 31.25
 44.22, 30.89
 44.43, 30.55
 44.62, 30.16
 44.82, 29.79
 44.97, 29.46
 45.15, 29.10
 45.28, 28.73
 45.41, 28.39
 45.54, 28.03
 45.66, 27.70
 45.76, 27.35
 45.87, 26.99
 45.96, 26.67
 46.03, 26.31
 46.09, 25.98
 46.15, 25.63
 46.18, 25.31
 46.22, 24.97
 46.25, 24.65
 46.26, 24.32
 46.27, 23.98
 46.26, 23.67
 46.25, 23.35
 46.21, 23.07
 46.17, 22.75
 46.15, 22.45
 46.10, 22.14
 46.02, 21.83
 45.97, 21.55
 45.89, 21.28
 45.79, 20.98
 45.70, 20.71
 45.61, 20.45
 45.50, 20.16
 45.39, 19.90
 45.27, 19.64
 45.14, 19.41
 45.01, 19.15
 44.88, 18.90
 44.73, 18.67
 44.58, 18.41
 44.44, 18.17
 44.26, 17.95
 44.11, 17.73
 43.93, 17.52
 43.77, 17.29
 43.59, 17.09
 43.40, 16.89
 43.22, 16.69
 43.05, 16.50
 42.86, 16.29
 42.69, 16.11
 42.51, 15.95
 42.31, 15.76
 42.15, 15.58
 41.96, 15.41
 41.78, 15.24
 41.62, 15.10
 41.44, 14.93
 41.30, 14.80
 41.13, 14.68
 40.98, 14.55
 40.86, 14.44
 40.70, 14.31
 40.57, 14.23
 40.45, 14.13
 40.35, 14.05
 40.27, 13.96
 40.19, 13.88
 40.12, 13.83
 40.05, 13.77
 40.00, 13.73
 39.98, 13.68
 39.93, 13.64
 39.92, 13.62
 39.92, 13.62
 39.95, 13.62
 39.99, 13.62
 40.03, 13.62
 40.10, 13.66
 40.14, 13.66
 40.23, 13.70
 40.33, 13.78
 40.44, 13.82
 40.54, 13.88
 40.66, 13.99
 40.79, 14.06
 40.91, 14.15
 41.07, 14.26
 41.22, 14.35
 41.38, 14.49
 41.53, 14.64
 41.69, 14.74
 41.87, 14.91
 42.05, 15.08
 42.22, 15.23
 42.39, 15.42
 42.58, 15.58
 42.76, 15.78
 42.95, 16.00
 43.15, 16.21
 43.33, 16.42
 43.50, 16.65
 43.70, 16.88
 43.86, 17.10
 44.05, 17.38
 44.24, 17.62
 44.39, 17.89
 44.57, 18.16
 44.73, 18.41
 44.90, 18.72
 45.03, 18.98
 45.17, 19.25
 45.34, 19.55
 45.46, 19.84
 45.59, 20.13
 45.72, 20.42
 45.83, 20.71
 45.95, 21.01
 46.05, 21.29
 46.16, 21.59
 46.27, 21.87
 46.37, 22.16
 46.47, 22.45
 46.55, 22.73
 46.63, 23.02
 46.72, 23.31
 46.79, 23.58
 46.87, 23.87
 46.92, 24.14
 46.99, 24.42
 47.05, 24.70
 47.09, 24.97
 47.14, 25.26
 47.17, 25.51
 47.19, 25.81
 47.22, 26.07
 47.25, 26.33
 47.25, 26.60
 47.25, 26.84
 47.27, 27.11
 47.27, 27.35
 47.25, 27.59
 47.26, 27.87
 47.25, 28.10
 47.22, 28.35
 47.19, 28.61
 47.14, 28.85
 47.09, 29.10
 47.02, 29.33
 46.96, 29.59
 46.90, 29.82
 46.81, 30.07
 46.71, 30.30
 46.60, 30.52
 46.51, 30.78
 46.40, 31.01
 46.30, 31.25
 46.18, 31.48
 46.06, 31.69
 45.93, 31.94
 45.80, 32.16
 45.65, 32.39
 45.50, 32.63
 45.36, 32.85
 45.17, 33.09
 45.01, 33.32
 44.82, 33.55
 44.64, 33.80
 44.43, 34.02
 44.21, 34.28
 44.01, 34.50
 43.79, 34.73
 43.59, 34.99
 43.36, 35.22
 43.11, 35.47
 42.87, 35.70
 42.64, 35.94
 42.39, 36.17
 42.16, 36.40
 41.87, 36.62
 41.64, 36.80
 41.37, 36.99
 41.09, 37.20
 40.85, 37.36
 40.56, 37.54
 40.30, 37.68
 40.01, 37.81
 39.70, 37.95
 39.42, 38.08
 39.14, 38.21
 38.85, 38.28
 38.59, 38.38
 38.30, 38.50
 38.04, 38.53
 37.78, 38.59
 37.57, 38.69
 37.33, 38.72
 37.14, 38.78
 36.97, 38.83
 36.81, 38.88
 36.67, 38.92
 36.56, 38.95
 36.48, 38.99
 36.41, 39.05
 36.37, 39.09
 36.36, 39.11
 36.36, 39.16
 36.37, 39.17
 36.40, 39.18
 36.46, 39.22
 36.51, 39.23
 36.59, 39.24
 36.68, 39.26
 36.78, 39.26
 36.88, 39.25
 36.99, 39.23
 37.11, 39.24
 37.23, 39.20
 37.35, 39.18
 37.51, 39.15
 37.66, 39.09
 37.82, 39.05
 38.01, 38.96
 38.19, 38.92
 38.37, 38.81
 38.59, 38.74
 38.77, 38.63
 39.01, 38.51
 39.23, 38.40
 39.49, 38.26
 39.74, 38.11
 39.97, 37.97
 40.26, 37.80
 40.50, 37.63
 40.80, 37.43
 41.09, 37.23
 41.35, 37.01
 41.67, 36.79
 41.93, 36.57
 42.23, 36.33
 42.53, 36.07
 42.81, 35.79
 43.10, 35.50
 43.40, 35.24
 43.69, 34.93
 43.97, 34.62
 44.27, 34.32
 44.56, 33.98
 44.83, 33.64
 45.10, 33.28
 45.38, 32.93
 45.62, 32.58
 45.87, 32.20
 46.09, 31.84
 46.33, 31.46
 46.53, 31.10
 46.74, 30.73
 46.95, 30.33
 47.09, 29.98
 47.26, 29.59
 47.42, 29.21
 47.55, 28.83
 47.67, 28.44
 47.79, 28.06
 47.88, 27.67
 47.95, 27.30
 48.01, 26.92
 48.06, 26.54
 48.11, 26.16
 48.14, 25.80
 48.14, 25.42
 48.15, 25.06
 48.13, 24.67
 48.11, 24.32
 48.07, 23.95
 48.03, 23.60
 47.97, 23.26
 47.89, 22.89
 47.80, 22.55
 47.70, 22.21
 47.60, 21.86
 47.46, 21.53
 47.32, 21.18
 47.18, 20.87
 47.00, 20.54
 46.85, 20.23
 46.67, 19.92
 46.47, 19.62
 46.30, 19.35
 46.10, 19.05
 45.89, 18.78
 45.67, 18.52
 45.46, 18.24
 45.24, 18.00
 45.00, 17.73
 44.77, 17.50
 44.53, 17.28
 44.28, 17.05
 44.05, 16.84
 43.82, 16.62
 43.60, 16.46
 43.37, 16.27
 43.15, 16.09
 42.94, 15.97
 42.72, 15.81
 42.52, 15.66
 42.32, 15.55
 42.13, 15.41
 41.96, 15.33
 41.78, 15.21
 41.64, 15.14
 41.51, 15.03
 41.37, 14.94
 41.26, 14.90
 41.16, 14.85
 41.09, 14.78
 41.04, 14.73
 40.98, 14.70
 40.97, 14.68
 40.95, 14.65
 40.95, 14.65
 40.97, 14.66
 41.01, 14.67
 41.09, 14.68
 41.14, 14.71
 41.22, 14.73
 41.32, 14.78
 41.45, 14.86
 41.57, 14.92
 41.73, 15.00
 41.88, 15.10
 42.05, 15.19
 42.20, 15.32
 42.40, 15.42
 42.58, 15.57
 42.77, 15.72
 42.97, 15.86
 43.18, 16.02
 43.39, 16.20
 43.60, 16.40
 43.83, 16.61
 44.04, 16.82
 44.26, 17.05
 44.47, 17.28
 44.68, 17.50
 44.88, 17.74
 45.09, 18.01
 45.30, 18.27
 45.49, 18.56
 45.68, 18.84
 45.89, 19.12
 46.08, 19.43
 46.25, 19.75
 46.43, 20.06
 46.59, 20.38
 46.76, 20.72
 46.89, 21.04
 47.02, 21.39
 47.15, 21.73
 47.26, 22.09
 47.35, 22.44
 47.45, 22.79
 47.52, 23.17
 47.60, 23.52
 47.67, 23.90
 47.71, 24.26
 47.74, 24.64
 47.77, 25.04
 47.78, 25.41
 47.79, 25.81
 47.80, 26.19
 47.77, 26.59
 47.72, 27.00
 47.69, 27.40
 47.62, 27.83
 47.55, 28.22
 47.47, 28.64
 47.36, 29.07
 47.26, 29.48
 47.14, 29.92
 47.00, 30.36
 46.85, 30.77
 46.70, 31.22
 46.53, 31.65
 46.35, 32.09
 46.18, 32.50
 45.98, 32.95
 45.77, 33.40
 45.56, 33.82
 45.33, 34.27
 45.08, 34.71
 44.83, 35.14
 44.58, 35.59
 44.31, 35.99
 44.01, 36.43
 43.74, 36.82
 43.42, 37.23
 43.10, 37.60
 42.79, 37.97
 42.43, 38.32
 42.09, 38.66
 41.71, 38.97
 41.32, 39.28
 40.95, 39.55
 40.54, 39.80
 40.15, 40.01
 39.75, 40.22
 39.30, 40.39
 38.91, 40.54
 38.43, 40.69
 38.00, 40.83
 37.54, 40.94
 37.10, 41.04
 36.65, 41.11
 36.18, 41.18
 35.75, 41.23
 35.30, 41.26
 34.84, 41.31
 34.45, 41.33
 34.04, 41.34
 33.68, 41.36
 33.32, 41.35
 32.98, 41.33
 32.72, 41.31
 32.43, 41.32
 32.16, 41.32
 32.01, 41.31
 31.87, 41.34
 31.76, 41.35
 31.73, 41.38
 31.62, 41.42
 31.69, 41.45
 31.73, 41.51
 31.76, 41.52
 31.81, 41.56
 31.88, 41.58
 31.92, 41.57
 31.99, 41.60
 32.04, 41.58
 32.08, 41.58
 32.17, 41.57
 32.21, 41.54
 32.27, 41.53
 32.37, 41.52
 32.46, 41.48
 32.52, 41.46
 32.66, 41.44
 32.77, 41.41
 32.92, 41.38
 33.07, 41.33
 33.24, 41.28
 33.42, 41.24
 33.60, 41.20
 33.80, 41.11
 34.03, 41.04
 34.26, 40.98
 34.50, 40.90
 34.76, 40.79
 34.99, 40.68
 35.28, 40.57
 35.57, 40.43
 35.80, 40.31
 36.14, 40.15
 36.41, 40.01
 36.70, 39.86
 37.00, 39.69
 37.32, 39.50
 37.66, 39.27
 37.97, 39.07
 38.33, 38.86
 38.65, 38.62
 39.00, 38.38
 39.33, 38.10
 39.66, 37.84
 39.99, 37.57
 40.31, 37.27
 40.63, 36.95
 40.97, 36.63
 41.27, 36.31
 41.57, 35.99
 41.88, 35.64
 42.14, 35.32
 42.44, 34.95
 42.71, 34.60
 42.99, 34.22
 43.23, 33.87
 43.49, 33.50
 43.74, 33.10
 43.94, 32.75
 44.16, 32.36
 44.38, 31.98
 44.57, 31.60
 44.77, 31.18
 44.93, 30.83
 45.11, 30.40
 45.24, 30.02
 45.40, 29.63
 45.52, 29.22
 45.64, 28.85
 45.74, 28.45
 45.83, 28.07
 45.90, 27.67
 45.99, 27.28
 46.03, 26.90
 46.09, 26.52
 46.12, 26.12
 46.15, 25.74
 46.16, 25.34
 46.16, 24.98
 46.16, 24.57
 46.11, 24.19
 46.10, 23.81
 46.06, 23.44
 46.00, 23.07
 45.92, 22.67
 45.86, 22.31
 45.78, 21.94
 45.66, 21.56
 45.55, 21.21
 45.44, 20.86
 45.28, 20.50
 45.14, 20.16
 45.00, 19.82
 44.82, 19.47
 44.65, 19.15
 44.47, 18.83
 44.28, 18.51
 44.07, 18.18
 43.88, 17.89
 43.67, 17.56
 43.47, 17.27
 43.22, 16.96
 42.97, 16.66
 42.74, 16.40
 42.50, 16.09
 42.27, 15.85
 41.99, 15.59
 41.76, 15.36
 41.52, 15.14
 41.24, 14.92
 41.00, 14.71
 40.77, 14.50
 40.52, 14.29
 40.29, 14.13
 40.06, 13.96
 39.84, 13.81
 39.64, 13.64
 39.44, 13.52
 39.25, 13.40
 39.10, 13.26
 38.95, 13.17
 38.81, 13.04
 38.70, 12.97
 38.60, 12.91
 38.52, 12.82
 38.49, 12.78
 38.47, 12.74
 38.45, 12.72
 38.47, 12.71
 38.50, 12.70
 38.54, 12.70
 38.61, 12.73
 38.70, 12.75
 38.80, 12.79
 38.93, 12.84
 39.06, 12.91
 39.21, 12.98
 39.36, 13.05
 39.56, 13.16
 39.70, 13.26
 39.90, 13.39
 40.11, 13.49
 40.31, 13.64
 40.52, 13.80
 40.73, 13.96
 40.94, 14.11
 41.16, 14.30
 41.38, 14.50
 41.61, 14.69
 41.85, 14.91
 42.07, 15.13
 42.31, 15.36
 42.55, 15.61
 42.78, 15.86
 43.04, 16.12
 43.27, 16.40
 43.49, 16.66
 43.74, 16.96
 43.98, 17.26
 44.22, 17.59
 44.45, 17.89
 44.66, 18.20
 44.89, 18.54
 45.11, 18.87
 45.32, 19.22
 45.51, 19.56
 45.71, 19.91
 45.90, 20.29
 46.08, 20.62
 46.26, 20.99
 46.42, 21.35
 46.58, 21.71
 46.74, 22.11
 46.87, 22.46
 46.99, 22.86
 47.12, 23.22
 47.23, 23.61
 47.33, 23.99
 47.41, 24.38
 47.48, 24.75
 47.54, 25.13
 47.59, 25.50
 47.64, 25.90
 47.67, 26.26
 47.69, 26.64
 47.69, 27.01
 47.68, 27.37
 47.68, 27.75
 47.64, 28.11
 47.60, 28.48
 47.55, 28.84
 47.48, 29.20
 47.40, 29.58
 47.31, 29.92
 47.20, 30.29
 47.09, 30.63
 46.96, 30.98
 46.82, 31.33
 46.68, 31.66
 46.51, 31.99
 46.33, 32.31
 46.17, 32.62
 45.98, 32.92
 45.78, 33.22
 45.55, 33.51
 45.36, 33.80
 45.12, 34.07
 44.89, 34.34
 44.67, 34.62
 44.42, 34.86
 44.18, 35.11
 43.94, 35.34
 43.70, 35.59
 43.44, 35.79
 43.18, 36.02
 42.94, 36.24
 42.65, 36.42
 42.39, 36.61
 42.12, 36.80
 41.82, 36.99
 41.55, 37.17
 41.22, 37.32
 40.92, 37.46
 40.61, 37.62
 40.28, 37.79
 39.95, 37.91
 39.62, 38.06
 39.29, 38.18
 38.93, 38.29
 38.56, 38.45
 38.24, 38.54
 37.90, 38.65
 37.57, 38.75
 37.24, 38.82
 36.89, 38.91
 36.60, 38.96
 36.26, 38.99
 35.97, 39.03
 35.72, 39.06
 35.48, 39.11
 35.27, 39.12
 35.08, 39.16
 34.93, 39.20
 34.80, 39.20
 34.66, 39.25
 34.50, 39.28
 34.43, 39.31
 34.32, 39.36
 34.26, 39.39
 34.23, 39.46
 34.22, 39.49
 34.22, 39.57
 34.23, 39.62
 34.26, 39.63
 34.31, 39.69
 34.36, 39.76
 34.42, 39.82
 34.46, 39.86
 34.54, 39.88
 34.55, 39.93
 34.61, 39.96
 34.64, 39.96
 34.68, 39.99
 34.75, 40.01
 34.82, 39.99
 34.89, 40.01
 34.99, 39.99
 35.09, 39.97
 35.22, 39.94
 35.37, 39.91
 35.52, 39.88
 35.66, 39.83
 35.87, 39.77
 36.06, 39.71
 36.27, 39.64
 36.45, 39.57
 36.68, 39.50
 36.94, 39.42
 37.19, 39.30
 37.46, 39.16
 37.72, 39.04
 38.02, 38.90
 38.31, 38.74
 38.60, 38.57
 38.94, 38.39
 39.26, 38.21
 39.57, 37.97
 39.91, 37.77
 40.22, 37.51
 40.57, 37.25
 40.89, 36.98
 41.22, 36.71
 41.56, 36.39
 41.88, 36.08
 42.21, 35.75
 42.53, 35.42
 42.82, 35.05
 43.12, 34.71
 43.43, 34.35
 43.73, 33.95
 43.99, 33.56
 44.28, 33.17
 44.55, 32.76
 44.79, 32.38
 45.03, 31.95
 45.26, 31.55
 45.46, 31.14
 45.69, 30.72
 45.88, 30.30
 46.06, 29.88
 46.21, 29.47
 46.36, 29.05
 46.51, 28.61
 46.62, 28.22
 46.73, 27.80
 46.82, 27.39
 46.91, 26.99
 46.97, 26.57
 47.02, 26.17
 47.06, 25.76
 47.09, 25.38
 47.10, 24.98
 47.09, 24.59
 47.07, 24.22
 47.05, 23.83
 47.01, 23.47
 46.96, 23.09
 46.90, 22.72
 46.81, 22.35
 46.75, 21.99
 46.65, 21.65
 46.55, 21.30
 46.44, 20.94
 46.31, 20.61
 46.17, 20.27
 46.02, 19.97
 45.88, 19.62
 45.69, 19.32
 45.55, 19.02
 45.36, 18.67
 45.20, 18.39
 45.00, 18.11
 44.79, 17.83
 44.58, 17.55
 44.36, 17.27
 44.15, 17.02
 43.92, 16.74
 43.69, 16.50
 43.46, 16.25
 43.21, 16.02
 42.98, 15.80
 42.75, 15.56
 42.51, 15.35
 42.28, 15.15
 42.02, 14.94
 41.78, 14.73
 41.55, 14.56
 41.32, 14.38
 41.09, 14.24
 40.87, 14.06
 40.66, 13.92
 40.46, 13.80
 40.27, 13.65
 40.08, 13.55
 39.91, 13.43
 39.77, 13.38
 39.63, 13.29
 39.52, 13.20
 39.42, 13.16
 39.33, 13.10
 39.27, 13.06
 39.21, 13.02
 39.19, 12.99
 39.18, 12.98
 39.18, 12.98
 39.18, 12.98
 39.20, 12.98
 39.26, 13.01
 39.33, 13.04
 39.42, 13.10
 39.52, 13.15
 39.64, 13.20
 39.75, 13.28
 39.89, 13.38
 40.03, 13.46
 40.21, 13.57
 40.35, 13.68
 40.55, 13.83
 40.73, 13.97
 40.93, 14.10
 41.12, 14.27
 41.32, 14.45
 41.52, 14.65
 41.74, 14.82
 41.95, 15.03
 42.17, 15.23
 42.37, 15.49
 42.60, 15.75
 42.81, 15.98
 43.03, 16.23
 43.25, 16.51
 43.46, 16.79
 43.67, 17.08
 43.86, 17.38
 44.06, 17.70
 44.27, 18.01
 44.47, 18.33
 44.67, 18.68
 44.82, 19.00
 45.02, 19.36
 45.19, 19.69
 45.34, 20.06
 45.48, 20.42
 45.62, 20.77
 45.77, 21.16
 45.88, 21.54
 46.00, 21.92
 46.10, 22.31
 46.19, 22.68
 46.28, 23.09
 46.34, 23.46
 46.42, 23.84
 46.47, 24.23
 46.53, 24.61
 46.57, 25.00
 46.59, 25.36
 46.61, 25.74
 46.63, 26.11
 46.62, 26.48
 46.62, 26.85
 46.61, 27.20
 46.60, 27.58
 46.57, 27.94
 46.52, 28.27
 46.49, 28.63
 46.44, 28.96
 46.38, 29.30
 46.31, 29.65
 46.23, 29.96
 46.13, 30.28
 46.05, 30.60
 45.94, 30.92
 45.82, 31.23
 45.71, 31.52
 45.57, 31.81
 45.44, 32.09
 45.29, 32.38
 45.12, 32.66
 45.00, 32.91
 44.80, 33.18
 44.66, 33.43
 44.48, 33.70
 44.32, 33.98
 44.13, 34.24
 43.93, 34.50
 43.73, 34.73
 43.53, 35.00
 43.30, 35.26
 43.07, 35.50
 42.78, 35.76
 42.54, 36.00
 42.22, 36.25
 41.94, 36.51
 41.65, 36.73
 41.29, 36.95
 40.98, 37.19
 40.62, 37.43
 40.27, 37.66
 39.92, 37.85
 39.53, 38.07
 39.16, 38.29
 38.77, 38.48
 38.38, 38.70
 37.98, 38.89
 37.58, 39.09
 37.20, 39.26
 36.76, 39.43
 36.37, 39.62
 35.96, 39.75
 35.53, 39.93
 35.15, 40.10
 34.74, 40.23
 34.37, 40.33
 33.99, 40.46
 33.59, 40.54
 33.25, 40.65
 32.91, 40.73
 32.60, 40.80
 32.32, 40.86
 32.03, 40.93
 31.80, 40.97
 31.59, 41.02
 31.38, 41.05
 31.23, 41.11
 31.07, 41.13
 30.95, 41.17
 30.79, 41.19
 30.73, 41.19
 30.64, 41.22
 30.58, 41.24
 30.56, 41.27
 30.55, 41.27
 30.50, 41.27
 30.54, 41.30
 30.55, 41.31
 30.58, 41.31
 30.58, 41.32
 30.60, 41.33
 30.66, 41.32
 30.69, 41.31
 30.70, 41.29
 30.78, 41.29
 30.79, 41.26
 30.88, 41.21
 30.98, 41.20
 31.09, 41.18
 31.17, 41.11
 31.29, 41.08
 31.42, 41.02
 31.56, 40.96
 31.70, 40.92
 31.87, 40.85
 32.04, 40.80
 32.23, 40.72
 32.41, 40.64
 32.60, 40.56
 32.83, 40.48
 33.06, 40.40
 33.30, 40.30
 33.56, 40.19
 33.84, 40.10
 34.11, 39.95
 34.37, 39.86
 34.67, 39.71
 35.00, 39.55
 35.33, 39.43
 35.64, 39.24
 35.97, 39.07
 36.30, 38.88
 36.64, 38.68
 36.99, 38.49
 37.34, 38.27
 37.70, 38.04
 38.04, 37.84
 38.43, 37.58
 38.78, 37.32
 39.13, 37.03
 39.46, 36.74
 39.81, 36.48
 40.17, 36.14
 40.50, 35.86
 40.81, 35.53
 41.17, 35.18
 41.46, 34.86
 41.80, 34.50
 42.10, 34.15
 42.40, 33.79
 42.69, 33.40
 42.96, 33.04
 43.25, 32.67
 43.49, 32.29
 43.71, 31.91
 43.95, 31.51
 44.15, 31.15
 44.36, 30.74
 44.56, 30.35
 44.73, 29.98
 44.90, 29.58
 45.04, 29.19
 45.20, 28.81
 45.32, 28.40
 45.42, 28.04
 45.54, 27.62
 45.63, 27.26
 45.70, 26.87
 45.77, 26.48
 45.83, 26.10
 45.88, 25.71
 45.89, 25.35
 45.91, 24.95
 45.92, 24.60
 45.91, 24.20
 45.90, 23.85
 45.87, 23.51
 45.82, 23.13
 45.77, 22.80
 45.71, 22.45
 45.65, 22.10
 45.55, 21.77
 45.46, 21.42
 45.36, 21.10
 45.24, 20.76
 45.13, 20.43
 45.00, 20.12
 44.85, 19.81
 44.69, 19.48
 44.57, 19.19
 44.39, 18.89
 44.23, 18.60
 44.04, 18.31
 43.86, 18.03
 43.67, 17.74
 43.49, 17.50
 43.29, 17.25
 43.08, 16.97
 42.91, 16.74
 42.71, 16.52
 42.50, 16.30
 42.31, 16.09
 42.11, 15.90
 41.94, 15.73
 41.76, 15.56
 41.59, 15.38
 41.42, 15.22
 41.25, 15.09
 41.12, 14.95
 40.96, 14.85
 40.83, 14.73
 40.71, 14.62
 40.57, 14.51
 40.47, 14.43
 40.37, 14.34
 40.28, 14.29
 40.22, 14.24
 40.16, 14.16
 40.11, 14.10
 40.08, 14.07
 40.05, 14.06
 40.06, 14.05
 40.07, 14.03
 40.11, 14.04
 40.14, 14.05
 40.20, 14.06
 40.28, 14.07
 40.36, 14.11
 40.45, 14.17
 40.57, 14.25
 40.68, 14.29
 40.81, 14.37
 40.97, 14.48
 41.10, 14.57
 41.26, 14.69
 41.43, 14.80
 41.59, 14.94
 41.77, 15.10
 41.96, 15.22
 42.12, 15.42
 42.31, 15.58
 42.51, 15.76
 42.70, 15.96
 42.86, 16.16
 43.07, 16.38
 43.27, 16.62
 43.45, 16.83
 43.63, 17.07
 43.81, 17.30
 44.01, 17.56
 44.18, 17.82
 44.36, 18.10
 44.54, 18.37
 44.70, 18.68
 44.86, 18.97
 45.01, 19.27
 45.14, 19.57
 45.28, 19.89
 45.39, 20.20
 45.51, 20.50
 45.62, 20.82
 45.70, 21.14
 45.78, 21.46
 45.87, 21.77
 45.94, 22.09
 46.00, 22.41
 46.05, 22.69
 46.08, 23.04
 46.13, 23.33
 46.15, 23.65
 46.17, 23.96
 46.19, 24.26
 46.19, 24.58
 46.18, 24.85
 46.17, 25.15
 46.17, 25.46
 46.16, 25.73
 46.11, 26.03
 46.07, 26.31
 46.04, 26.59
 45.97, 26.88
 45.92, 27.15
 45.84, 27.45
 45.77, 27.73
 45.70, 28.01
 45.62, 28.28
